# Matter power spectrum P(k) at redshift z=0
# for k=1.06275e-05 to 537.834 h/Mpc,
# number of wavenumbers equal to 628
#    1:k (h/Mpc)              2:P (Mpc/h)^3        
       1.062751731485e-05       4.563620367486e+01 
       2.377066760304e-05       9.932198746574e+01 
       3.696183745703e-05       1.521391550260e+02 
       5.023798171468e-05       2.046366215219e+02 
       6.363669046477e-05       2.571330169405e+02 
       7.719653795630e-05       3.098711562548e+02 
       9.095744308956e-05       3.630614554381e+02 
       1.049610464652e-04       4.168998042881e+02 
       1.192511090035e-04       4.715768516088e+02 
       1.338739371823e-04       5.272836820372e+02 
       1.488788399361e-04       5.842159038278e+02 
       1.643186221737e-04       6.425768161813e+02 
       1.802501196255e-04       7.025802413471e+02 
       1.967347792420e-04       7.644531114244e+02 
       2.138392885043e-04       8.284379960565e+02 
       2.316362556040e-04       8.947956379483e+02 
       2.502049402892e-04       9.638074947956e+02 
       2.696320319709e-04       1.035778306214e+03 
       2.900124670960e-04       1.111038662147e+03 
       3.114502713885e-04       1.189947543067e+03 
       3.340594038823e-04       1.272894667292e+03 
       3.579645682147e-04       1.360302589957e+03 
       3.833019420125e-04       1.452628256540e+03 
       4.102197571613e-04       1.550363907927e+03 
       4.388786425460e-04       1.654036813347e+03 
       4.694516174882e-04       1.764207587413e+03 
       5.021236007956e-04       1.881466505558e+03 
       5.370902809794e-04       2.006427379018e+03 
       5.745561837576e-04       2.139718385131e+03 
       6.147317815280e-04       2.281969486372e+03 
       6.578295255731e-04       2.433795896509e+03 
       7.040587543763e-04       2.595778248189e+03 
       7.536195458255e-04       2.768439012096e+03 
       8.066957341371e-04       2.952216968441e+03 
       8.634474881110e-04       3.147441112929e+03 
       9.240040149906e-04       3.354305907218e+03 
       9.884570713149e-04       3.572851196575e+03 
       1.056855984938e-03       3.802948192166e+03 
       1.129204791610e-03       4.044294476298e+03 
       1.205461865781e-03       4.296418912775e+03 
       1.285542115896e-03       4.558695602178e+03 
       1.369321485441e-03       4.830366939212e+03 
       1.456643226157e-03       5.110571926688e+03 
       1.547325245602e-03       5.398377912074e+03 
       1.641167799292e-03       5.692811794238e+03 
       1.737960882708e-03       5.992889157770e+03 
       1.837490840006e-03       6.297639356373e+03 
       1.939545895951e-03       6.606125128848e+03 
       2.043920494837e-03       6.917458108220e+03 
       2.150418469919e-03       7.230809508570e+03 
       2.258855160039e-03       7.545415621103e+03 
       2.369058639712e-03       7.860580759332e+03 
       2.480870244225e-03       8.175677413707e+03 
       2.594144563424e-03       8.490144584065e+03 
       2.708749056879e-03       8.803480837953e+03 
       2.824563416617e-03       9.115245931958e+03 
       2.941478776655e-03       9.425052391683e+03 
       3.059396844056e-03       9.732560042674e+03 
       3.178229005476e-03       1.003747361580e+04 
       3.297895446462e-03       1.033953637471e+04 
       3.418324307898e-03       1.063852823633e+04 
       3.539450894359e-03       1.093425864231e+04 
       3.661216942219e-03       1.122656415431e+04 
       3.783569950486e-03       1.151530755459e+04 
       3.906462574100e-03       1.180037216036e+04 
       4.029852077304e-03       1.208166112501e+04 
       4.153699843475e-03       1.235909379991e+04 
       4.277970937103e-03       1.263260434568e+04 
       4.402633713366e-03       1.290214194763e+04 
       4.527659470755e-03       1.316766674878e+04 
       4.653022142328e-03       1.342914416776e+04 
       4.778698021514e-03       1.368655882773e+04 
       4.904665518641e-03       1.393987225878e+04 
       5.030904944732e-03       1.418912095891e+04 
       5.157398319469e-03       1.443429455921e+04 
       5.284129200512e-03       1.467532864705e+04 
       5.411082531704e-03       1.491236497369e+04 
       5.538244507950e-03       1.514528081761e+04 
       5.665602454829e-03       1.537419326107e+04 
       5.793144721209e-03       1.559910452157e+04 
       5.920860583369e-03       1.581995752274e+04 
       6.048740159282e-03       1.603686074968e+04 
       6.176774331888e-03       1.624978700845e+04 
       6.304954680341e-03       1.645879317244e+04 
       6.433273418315e-03       1.666392519940e+04 
       6.561723338563e-03       1.686516930312e+04 
       6.690297763060e-03       1.706259718903e+04 
       6.818990498074e-03       1.725621552695e+04 
       6.947795793660e-03       1.744609645018e+04 
       7.076708307064e-03       1.763223932109e+04 
       7.205723069646e-03       1.781468161861e+04 
       7.334835456926e-03       1.799347334277e+04 
       7.464041161431e-03       1.816864387240e+04 
       7.593336168054e-03       1.834023542713e+04 
       7.722716731668e-03       1.850828764067e+04 
       7.852179356748e-03       1.867281701656e+04 
       7.981720778828e-03       1.883389423409e+04 
       8.111337947576e-03       1.899153203031e+04 
       8.241028011361e-03       1.914577208052e+04 
       8.370788303134e-03       1.929665568003e+04 
       8.500616327529e-03       1.944421955050e+04 
       8.630509749034e-03       1.958850279483e+04 
       8.760466381163e-03       1.972954403400e+04 
       8.890484176511e-03       1.986737261717e+04 
       9.020561217625e-03       2.000202957760e+04 
       9.150695708611e-03       2.013355090629e+04 
       9.280885967411e-03       2.026197103196e+04 
       9.411130418692e-03       2.038732211610e+04 
       9.541427587293e-03       2.050964919543e+04 
       9.671776092178e-03       2.062897740975e+04 
       9.802174640855e-03       2.074533870476e+04 
       9.932622024223e-03       2.085877920742e+04 
       1.006311711180e-02       2.096932251958e+04 
       1.019365884734e-02       2.107700367401e+04 
       1.032424624470e-02       2.118184625503e+04 
       1.045487838411e-02       2.128392712874e+04 
       1.058555440865e-02       2.138321704557e+04 
       1.071627352100e-02       2.147978683814e+04 
       1.084703498043e-02       2.157365932522e+04 
       1.097783810000e-02       2.166486252295e+04 
       1.110868224398e-02       2.175343413905e+04 
       1.123956682540e-02       2.183939871591e+04 
       1.137049130385e-02       2.192279791692e+04 
       1.150145518338e-02       2.200365063915e+04 
       1.163245801056e-02       2.208199513292e+04 
       1.176349937267e-02       2.215785095567e+04 
       1.189457889605e-02       2.223126033932e+04 
       1.202569624455e-02       2.230223867272e+04 
       1.215685111803e-02       2.237082868982e+04 
       1.228804325109e-02       2.243704962983e+04 
       1.241927241176e-02       2.250094106836e+04 
       1.255053840035e-02       2.256251326008e+04 
       1.268184104841e-02       2.262180463713e+04 
       1.281318021767e-02       2.267885051020e+04 
       1.294455579916e-02       2.273366904536e+04 
       1.307596771233e-02       2.278628867300e+04 
       1.320741590423e-02       2.283673927686e+04 
       1.333890034883e-02       2.288504299580e+04 
       1.347042104627e-02       2.293123188234e+04 
       1.360197802228e-02       2.297532617537e+04 
       1.373357132760e-02       2.301733535804e+04 
       1.386520103742e-02       2.305733284890e+04 
       1.399686725090e-02       2.309529991346e+04 
       1.412857009076e-02       2.313127226599e+04 
       1.426030970283e-02       2.316529124332e+04 
       1.439208625572e-02       2.319735870579e+04 
       1.452389994046e-02       2.322750418944e+04 
       1.465575097020e-02       2.325576769232e+04 
       1.478763958000e-02       2.328215921126e+04 
       1.491956602653e-02       2.330670720270e+04 
       1.505153058789e-02       2.332943268856e+04 
       1.518353356345e-02       2.335036136812e+04 
       1.531557527370e-02       2.336951194631e+04 
       1.544765606009e-02       2.338691511247e+04 
       1.557977628498e-02       2.340259010934e+04 
       1.571193633154e-02       2.341656105020e+04 
       1.584413660372e-02       2.342883900844e+04 
       1.597637752621e-02       2.343946605578e+04 
       1.610865954442e-02       2.344845764313e+04 
       1.624098312452e-02       2.345582450788e+04 
       1.637334875347e-02       2.346160221011e+04 
       1.650575693909e-02       2.346580633146e+04 
       1.663820821009e-02       2.346845147042e+04 
       1.677070311622e-02       2.346957468112e+04 
       1.690324222835e-02       2.346918453033e+04 
       1.703582613862e-02       2.346730403609e+04 
       1.716845546056e-02       2.346397498620e+04 
       1.730113082931e-02       2.345916520567e+04 
       1.743385290176e-02       2.345295006121e+04 
       1.756662235675e-02       2.344531351033e+04 
       1.769943989533e-02       2.343629918595e+04 
       1.783230624097e-02       2.342592801891e+04 
       1.796522213982e-02       2.341419441284e+04 
       1.809818836094e-02       2.340113676293e+04 
       1.823120569668e-02       2.338677814210e+04 
       1.836427496290e-02       2.337113027138e+04 
       1.849739699930e-02       2.335418622678e+04 
       1.863057266981e-02       2.333603715059e+04 
       1.876380286288e-02       2.331662868084e+04 
       1.889708849190e-02       2.329601171340e+04 
       1.903043049556e-02       2.327419706492e+04 
       1.916382983826e-02       2.325122037745e+04 
       1.929728751055e-02       2.322706718248e+04 
       1.943080452952e-02       2.320180577971e+04 
       1.956438193934e-02       2.317541166506e+04 
       1.969802081166e-02       2.314790672436e+04 
       1.983172224612e-02       2.311930211300e+04 
       1.996548737092e-02       2.308962994401e+04 
       2.009931734325e-02       2.305892631058e+04 
       2.023321334993e-02       2.302718028865e+04 
       2.036717660795e-02       2.299447537070e+04 
       2.050120836502e-02       2.296067888637e+04 
       2.063530990024e-02       2.292595103230e+04 
       2.076948252469e-02       2.289024275704e+04 
       2.090372758212e-02       2.285358173450e+04 
       2.103804644957e-02       2.281601176759e+04 
       2.117244053810e-02       2.277753630490e+04 
       2.130691129350e-02       2.273812708185e+04 
       2.144146019703e-02       2.269784386838e+04 
       2.157608876620e-02       2.265670961660e+04 
       2.171079855553e-02       2.261467045726e+04 
       2.184559115738e-02       2.257187168874e+04 
       2.198046820279e-02       2.252821901604e+04 
       2.211543136233e-02       2.248378706574e+04 
       2.225048234703e-02       2.243849664069e+04 
       2.238562290927e-02       2.239244582413e+04 
       2.252085484373e-02       2.234570083173e+04 
       2.265617998839e-02       2.229813915317e+04 
       2.279160022552e-02       2.225000828501e+04 
       2.292711748273e-02       2.220092750958e+04 
       2.306273373404e-02       2.215126108410e+04 
       2.319845100102e-02       2.210090282259e+04 
       2.333427135386e-02       2.204985670423e+04 
       2.347019691262e-02       2.199817053873e+04 
       2.360622984841e-02       2.194580864869e+04 
       2.374237238465e-02       2.189281234668e+04 
       2.387862679837e-02       2.183926898409e+04 
       2.401499542153e-02       2.178509738773e+04 
       2.415148064238e-02       2.173029569428e+04 
       2.428808490692e-02       2.167495195617e+04 
       2.442481072034e-02       2.161902277349e+04 
       2.456166064854e-02       2.156258927144e+04 
       2.469863731965e-02       2.150557161535e+04 
       2.483574342572e-02       2.144802349301e+04 
       2.497298172427e-02       2.139001860520e+04 
       2.511035504012e-02       2.133141116214e+04 
       2.524786626707e-02       2.127242478045e+04 
       2.538551836978e-02       2.121290495991e+04 
       2.552331438564e-02       2.115292381796e+04 
       2.566125742671e-02       2.109249346500e+04 
       2.579935068177e-02       2.103161523467e+04 
       2.593759741836e-02       2.097032367046e+04 
       2.607600098495e-02       2.090863452695e+04 
       2.621456481319e-02       2.084647817603e+04 
       2.635329242017e-02       2.078401791228e+04 
       2.649218741080e-02       2.072108374881e+04 
       2.663125348033e-02       2.065779248113e+04 
       2.677049441680e-02       2.059415547049e+04 
       2.690991410377e-02       2.053020391346e+04 
       2.704951652297e-02       2.046584959445e+04 
       2.718930575715e-02       2.040117726562e+04 
       2.732928599303e-02       2.033622639219e+04 
       2.746946152427e-02       2.027090156952e+04 
       2.760983675465e-02       2.020537441417e+04 
       2.775041620129e-02       2.013951095443e+04 
       2.789120449802e-02       2.007317457229e+04 
       2.803220639888e-02       2.000688916877e+04 
       2.817342678171e-02       1.994021040349e+04 
       2.831487065194e-02       1.987323197371e+04 
       2.845654314645e-02       1.980609705179e+04 
       2.859844953760e-02       1.973863384295e+04 
       2.874059523746e-02       1.967102684498e+04 
       2.888298580213e-02       1.960314924110e+04 
       2.902562693626e-02       1.953509459847e+04 
       2.916852449773e-02       1.946675430180e+04 
       2.931168450259e-02       1.939831430396e+04 
       2.945511313004e-02       1.932966565056e+04 
       2.959881672777e-02       1.926085992451e+04 
       2.974280181738e-02       1.919185270330e+04 
       2.988707510016e-02       1.912274440675e+04 
       3.003164346293e-02       1.905339795423e+04 
       3.017651398432e-02       1.898394697680e+04 
       3.032169394109e-02       1.891437088321e+04 
       3.046719081492e-02       1.884464925542e+04 
       3.061301229936e-02       1.877479130279e+04 
       3.075916630710e-02       1.870489812956e+04 
       3.090566097754e-02       1.863481314634e+04 
       3.105250468477e-02       1.856463649266e+04 
       3.119970604575e-02       1.849434427285e+04 
       3.134727392900e-02       1.842398511566e+04 
       3.149521746356e-02       1.835359273379e+04 
       3.164354604839e-02       1.828306875159e+04 
       3.179226936224e-02       1.821244446508e+04 
       3.194139737389e-02       1.814179845896e+04 
       3.209094035291e-02       1.807106591277e+04 
       3.224090888090e-02       1.800027631635e+04 
       3.239131386325e-02       1.792945573952e+04 
       3.254216654147e-02       1.785856235639e+04 
       3.269347850613e-02       1.778768169520e+04 
       3.284526171034e-02       1.771676669875e+04 
       3.299752848396e-02       1.764576865022e+04 
       3.315029154851e-02       1.757476855042e+04 
       3.330356403273e-02       1.750371263399e+04 
       3.345735948904e-02       1.743271846896e+04 
       3.361169191074e-02       1.736162228114e+04 
       3.376657575010e-02       1.729062234507e+04 
       3.392202593742e-02       1.721954053163e+04 
       3.407805790108e-02       1.714842551068e+04 
       3.423468758856e-02       1.707740268798e+04 
       3.439193148870e-02       1.700635572243e+04 
       3.454980665507e-02       1.693523702591e+04 
       3.470833073063e-02       1.686423508768e+04 
       3.486752197376e-02       1.679323732838e+04 
       3.502739928570e-02       1.672221458293e+04 
       3.518798223958e-02       1.665123886941e+04 
       3.534929111103e-02       1.658028757827e+04 
       3.551134691058e-02       1.650932866639e+04 
       3.567417141796e-02       1.643839411297e+04 
       3.583778721838e-02       1.636755453475e+04 
       3.600221774096e-02       1.629666790946e+04 
       3.616748729946e-02       1.622586561162e+04 
       3.633362113556e-02       1.615510226617e+04 
       3.650064546466e-02       1.608431872720e+04 
       3.666858752468e-02       1.601365948804e+04 
       3.683747562781e-02       1.594292800565e+04 
       3.700733921563e-02       1.587232570509e+04 
       3.717820891777e-02       1.580174399381e+04 
       3.735011661440e-02       1.573120507575e+04 
       3.752309550283e-02       1.566064546526e+04 
       3.769718016866e-02       1.559018901534e+04 
       3.787240666162e-02       1.551976211994e+04 
       3.804881257682e-02       1.544936910569e+04 
       3.822643714148e-02       1.537900268640e+04 
       3.840532130791e-02       1.530865542740e+04 
       3.858550785313e-02       1.523836162332e+04 
       3.876704148571e-02       1.516813377116e+04 
       3.894996896050e-02       1.509792164249e+04 
       3.913433920194e-02       1.502773071985e+04 
       3.932020343673e-02       1.495758169665e+04 
       3.950761533667e-02       1.488746562180e+04 
       3.969663117274e-02       1.481736409218e+04 
       3.988730998129e-02       1.474729565691e+04 
       4.007971374372e-02       1.467724359389e+04 
       4.027390758078e-02       1.460719768182e+04 
       4.046995996301e-02       1.453718345141e+04 
       4.066794293898e-02       1.446716197107e+04 
       4.086793238307e-02       1.439714542944e+04 
       4.107000826484e-02       1.432712521676e+04 
       4.127425494230e-02       1.425711232283e+04 
       4.148076148158e-02       1.418708420190e+04 
       4.168962200593e-02       1.411706025055e+04 
       4.190093607727e-02       1.404697480058e+04 
       4.211480911396e-02       1.397688712555e+04 
       4.233135284894e-02       1.390674633723e+04 
       4.255068583297e-02       1.383659236506e+04 
       4.277293398840e-02       1.376634530871e+04 
       4.299823121935e-02       1.369607527302e+04 
       4.322672008564e-02       1.362572296940e+04 
       4.345855254818e-02       1.355523759218e+04 
       4.369389079504e-02       1.348478590709e+04 
       4.393290815895e-02       1.341409545383e+04 
       4.417579013823e-02       1.334337371614e+04 
       4.442273553524e-02       1.327249715849e+04 
       4.467395772890e-02       1.320148414451e+04 
       4.492968610010e-02       1.313031515447e+04 
       4.519016763229e-02       1.305896025254e+04 
       4.545566871324e-02       1.298741101900e+04 
       4.572647716847e-02       1.291569182896e+04 
       4.600290456225e-02       1.284373475907e+04 
       4.628528880863e-02       1.277152370190e+04 
       4.657399714300e-02       1.269903413321e+04 
       4.686942951388e-02       1.262625768633e+04 
       4.717202246677e-02       1.255313604545e+04 
       4.748225360590e-02       1.247967714604e+04 
       4.780064673717e-02       1.240584088228e+04 
       4.812777781741e-02       1.233154425791e+04 
       4.846428186168e-02       1.225682554378e+04 
       4.881086099344e-02       1.218160816319e+04 
       4.916829386416e-02       1.210582088053e+04 
       4.953744672074e-02       1.202940397807e+04 
       4.991928646443e-02       1.195233097926e+04 
       5.031489612789e-02       1.187458649431e+04 
       5.072549330128e-02       1.179597793718e+04 
       5.115245217162e-02       1.171650314478e+04 
       5.159733000906e-02       1.163609742592e+04 
       5.206189914974e-02       1.155458120731e+04 
       5.254818580000e-02       1.147181304016e+04 
       5.305851733654e-02       1.138772575056e+04 
       5.359558021708e-02       1.130207595294e+04 
       5.416249116473e-02       1.121474772034e+04 
       5.476288495416e-02       1.112544583877e+04 
       5.540102290257e-02       1.103382682037e+04 
       5.608192699664e-02       1.093959983125e+04 
       5.681154531513e-02       1.084223750507e+04 
       5.759695467372e-02       1.074124405808e+04 
       5.844660545453e-02       1.063581494323e+04 
       5.937060984026e-02       1.052504259066e+04 
       6.038106519957e-02       1.040764958649e+04 
       6.149238387573e-02       1.028191905856e+04 
       6.272156051254e-02       1.014570469879e+04 
       6.408823676716e-02       9.995978391732e+03 
       6.561431239260e-02       9.828799726110e+03 
       6.732271747719e-02       9.639087575289e+03 
       6.923489297029e-02       9.420665373675e+03 
       7.136674791480e-02       9.166759926722e+03 
       7.372366601559e-02       8.871208509049e+03 
       7.629645484402e-02       8.530546865146e+03 
       7.906089138904e-02       8.146261666200e+03 
       8.198213748077e-02       7.726120791030e+03 
       8.502215336057e-02       7.283642834055e+03 
       8.814640095975e-02       6.835804393835e+03 
       9.132741404366e-02       6.400099904535e+03 
       9.454530483187e-02       5.991874193559e+03 
       9.778656484116e-02       5.622699886871e+03 
       1.010423967737e-01       5.299524859174e+03 
       1.043072237225e-01       5.024858768531e+03 
       1.075775695100e-01       4.797139497713e+03 
       1.108512898542e-01       4.611662458846e+03 
       1.141270704188e-01       4.461367402739e+03 
       1.174041086199e-01       4.337684685791e+03 
       1.206819154224e-01       4.231461662024e+03 
       1.239601931659e-01       4.133717292735e+03 
       1.272387607309e-01       4.036448276584e+03 
       1.305175078745e-01       3.933275396739e+03 
       1.337963674302e-01       3.819947540590e+03 
       1.370752984053e-01       3.694586180996e+03 
       1.403542757127e-01       3.557594783286e+03 
       1.436332839346e-01       3.411340285658e+03 
       1.469123135368e-01       3.259591674939e+03 
       1.501913585694e-01       3.106890051064e+03 
       1.534704152702e-01       2.957887376792e+03 
       1.567494812169e-01       2.816818541723e+03 
       1.600285548108e-01       2.687073813800e+03 
       1.633076349627e-01       2.570952766636e+03 
       1.665867209018e-01       2.469574290531e+03 
       1.698658120587e-01       2.382904478065e+03 
       1.731449079934e-01       2.309894545009e+03 
       1.764240083515e-01       2.248683561959e+03 
       1.797031128366e-01       2.196829472565e+03 
       1.829822211932e-01       2.151586700628e+03 
       1.862613331956e-01       2.110186878932e+03 
       1.895404486415e-01       2.070547569685e+03 
       1.928195673465e-01       2.029775274267e+03 
       1.960986891414e-01       1.986161085278e+03 
       1.993778138698e-01       1.938661141369e+03 
       2.026569413867e-01       1.886988401352e+03 
       2.059360715568e-01       1.831569298468e+03 
       2.092152042538e-01       1.773389254584e+03 
       2.124943393595e-01       1.713777423485e+03 
       2.157734767630e-01       1.654244481692e+03 
       2.190526163601e-01       1.596223442502e+03 
       2.223317580532e-01       1.540944417113e+03 
       2.256109017500e-01       1.489383170021e+03 
       2.288900473637e-01       1.442192418217e+03 
       2.321691948127e-01       1.399703762501e+03 
       2.354483440197e-01       1.361936816834e+03 
       2.387274949117e-01       1.328613186728e+03 
       2.420066474197e-01       1.299201061854e+03 
       2.452858014786e-01       1.272969259243e+03 
       2.485649570265e-01       1.249051413448e+03 
       2.518441140049e-01       1.226566269980e+03 
       2.551232723583e-01       1.204667040833e+03 
       2.584024320340e-01       1.182658539217e+03 
       2.616815929820e-01       1.160009059999e+03 
       2.649607551548e-01       1.136396958391e+03 
       2.682399185072e-01       1.111714381545e+03 
       2.715190829961e-01       1.086017916826e+03 
       2.747982485807e-01       1.059528649354e+03 
       2.780774152219e-01       1.032597475416e+03 
       2.813565828827e-01       1.005653815104e+03 
       2.846357515275e-01       9.791520601250e+02 
       2.879149211226e-01       9.535381526712e+02 
       2.911940916356e-01       9.291813432423e+02 
       2.944732630358e-01       9.063470589425e+02 
       2.977524352936e-01       8.851737857721e+02 
       3.010316083810e-01       8.656755650576e+02 
       3.043107822708e-01       8.477607511974e+02 
       3.075899569374e-01       8.312532684623e+02 
       3.108691323560e-01       8.159235257360e+02 
       3.141483085029e-01       8.015160136590e+02 
       3.174274853555e-01       7.877639206686e+02 
       3.207066628920e-01       7.744134113086e+02 
       3.239858410915e-01       7.612235768654e+02 
       3.272650199340e-01       7.480128950767e+02 
       3.305441994003e-01       7.346506682249e+02 
       3.338233794719e-01       7.210694938948e+02 
       3.371025601311e-01       7.072775045711e+02 
       3.403817413607e-01       6.933354149320e+02 
       3.436609231444e-01       6.793480089979e+02 
       3.469401054664e-01       6.654412175520e+02 
       3.502192883114e-01       6.517456305332e+02 
       3.534984716650e-01       6.383847877455e+02 
       3.567776555130e-01       6.254620018019e+02 
       3.600568398417e-01       6.130627254492e+02 
       3.633360246383e-01       6.012455406200e+02 
       3.666152098899e-01       5.900353923718e+02 
       3.698943955846e-01       5.794308264363e+02 
       3.731735817105e-01       5.693943718040e+02 
       3.764527682563e-01       5.598555442348e+02 
       3.797319552111e-01       5.507285348794e+02 
       3.830111425644e-01       5.419227899511e+02 
       3.862903303060e-01       5.333485599931e+02 
       3.895695184260e-01       5.249311031880e+02 
       3.928487069149e-01       5.166130027951e+02 
       3.961278957635e-01       5.083548458625e+02 
       3.994070849629e-01       5.001341797984e+02 
       4.026862745045e-01       4.919421741990e+02 
       4.059654643800e-01       4.837822139288e+02 
       4.092446545813e-01       4.756728592636e+02 
       4.125238451007e-01       4.676403442028e+02 
       4.158030359305e-01       4.597212995506e+02 
       4.190822270634e-01       4.519543393081e+02 
       4.223614184925e-01       4.443739797845e+02 
       4.256406102107e-01       4.370076481374e+02 
       4.289198022114e-01       4.298709233438e+02 
       4.321989944883e-01       4.229692920620e+02 
       4.354781870349e-01       4.162996666313e+02 
       4.387573798453e-01       4.098556902133e+02 
       4.420365729136e-01       4.036226226165e+02 
       4.453157662340e-01       3.975888848155e+02 
       4.485949598010e-01       3.917342322467e+02 
       4.518741536092e-01       3.860361816515e+02 
       4.551533476533e-01       3.804706628351e+02 
       4.584325419284e-01       3.750119631843e+02 
       4.617117364294e-01       3.696386785289e+02 
       4.649909311516e-01       3.643333650632e+02 
       4.682701260902e-01       3.590887688829e+02 
       4.715493212408e-01       3.539011284054e+02 
       4.748285165990e-01       3.487730611344e+02 
       4.781077121604e-01       3.437098875829e+02 
       4.813869079210e-01       3.387156952519e+02 
       4.846661038765e-01       3.337972650695e+02 
       4.879453000232e-01       3.289634815857e+02 
       4.912244963572e-01       3.242229279685e+02 
       4.945036928746e-01       3.195856942460e+02 
       4.977828895720e-01       3.150610029492e+02 
       5.010620864457e-01       3.106525102206e+02 
       5.043412834922e-01       3.063636221928e+02 
       5.076204807083e-01       3.021879084305e+02 
       5.108996780907e-01       2.981178591071e+02 
       5.141788756361e-01       2.941426032817e+02 
       5.174580733415e-01       2.902565062681e+02 
       5.207372712038e-01       2.864472531441e+02 
       5.240164692200e-01       2.827079250715e+02 
       5.272956673874e-01       2.790342583875e+02 
       5.305748657030e-01       2.754187529294e+02 
       5.338540641642e-01       2.718552803963e+02 
       5.371332627682e-01       2.683401546009e+02 
       5.404124615125e-01       2.648707668805e+02 
       5.436916603944e-01       2.614478062793e+02 
       5.469708594116e-01       2.580740974214e+02 
       5.502500585616e-01       2.547536155254e+02 
       5.535292578421e-01       2.514903021143e+02 
       5.568084572506e-01       2.482862841521e+02 
       5.600876567850e-01       2.451425125458e+02 
       5.633668564431e-01       2.420583625160e+02 
       5.666460562227e-01       2.390331534342e+02 
       5.699252561216e-01       2.360652850840e+02 
       5.732044561380e-01       2.331551888431e+02 
       5.764836562696e-01       2.303029210133e+02 
       5.797628565147e-01       2.275064122556e+02 
       5.830420568711e-01       2.247644933890e+02 
       5.863212573372e-01       2.220724412434e+02 
       5.896004579111e-01       2.194267771433e+02 
       5.928796585908e-01       2.168235548661e+02 
       5.961588593748e-01       2.142610457554e+02 
       5.994380602613e-01       2.117373984075e+02 
       6.027172612486e-01       2.092522043560e+02 
       6.059964623350e-01       2.068055789025e+02 
       6.092756635191e-01       2.043966995727e+02 
       6.125548647991e-01       2.020230371092e+02 
       6.158340661736e-01       1.996839385465e+02 
       6.191132676410e-01       1.973780643631e+02 
       6.223924691999e-01       1.951074148362e+02 
       6.256716708488e-01       1.928716099156e+02 
       6.289508725864e-01       1.906719439304e+02 
       6.322300744112e-01       1.885098514201e+02 
       6.355092763219e-01       1.863849686881e+02 
       6.387884783171e-01       1.842960488802e+02 
       6.420676803956e-01       1.822418474985e+02 
       6.453468825561e-01       1.802202978519e+02 
       6.486260847974e-01       1.782307661214e+02 
       6.519052871181e-01       1.762735238757e+02 
       6.551844895172e-01       1.743480391084e+02 
       6.584636919935e-01       1.724524333140e+02 
       6.617428945457e-01       1.705866814455e+02 
       6.650220971728e-01       1.687493880704e+02 
       6.683012998737e-01       1.669382164981e+02 
       6.715805026473e-01       1.651519058920e+02 
       6.748597054925e-01       1.633898552904e+02 
       6.781389084083e-01       1.616529500664e+02 
       6.814181113936e-01       1.599409067763e+02 
       6.846973144476e-01       1.582541501926e+02 
       6.879765175690e-01       1.565934466377e+02 
       6.912557207571e-01       1.549558757429e+02 
       6.945349240109e-01       1.533418100054e+02 
       6.978141273294e-01       1.517506326568e+02 
       7.010933307117e-01       1.501816739966e+02 
       7.043725341570e-01       1.486352985001e+02 
       7.076517376643e-01       1.471127456055e+02 
       7.109309412329e-01       1.456130195504e+02 
       7.142101448617e-01       1.441363964101e+02 
       7.174893485501e-01       1.426809332856e+02 
       7.207685522972e-01       1.412461024920e+02 
       7.240477561023e-01       1.398310016512e+02 
       7.273269599644e-01       1.384348955785e+02 
       7.306061638829e-01       1.370578801863e+02 
       7.338853678570e-01       1.357006686325e+02 
       7.371645718859e-01       1.343624618704e+02 
       7.404437759690e-01       1.330435284739e+02 
       7.437229801055e-01       1.317414612282e+02 
       7.470021842947e-01       1.304568695406e+02 
       7.502813885358e-01       1.291884927344e+02 
       7.535605928284e-01       1.279366494184e+02 
       7.568397971715e-01       1.267017004795e+02 
       7.601190015647e-01       1.254829777524e+02 
       7.633982060072e-01       1.242818258080e+02 
       7.666774104985e-01       1.230973590206e+02 
       8.369379227141e-01       1.010888268430e+02 
       9.381386244856e-01       7.800475851774e+01 
       1.098439943709e+00       5.425154737471e+01 
       1.353089109836e+00       3.329446245169e+01 
       1.700817884813e+00       1.929067800670e+01 
       2.141154782987e+00       1.102234875209e+01 
       2.695553995016e+00       6.232926613762e+00 
       3.393501423103e+00       3.485309778452e+00 
       4.272165176504e+00       1.923782462666e+00 
       5.378337304083e+00       1.044260123832e+00 
       6.770925505311e+00       5.537089544047e-01 
       8.524090180001e+00       2.835902116181e-01 
       1.073119374003e+01       1.377026389386e-01 
       1.350977249821e+01       6.166122165955e-02 
       1.700779590555e+01       2.440793067670e-02 
       2.141154646411e+01       8.091171223838e-03 
       2.695553994948e+01       2.094178762189e-03 
       3.393501423103e+01       3.932389920420e-04 
       4.272165176504e+01       5.099892026958e-05 
       5.378337304083e+01       3.944693676075e-06 
       6.770925505311e+01       1.939461077573e-07 
       8.524090180001e+01       6.502199335163e-09 
       1.073119374003e+02       2.384643848894e-10 
       1.350977249821e+02       3.808027214713e-11 
       1.700779590555e+02       2.265563579052e-11 
       2.141154646411e+02       9.939685448023e-12 
       2.695553994948e+02       2.332816315632e-12 
       3.393501423103e+02       3.270336596332e-13 
       4.272165176504e+02       3.141241258323e-14 
       5.378337304083e+02       2.257794802083e-15 
