# Matter power spectrum P(k) at redshift z=0
# for k=1.04891e-05 to 532.02 h/Mpc,
# number of wavenumbers equal to 629
#    1:k (h/Mpc)              2:P (Mpc/h)^3        
       1.048912248189e-05       4.749488609944e+01 
       2.342123705210e-05       1.031974284329e+02 
       3.639918491839e-05       1.579944630198e+02 
       4.945816293613e-05       2.124497882449e+02 
       6.263395465631e-05       2.668889689031e+02 
       7.596325192725e-05       3.215588986501e+02 
       8.948398685729e-05       3.766726290125e+02 
       1.032356785857e-04       4.324277891713e+02 
       1.172597993434e-04       4.890161009679e+02 
       1.316001643185e-04       5.466291917986e+02 
       1.463033498471e-04       6.054626299717e+02 
       1.614191443827e-04       6.657192002091e+02 
       1.770010365119e-04       7.276116193595e+02 
       1.931067438874e-04       7.913651087562e+02 
       2.097987862585e-04       8.572198615933e+02 
       2.271451046410e-04       9.254334932045e+02 
       2.452197269150e-04       9.962835041391e+02 
       2.641034775335e-04       1.070069777017e+03 
       2.838847252846e-04       1.147117086974e+03 
       3.046601578296e-04       1.227777560980e+03 
       3.265355646375e-04       1.312433027171e+03 
       3.496266005408e-04       1.401497134216e+03 
       3.740594900526e-04       1.495417072450e+03 
       3.999716175740e-04       1.594674639116e+03 
       4.275119307200e-04       1.699786381263e+03 
       4.568410638349e-04       1.811302592929e+03 
       4.881310678311e-04       1.929804386737e+03 
       5.215646135672e-04       2.055898768266e+03 
       5.573335235123e-04       2.190210933585e+03 
       5.956364866911e-04       2.333373432601e+03 
       6.366758326681e-04       2.486011874096e+03 
       6.806532898080e-04       2.648726912342e+03 
       7.277647375801e-04       2.822072981428e+03 
       7.781940832929e-04       3.006534242685e+03 
       8.321065421505e-04       3.202499103647e+03 
       8.896417554989e-04       3.410235335708e+03 
       9.509073132966e-04       3.629867768054e+03 
       1.015973314698e-03       3.861360983833e+03 
       1.084868571743e-03       4.104509517366e+03 
       1.157578920946e-03       4.358936981837e+03 
       1.234047870839e-03       4.624104205702e+03 
       1.314179524573e-03       4.899327026521e+03 
       1.397843437847e-03       5.183800536943e+03 
       1.484880863293e-03       5.476628325013e+03 
       1.575111730993e-03       5.776853264978e+03 
       1.668341727033e-03       6.083487768111e+03 
       1.764368935363e-03       6.395541218554e+03 
       1.862989663871e-03       6.712042261972e+03 
       1.964003242934e-03       7.032057983778e+03 
       2.067215732972e-03       7.354707341175e+03 
       2.172442589440e-03       7.679170307192e+03 
       2.279510404943e-03       8.004693372901e+03 
       2.388257883353e-03       8.330591935679e+03 
       2.498536208457e-03       8.656247792177e+03 
       2.610208959469e-03       8.981108890007e+03 
       2.723151705703e-03       9.304684699962e+03 
       2.837251388959e-03       9.626541483955e+03 
       2.952405578663e-03       9.946297300799e+03 
       3.068521663641e-03       1.026361909572e+04 
       3.185516026605e-03       1.057821401376e+04 
       3.303313233211e-03       1.088982902059e+04 
       3.421845256471e-03       1.119824567318e+04 
       3.541050749135e-03       1.150327278693e+04 
       3.660874370684e-03       1.180475050978e+04 
       3.781266171407e-03       1.210253854458e+04 
       3.902181033226e-03       1.239652128067e+04 
       4.023578165108e-03       1.268660075457e+04 
       4.145420649802e-03       1.297269838493e+04 
       4.267675038067e-03       1.325474709325e+04 
       4.390310986313e-03       1.353269585376e+04 
       4.513300933564e-03       1.380650595721e+04 
       4.636619813816e-03       1.407614692287e+04 
       4.760244800073e-03       1.434158808913e+04 
       4.884155076644e-03       1.460282350194e+04 
       5.008331636576e-03       1.485984941511e+04 
       5.132757101384e-03       1.511271034472e+04 
       5.257415560559e-03       1.536132066435e+04 
       5.382292428582e-03       1.560571433851e+04 
       5.507374317427e-03       1.584598010827e+04 
       5.632648922786e-03       1.608200533876e+04 
       5.758104922421e-03       1.631395907128e+04 
       5.883731885264e-03       1.654175996927e+04 
       6.009520190031e-03       1.676544196074e+04 
       6.135460952276e-03       1.698501001626e+04 
       6.261545958921e-03       1.720057896124e+04 
       6.387767609436e-03       1.741210024277e+04 
       6.514118862917e-03       1.761965077421e+04 
       6.640593190421e-03       1.782322458685e+04 
       6.767184531975e-03       1.802290237058e+04 
       6.893887257755e-03       1.821870252151e+04 
       7.020696132993e-03       1.841063597271e+04 
       7.147606286204e-03       1.859874485338e+04 
       7.274613180390e-03       1.878309947296e+04 
       7.401712586916e-03       1.896370355103e+04 
       7.528900561771e-03       1.914060585155e+04 
       7.656173423978e-03       1.931384032242e+04 
       7.783527735935e-03       1.948344096813e+04 
       7.910960285496e-03       1.964945976508e+04 
       8.038468069613e-03       1.981192415644e+04 
       8.166048279397e-03       1.997086687232e+04 
       8.293698286449e-03       2.012632913121e+04 
       8.421415630354e-03       2.027836085731e+04 
       8.549198007209e-03       2.042699659196e+04 
       8.677043259114e-03       2.057227070250e+04 
       8.804949364511e-03       2.071421418121e+04 
       8.932914429305e-03       2.085287662937e+04 
       9.060936678708e-03       2.098828662707e+04 
       9.189014449715e-03       2.112048345340e+04 
       9.317146184182e-03       2.124950210456e+04 
       9.445330422438e-03       2.137538370921e+04 
       9.573565797384e-03       2.149815956413e+04 
       9.701851029058e-03       2.161785517306e+04 
       9.830184919592e-03       2.173452338448e+04 
       9.958566348563e-03       2.184817944265e+04 
       1.008699426868e-02       2.195887538182e+04 
       1.021546770179e-02       2.206663715639e+04 
       1.034398573521e-02       2.217149327680e+04 
       1.047254751823e-02       2.227348869836e+04 
       1.060115225901e-02       2.237264659643e+04 
       1.072979922158e-02       2.246900587868e+04 
       1.085848772311e-02       2.256259683244e+04 
       1.098721713137e-02       2.265345322871e+04 
       1.111598686235e-02       2.274160519115e+04 
       1.124479637808e-02       2.282707791254e+04 
       1.137364518456e-02       2.290992004281e+04 
       1.150253282987e-02       2.299014712185e+04 
       1.163145890243e-02       2.306778644907e+04 
       1.176042302929e-02       2.314288666288e+04 
       1.188942487467e-02       2.321546310461e+04 
       1.201846413848e-02       2.328554798954e+04 
       1.214754055505e-02       2.335317565602e+04 
       1.227665389183e-02       2.341837021048e+04 
       1.240580394833e-02       2.348116979445e+04 
       1.253499055498e-02       2.354159778315e+04 
       1.266421357221e-02       2.359968405368e+04 
       1.279347288948e-02       2.365545290550e+04 
       1.292276842445e-02       2.370893892687e+04 
       1.305210012223e-02       2.376017367201e+04 
       1.318146795459e-02       2.380916777251e+04 
       1.331087191933e-02       2.385596019197e+04 
       1.344031203965e-02       2.390057727685e+04 
       1.356978836358e-02       2.394304608343e+04 
       1.369930096346e-02       2.398338092817e+04 
       1.382884993545e-02       2.402163399311e+04 
       1.395843539908e-02       2.405780382645e+04 
       1.408805749689e-02       2.409192614612e+04 
       1.421771639402e-02       2.412403476633e+04 
       1.434741227793e-02       2.415414632684e+04 
       1.447714535807e-02       2.418229475485e+04 
       1.460691586563e-02       2.420848589666e+04 
       1.473672405331e-02       2.423277297586e+04 
       1.486657019512e-02       2.425515771083e+04 
       1.499645458622e-02       2.427567115626e+04 
       1.512637754274e-02       2.429434277013e+04 
       1.525633940169e-02       2.431119155409e+04 
       1.538634052085e-02       2.432623696973e+04 
       1.551638127872e-02       2.433951467864e+04 
       1.564646207441e-02       2.435105059481e+04 
       1.577658332771e-02       2.436083197133e+04 
       1.590674547898e-02       2.436893376835e+04 
       1.603694898926e-02       2.437533575410e+04 
       1.616719434023e-02       2.438008061162e+04 
       1.629748203433e-02       2.438319727852e+04 
       1.642781259478e-02       2.438469116433e+04 
       1.655818656571e-02       2.438461024249e+04 
       1.668860451226e-02       2.438294136923e+04 
       1.681906702073e-02       2.437973182680e+04 
       1.694957469869e-02       2.437498450885e+04 
       1.708012817517e-02       2.436874466850e+04 
       1.721072810087e-02       2.436100274505e+04 
       1.734137514831e-02       2.435183085740e+04 
       1.747207001207e-02       2.434120513815e+04 
       1.760281340905e-02       2.432915696756e+04 
       1.773360607869e-02       2.431569859916e+04 
       1.786444878323e-02       2.430086715502e+04 
       1.799534230803e-02       2.428468196519e+04 
       1.812628746186e-02       2.426716152005e+04 
       1.825728507720e-02       2.424830595632e+04 
       1.838833601060e-02       2.422813713843e+04 
       1.851944114301e-02       2.420672496733e+04 
       1.865060138016e-02       2.418403178972e+04 
       1.878181765294e-02       2.416011426784e+04 
       1.891309091783e-02       2.413496637621e+04 
       1.904442215726e-02       2.410862476065e+04 
       1.917581238011e-02       2.408111795172e+04 
       1.930726262214e-02       2.405240210009e+04 
       1.943877394643e-02       2.402257657949e+04 
       1.957034744394e-02       2.399159119533e+04 
       1.970198423397e-02       2.395952917379e+04 
       1.983368546468e-02       2.392639372054e+04 
       1.996545231367e-02       2.389213885843e+04 
       2.009728598855e-02       2.385686830047e+04 
       2.022918772748e-02       2.382056511236e+04 
       2.036115879982e-02       2.378321182796e+04 
       2.049320050673e-02       2.374488884427e+04 
       2.062531418185e-02       2.370555630125e+04 
       2.075750119193e-02       2.366525274403e+04 
       2.088976293755e-02       2.362406224819e+04 
       2.102210085381e-02       2.358188860611e+04 
       2.115451641110e-02       2.353879778377e+04 
       2.128701111583e-02       2.349482372065e+04 
       2.141958651124e-02       2.344997315089e+04 
       2.155224417817e-02       2.340427252661e+04 
       2.168498573595e-02       2.335771573925e+04 
       2.181781284322e-02       2.331030548866e+04 
       2.195072719884e-02       2.326205210455e+04 
       2.208373054280e-02       2.321301733527e+04 
       2.221682465716e-02       2.316325651672e+04 
       2.235001136704e-02       2.311271397981e+04 
       2.248329254161e-02       2.306142350508e+04 
       2.261667009514e-02       2.300936027206e+04 
       2.275014598806e-02       2.295658297056e+04 
       2.288372222808e-02       2.290309105713e+04 
       2.301740087130e-02       2.284893514952e+04 
       2.315118402341e-02       2.279408238813e+04 
       2.328507384088e-02       2.273852025975e+04 
       2.341907253223e-02       2.268237398945e+04 
       2.355318235928e-02       2.262560882667e+04 
       2.368740563853e-02       2.256814918257e+04 
       2.382174474249e-02       2.251013949676e+04 
       2.395620210111e-02       2.245151824548e+04 
       2.409078020322e-02       2.239230002564e+04 
       2.422548159807e-02       2.233255187237e+04 
       2.436030889686e-02       2.227222781130e+04 
       2.449526477433e-02       2.221136069372e+04 
       2.463035197046e-02       2.215001688944e+04 
       2.476557329213e-02       2.208812802138e+04 
       2.490093161493e-02       2.202571803703e+04 
       2.503642988493e-02       2.196287329601e+04 
       2.517207112062e-02       2.189953963638e+04 
       2.530785841481e-02       2.183572258639e+04 
       2.544379493668e-02       2.177149698821e+04 
       2.557988393381e-02       2.170672430915e+04 
       2.571612873437e-02       2.164165984302e+04 
       2.585253274932e-02       2.157615032133e+04 
       2.598909947470e-02       2.151017416554e+04 
       2.612583249403e-02       2.144388608468e+04 
       2.626273548073e-02       2.137721414379e+04 
       2.639981220067e-02       2.131013280712e+04 
       2.653706651483e-02       2.124273387473e+04 
       2.667450238197e-02       2.117494688561e+04 
       2.681212386150e-02       2.110687043575e+04 
       2.694993511635e-02       2.103843998120e+04 
       2.708794041602e-02       2.096972506715e+04 
       2.722614413968e-02       2.090071455918e+04 
       2.736455077948e-02       2.083138806906e+04 
       2.750316494381e-02       2.076175332359e+04 
       2.764199136088e-02       2.069191204485e+04 
       2.778103488227e-02       2.062177052904e+04 
       2.792030048671e-02       2.055138914058e+04 
       2.805979328396e-02       2.048077052155e+04 
       2.819951851882e-02       2.040983981288e+04 
       2.833948157537e-02       2.033880735903e+04 
       2.847968798128e-02       2.026752907868e+04 
       2.862014341235e-02       2.019601487347e+04 
       2.876085369716e-02       2.012439689415e+04 
       2.890182482202e-02       2.005245081656e+04 
       2.904306293597e-02       1.998045728614e+04 
       2.918457435609e-02       1.990813074193e+04 
       2.932636557297e-02       1.983576129461e+04 
       2.946844325642e-02       1.976320598901e+04 
       2.961081426140e-02       1.969054503114e+04 
       2.975348563422e-02       1.961769209373e+04 
       2.989646461897e-02       1.954473804126e+04 
       3.003975866420e-02       1.947162816634e+04 
       3.018337542997e-02       1.939839905918e+04 
       3.032732279508e-02       1.932514488037e+04 
       3.047160886471e-02       1.925169519029e+04 
       3.061624197831e-02       1.917823940609e+04 
       3.076123071792e-02       1.910460390658e+04 
       3.090658391679e-02       1.903088331326e+04 
       3.105231066838e-02       1.895718078553e+04 
       3.119842033584e-02       1.888339926366e+04 
       3.134492256180e-02       1.880950110168e+04 
       3.149182727873e-02       1.873555569939e+04 
       3.163914471968e-02       1.866164061804e+04 
       3.178688542958e-02       1.858753711860e+04 
       3.193506027705e-02       1.851353679622e+04 
       3.208368046673e-02       1.843939628705e+04 
       3.223275755228e-02       1.836522241327e+04 
       3.238230344995e-02       1.829106968974e+04 
       3.253233045282e-02       1.821693610431e+04 
       3.268285124574e-02       1.814277540450e+04 
       3.283387892104e-02       1.806856568925e+04 
       3.298542699498e-02       1.799435336863e+04 
       3.313750942507e-02       1.792016143886e+04 
       3.329014062828e-02       1.784598150165e+04 
       3.344333550016e-02       1.777182561939e+04 
       3.359710943501e-02       1.769760827545e+04 
       3.375147834701e-02       1.762347794071e+04 
       3.390645869266e-02       1.754934725862e+04 
       3.406206749421e-02       1.747524210254e+04 
       3.421832236457e-02       1.740112915506e+04 
       3.437524153343e-02       1.732711836123e+04 
       3.453284387496e-02       1.725308229029e+04 
       3.469114893700e-02       1.717910762216e+04 
       3.485017697188e-02       1.710515377198e+04 
       3.500994896916e-02       1.703124138650e+04 
       3.517048669009e-02       1.695737722469e+04 
       3.533181270424e-02       1.688358858607e+04 
       3.549395042828e-02       1.680983684138e+04 
       3.565692416701e-02       1.673611690449e+04 
       3.582075915706e-02       1.666237749942e+04 
       3.598548161314e-02       1.658878029670e+04 
       3.615111877726e-02       1.651520950485e+04 
       3.631769897104e-02       1.644169893921e+04 
       3.648525165136e-02       1.636826225417e+04 
       3.665380746969e-02       1.629489074434e+04 
       3.682339833519e-02       1.622154454579e+04 
       3.699405748214e-02       1.614826569331e+04 
       3.716581954186e-02       1.607502801710e+04 
       3.733872061952e-02       1.600185408732e+04 
       3.751279837629e-02       1.592873666337e+04 
       3.768809211729e-02       1.585570187781e+04 
       3.786464288571e-02       1.578268356841e+04 
       3.804249356383e-02       1.570978277000e+04 
       3.822168898129e-02       1.563687438742e+04 
       3.840227603152e-02       1.556403090462e+04 
       3.858430379685e-02       1.549128387142e+04 
       3.876782368319e-02       1.541852681571e+04 
       3.895288956512e-02       1.534582681375e+04 
       3.913955794244e-02       1.527316474269e+04 
       3.932788810916e-02       1.520058689870e+04 
       3.951794233621e-02       1.512797620661e+04 
       3.970978606918e-02       1.505547490676e+04 
       3.990348814259e-02       1.498297890730e+04 
       4.009912101238e-02       1.491049591985e+04 
       4.029676100847e-02       1.483805138324e+04 
       4.049648860944e-02       1.476563023608e+04 
       4.069838874182e-02       1.469321810512e+04 
       4.090255110644e-02       1.462081349229e+04 
       4.110907053503e-02       1.454839177152e+04 
       4.131804738022e-02       1.447598557495e+04 
       4.152958794294e-02       1.440361285328e+04 
       4.174380494138e-02       1.433118594456e+04 
       4.196081802656e-02       1.425870381622e+04 
       4.218075434987e-02       1.418622036526e+04 
       4.240374918921e-02       1.411373273166e+04 
       4.262994664079e-02       1.404113327346e+04 
       4.285950038505e-02       1.396851955286e+04 
       4.309257453620e-02       1.389580776826e+04 
       4.332934458651e-02       1.382305403824e+04 
       4.356999845806e-02       1.375017286294e+04 
       4.381473767662e-02       1.367717965569e+04 
       4.406377868506e-02       1.360406748159e+04 
       4.431735431597e-02       1.353083140740e+04 
       4.457571544704e-02       1.345745904402e+04 
       4.483913286650e-02       1.338389573895e+04 
       4.510789938074e-02       1.331015637862e+04 
       4.538233220204e-02       1.323627299099e+04 
       4.566277566139e-02       1.316205579425e+04 
       4.594960429960e-02       1.308761425306e+04 
       4.624322640041e-02       1.301295622355e+04 
       4.654408804150e-02       1.293797217346e+04 
       4.685267775491e-02       1.286261583665e+04 
       4.716953190708e-02       1.278693699748e+04 
       4.749524093178e-02       1.271083529084e+04 
       4.783045657835e-02       1.263434079127e+04 
       4.817590037347e-02       1.255729017103e+04 
       4.853237353920e-02       1.247975828673e+04 
       4.890076866704e-02       1.240164179975e+04 
       4.928208351817e-02       1.232290597789e+04 
       4.967743741006e-02       1.224346364980e+04 
       5.008809076383e-02       1.216318385285e+04 
       5.051546853132e-02       1.208208692187e+04 
       5.096118840612e-02       1.199999994004e+04 
       5.142709495780e-02       1.191685660136e+04 
       5.191530112908e-02       1.183248631254e+04 
       5.242823891470e-02       1.174677917761e+04 
       5.296872151761e-02       1.165952561626e+04 
       5.354001986569e-02       1.157049385421e+04 
       5.414595707498e-02       1.147942535769e+04 
       5.479102524083e-02       1.138599981065e+04 
       5.548052973874e-02       1.128984448144e+04 
       5.622076680195e-02       1.119038630130e+04 
       5.701924001860e-02       1.108696626712e+04 
       5.788491953349e-02       1.097881235183e+04 
       5.882854213377e-02       1.086472214539e+04 
       5.986293729096e-02       1.074326427551e+04 
       6.100333713226e-02       1.061240606841e+04 
       6.226757730963e-02       1.046946960954e+04 
       6.367600944849e-02       1.031089558562e+04 
       6.525082234422e-02       1.013189178635e+04 
       6.701434742723e-02       9.926446628420e+03 
       6.898594283968e-02       9.687462119284e+03 
       7.117748121104e-02       9.407592780310e+03 
       7.358852675444e-02       9.080971711438e+03 
       7.620354776983e-02       8.705721124892e+03 
       7.899351077615e-02       8.286111599315e+03 
       8.192187064174e-02       7.833316156545e+03 
       8.495200476817e-02       7.363828502868e+03 
       8.805264493155e-02       6.896610293538e+03 
       9.119999250275e-02       6.449780060394e+03 
       9.437732828062e-02       6.038248733316e+03 
       9.757352148501e-02       5.672336641812e+03 
       1.007814162878e-01       5.357348939506e+03 
       1.039965130978e-01       5.093902542822e+03 
       1.072160213260e-01       4.878747429993e+03 
       1.104382248693e-01       4.705530011479e+03 
       1.136620737675e-01       4.565799142739e+03 
       1.168869275459e-01       4.449957944950e+03 
       1.201123961542e-01       4.348116010857e+03 
       1.233382422209e-01       4.250952101273e+03 
       1.265643212915e-01       4.150543241447e+03 
       1.297905454028e-01       4.040984025013e+03 
       1.330168609206e-01       3.918818760915e+03 
       1.362432350703e-01       3.783161226068e+03 
       1.394696477561e-01       3.635484452292e+03 
       1.426960865929e-01       3.479144817393e+03 
       1.459225438897e-01       3.318713763411e+03 
       1.491490148183e-01       3.159276048015e+03 
       1.523754962999e-01       3.005762287800e+03 
       1.556019863292e-01       2.862401263163e+03 
       1.588284835628e-01       2.732374309704e+03 
       1.620549870688e-01       2.617614915545e+03 
       1.652814961732e-01       2.518763626718e+03 
       1.685080103673e-01       2.435281497547e+03 
       1.717345292492e-01       2.365623640350e+03 
       1.749610524890e-01       2.307471275459e+03 
       1.781875798063e-01       2.258017238436e+03 
       1.814141109565e-01       2.214235087969e+03 
       1.846406457214e-01       2.173460115508e+03 
       1.878671839039e-01       2.133019650746e+03 
       1.910937253238e-01       2.090342560472e+03 
       1.943202698150e-01       2.043876709423e+03 
       1.975468172237e-01       1.992869387011e+03 
       2.007733674069e-01       1.937369028389e+03 
       2.039999202311e-01       1.878120565252e+03 
       2.072264755715e-01       1.816391254395e+03 
       2.104530333112e-01       1.753758853073e+03 
       2.136795933405e-01       1.691815726619e+03 
       2.169061555565e-01       1.632052928315e+03 
       2.201327198621e-01       1.575704533290e+03 
       2.233592861662e-01       1.523673358154e+03 
       2.265858543828e-01       1.476515041412e+03 
       2.298124244306e-01       1.434437589249e+03 
       2.330389962332e-01       1.397314521537e+03 
       2.362655697182e-01       1.364719127294e+03 
       2.394921448170e-01       1.335972362814e+03 
       2.427187214649e-01       1.310212299907e+03 
       2.459452996005e-01       1.286485732165e+03 
       2.491718791657e-01       1.263846105571e+03 
       2.523984601053e-01       1.241443211411e+03 
       2.556250423670e-01       1.218598087009e+03 
       2.588516259008e-01       1.194841530707e+03 
       2.620782106597e-01       1.169926474458e+03 
       2.653047965987e-01       1.143809745816e+03 
       2.685313836749e-01       1.116648486260e+03 
       2.717579718475e-01       1.088755039759e+03 
       2.749845610779e-01       1.060554638256e+03 
       2.782111513289e-01       1.032516796427e+03 
       2.814377425653e-01       1.005157078469e+03 
       2.846643347533e-01       9.789125547788e+02 
       2.878909278609e-01       9.541449570085e+02 
       2.911175218572e-01       9.310760841616e+02 
       2.943441167128e-01       9.098022706567e+02 
       2.975707123997e-01       8.902848121320e+02 
       3.007973088910e-01       8.723822464302e+02 
       3.040239061608e-01       8.558761159829e+02 
       3.072505041847e-01       8.405007151815e+02 
       3.104771029389e-01       8.259776858515e+02 
       3.137037024007e-01       8.120171983792e+02 
       3.169303025485e-01       7.983523062859e+02 
       3.201569033615e-01       7.847508848930e+02 
       3.233835048195e-01       7.710371562356e+02 
       3.266101069034e-01       7.570997492932e+02 
       3.298367095948e-01       7.429053995282e+02 
       3.330633128759e-01       7.284868082002e+02 
       3.362899167296e-01       7.139381610011e+02 
       3.395165211395e-01       6.993839864867e+02 
       3.427431260899e-01       6.849623828434e+02 
       3.459697315656e-01       6.708186763406e+02 
       3.491963375519e-01       6.570741912104e+02 
       3.524229440348e-01       6.438341372452e+02 
       3.556495510006e-01       6.311787805068e+02 
       3.588761584363e-01       6.191597675122e+02 
       3.621027663293e-01       6.077894126934e+02 
       3.653293746674e-01       5.970452579713e+02 
       3.685559834388e-01       5.868734815777e+02 
       3.717825926323e-01       5.771916627781e+02 
       3.750092022369e-01       5.679008594865e+02 
       3.782358122420e-01       5.589066968054e+02 
       3.814624226374e-01       5.501144469219e+02 
       3.846890334132e-01       5.414529329676e+02 
       3.879156445600e-01       5.328677520428e+02 
       3.911422560685e-01       5.243248403778e+02 
       3.943688679298e-01       5.158084366563e+02 
       3.975954801352e-01       5.073126997250e+02 
       4.008220926765e-01       4.988523449186e+02 
       4.040487055455e-01       4.904481324804e+02 
       4.072753187344e-01       4.821362269866e+02 
       4.105019322357e-01       4.739589822234e+02 
       4.137285460420e-01       4.659556648019e+02 
       4.169551601462e-01       4.581621980481e+02 
       4.201817745414e-01       4.506022142005e+02 
       4.234083892210e-01       4.432876135906e+02 
       4.266350041784e-01       4.362223600110e+02 
       4.298616194074e-01       4.293985045671e+02 
       4.330882349019e-01       4.228068254415e+02 
       4.363148506560e-01       4.164339580842e+02 
       4.395414666639e-01       4.102583930563e+02 
       4.427680829201e-01       4.042611653310e+02 
       4.459946994191e-01       3.984165049598e+02 
       4.492213161558e-01       3.926986175616e+02 
       4.524479331250e-01       3.870779408626e+02 
       4.556745503217e-01       3.815366049239e+02 
       4.589011677412e-01       3.760585983317e+02 
       4.621277853787e-01       3.706395681359e+02 
       4.653544032297e-01       3.652783169568e+02 
       4.685810212898e-01       3.599802762803e+02 
       4.718076395546e-01       3.547483327986e+02 
       4.750342580201e-01       3.495904488622e+02 
       4.782608766821e-01       3.445149329976e+02 
       4.814874955366e-01       3.395309984200e+02 
       4.847141145798e-01       3.346484111454e+02 
       4.879407338079e-01       3.298797357669e+02 
       4.911673532174e-01       3.252289616638e+02 
       4.943939728045e-01       3.207077065298e+02 
       4.976205925659e-01       3.163037211019e+02 
       5.008472124981e-01       3.120152128960e+02 
       5.040738325980e-01       3.078365928505e+02 
       5.073004528622e-01       3.037526978003e+02 
       5.105270732877e-01       2.997572800955e+02 
       5.137536938713e-01       2.958337238865e+02 
       5.169803146102e-01       2.919844276011e+02 
       5.202069355014e-01       2.882006324279e+02 
       5.234335565421e-01       2.844707167622e+02 
       5.266601777296e-01       2.807916255150e+02 
       5.298867990611e-01       2.771645537590e+02 
       5.331134205341e-01       2.735797600584e+02 
       5.363400421459e-01       2.700485973702e+02 
       5.395666638941e-01       2.665667831418e+02 
       5.427932857763e-01       2.631434058095e+02 
       5.460199077900e-01       2.597782720139e+02 
       5.492465299329e-01       2.564785649718e+02 
       5.524731522028e-01       2.532383629798e+02 
       5.556997745974e-01       2.500616548798e+02 
       5.589263971146e-01       2.469446088220e+02 
       5.621530197523e-01       2.438891016103e+02 
       5.653796425083e-01       2.408926288852e+02 
       5.686062653808e-01       2.379568562799e+02 
       5.718328883676e-01       2.350779058137e+02 
       5.750595114669e-01       2.322549667512e+02 
       5.782861346767e-01       2.294813725373e+02 
       5.815127579953e-01       2.267537516172e+02 
       5.847393814208e-01       2.240707443623e+02 
       5.879660049515e-01       2.214278490484e+02 
       5.911926285855e-01       2.188245586113e+02 
       5.944192523214e-01       2.162624720358e+02 
       5.976458761573e-01       2.137396736498e+02 
       6.008725000917e-01       2.112515406543e+02 
       6.040991241230e-01       2.088047826025e+02 
       6.073257482497e-01       2.063879552091e+02 
       6.105523724701e-01       2.040115644949e+02 
       6.137789967829e-01       2.016699515243e+02 
       6.170056211866e-01       1.993641958690e+02 
       6.202322456798e-01       1.970927893351e+02 
       6.234588702611e-01       1.948643425491e+02 
       6.266854949290e-01       1.926745695052e+02 
       6.299121196824e-01       1.905207188509e+02 
       6.331387445198e-01       1.884026397435e+02 
       6.363653694400e-01       1.863195307701e+02 
       6.395919944417e-01       1.842680078704e+02 
       6.428186195237e-01       1.822500055975e+02 
       6.460452446848e-01       1.802640765683e+02 
       6.492718699239e-01       1.783097269151e+02 
       6.524984952397e-01       1.763855697150e+02 
       6.557251206311e-01       1.744895596572e+02 
       6.589517460970e-01       1.726193749550e+02 
       6.621783716363e-01       1.707755219605e+02 
       6.654049972479e-01       1.689577468267e+02 
       6.686316229309e-01       1.671641990395e+02 
       6.718582486841e-01       1.653991595290e+02 
       6.750848745066e-01       1.636582560506e+02 
       6.783115003973e-01       1.619450851910e+02 
       6.815381263553e-01       1.602551529981e+02 
       6.847647523796e-01       1.585896324381e+02 
       6.879913784694e-01       1.569461271293e+02 
       6.912180046236e-01       1.553269209338e+02 
       6.944446308414e-01       1.537321572552e+02 
       6.976712571220e-01       1.521616817893e+02 
       7.008978834643e-01       1.506139697153e+02 
       7.041245098676e-01       1.490906507412e+02 
       7.073511363311e-01       1.475897548512e+02 
       7.105777628539e-01       1.461084648717e+02 
       7.138043894351e-01       1.446469022131e+02 
       7.170310160742e-01       1.432047096517e+02 
       7.202576427701e-01       1.417850222029e+02 
       7.234842695223e-01       1.403842670493e+02 
       7.267108963298e-01       1.390032262995e+02 
       7.299375231921e-01       1.376416408908e+02 
       7.331641501083e-01       1.362992980606e+02 
       7.363907770778e-01       1.349693028175e+02 
       7.396174040999e-01       1.336608115035e+02 
       7.428440311738e-01       1.323694449548e+02 
       7.460706582990e-01       1.310927132659e+02 
       7.492972854746e-01       1.298354337500e+02 
       7.525239127002e-01       1.285959087991e+02 
       7.557505399750e-01       1.273730152466e+02 
       8.253928725681e-01       1.044994274423e+02 
       9.259283256049e-01       8.050494125655e+01 
       1.085451798258e+00       5.585201006967e+01 
       1.338300230682e+00       3.422636999434e+01 
       1.682427785048e+00       1.985181608679e+01 
       2.118008723217e+00       1.137155263246e+01 
       2.666414858679e+00       6.459234414955e+00 
       3.356817423908e+00       3.640623031252e+00 
       4.225982757711e+00       2.036982994826e+00 
       5.320197083486e+00       1.131700574312e+00 
       6.697731304154e+00       6.241508318741e-01 
       8.431944140169e+00       3.413935373218e-01 
       1.061518874889e+01       1.851421200908e-01 
       1.336373086697e+01       9.913654572988e-02 
       1.682394038480e+01       5.217797838913e-02 
       2.118008607694e+01       2.677145235719e-02 
       2.666414858624e+01       1.319629169625e-02 
       3.356817423908e+01       6.124656719657e-03 
       4.225982757711e+01       2.580338625178e-03 
       5.320197083486e+01       9.479280419372e-04 
       6.697731304154e+01       2.848859758025e-04 
       8.431944140169e+01       6.440869713469e-05 
       1.061518874889e+02       1.094207737815e-05 
       1.336373086697e+02       1.328582003160e-06 
       1.682394038480e+02       7.519806487235e-08 
       2.118008607694e+02       3.130369315582e-09 
       2.666414858624e+02       9.183257304276e-11 
       3.356817423908e+02       3.431469137655e-12 
       4.225982757711e+02       5.778818671592e-13 
       5.320197083486e+02       1.922546764637e-13 
