# Matter power spectrum P(k) at redshift z=0
# for k=1.04891e-05 to 2118.01 h/Mpc,
# number of wavenumbers equal to 635
#    1:k (h/Mpc)              2:P (Mpc/h)^3        
       1.048912248129e-05       4.733716040224e+01 
       2.342123590979e-05       1.028547332286e+02 
       3.639918262474e-05       1.574698275934e+02 
       4.945815947218e-05       2.117443866663e+02 
       6.263394999348e-05       2.660029060204e+02 
       7.596324602704e-05       3.204914765559e+02 
       8.948397967068e-05       3.754224578736e+02 
       1.032356700525e-04       4.309928422011e+02 
       1.172597893914e-04       4.873937353950e+02 
       1.316001528626e-04       5.448161394072e+02 
       1.463033367875e-04       6.034550215837e+02 
       1.614191296041e-04       6.635125040796e+02 
       1.770010198816e-04       7.252006329485e+02 
       1.931067252532e-04       7.887439241266e+02 
       2.097987654464e-04       8.543818134066e+02 
       2.271450814529e-04       9.223711096398e+02 
       2.452197011257e-04       9.929884467121e+02 
       2.641034488872e-04       1.066532779461e+03 
       2.838846934915e-04       1.143327876497e+03 
       3.046601225619e-04       1.223724765095e+03 
       3.265355255251e-04       1.308104109674e+03 
       3.496265571665e-04       1.396878271102e+03 
       3.740594419477e-04       1.490493052425e+03 
       3.999715642134e-04       1.589428760492e+03 
       4.275118715176e-04       1.694200312706e+03 
       4.568409981400e-04       1.805356257842e+03 
       4.881309949252e-04       1.923475833796e+03 
       5.215645326629e-04       2.049163997853e+03 
       5.573334337544e-04       2.183043792027e+03 
       5.956363871604e-04       2.325745444611e+03 
       6.366757223889e-04       2.477892060785e+03 
       6.806531677603e-04       2.640081702990e+03 
       7.277646027162e-04       2.812865961152e+03 
       7.781939345582e-04       2.996726045902e+03 
       8.321063785091e-04       3.192047333012e+03 
       8.896415759609e-04       3.399094459012e+03 
       9.509071169468e-04       3.617989043938e+03 
       1.015973100723e-03       3.848692645992e+03 
       1.084868339453e-03       4.090996976287e+03 
       1.157578669793e-03       4.344523180376e+03 
       1.234047600424e-03       4.608730295153e+03 
       1.314179234646e-03       4.882933056348e+03 
       1.397843128301e-03       5.166326502503e+03 
       1.484880534150e-03       5.458015036156e+03 
       1.575111382386e-03       5.757043666866e+03 
       1.668341359184e-03       6.062427795338e+03 
       1.764368548567e-03       6.373180398453e+03 
       1.862989258470e-03       6.688334885472e+03 
       1.964002819302e-03       7.006963172920e+03 
       2.067215291503e-03       7.328188989914e+03 
       2.172442130531e-03       7.651197354149e+03 
       2.279509928987e-03       7.975238718341e+03 
       2.388257390732e-03       8.299631521071e+03 
       2.498535699536e-03       8.623761172087e+03 
       2.610208434596e-03       8.947077064537e+03 
       2.723151165204e-03       9.269092060488e+03 
       2.837250833138e-03       9.589372258371e+03 
       2.952405007804e-03       9.907537951522e+03 
       3.068521078003e-03       1.022325694499e+04 
       3.185515426431e-03       1.053623887451e+04 
       3.303312618722e-03       1.084716180459e+04 
       3.421844627872e-03       1.115598110802e+04 
       3.541050106612e-03       1.146127110852e+04 
       3.660873714409e-03       1.176286830613e+04 
       3.781265501538e-03       1.206063900006e+04 
       3.902180349907e-03       1.235447848112e+04 
       4.023577468473e-03       1.264429952231e+04 
       4.145419939971e-03       1.293003630102e+04 
       4.267674315153e-03       1.321163570363e+04 
       4.390310250418e-03       1.348905645713e+04 
       4.513300184784e-03       1.376227134668e+04 
       4.636619052237e-03       1.403125887657e+04 
       4.760244025775e-03       1.429600508961e+04 
       4.884154289702e-03       1.455649921549e+04 
       5.008330837058e-03       1.481275418341e+04 
       5.132756289353e-03       1.506477521510e+04 
       5.257414736073e-03       1.531256871657e+04 
       5.382291591695e-03       1.555614650356e+04 
       5.507373468190e-03       1.579552595018e+04 
       5.632648061246e-03       1.603072399794e+04 
       5.758104048621e-03       1.626176643871e+04 
       5.883730999243e-03       1.648867655661e+04 
       6.009519291827e-03       1.671148281452e+04 
       6.135460041924e-03       1.693021266928e+04 
       6.261545036453e-03       1.714489544951e+04 
       6.387766674883e-03       1.735556714162e+04 
       6.514117916308e-03       1.756225583733e+04 
       6.640592231781e-03       1.776499882790e+04 
       6.767183561329e-03       1.796383050897e+04 
       6.893886275127e-03       1.815878371446e+04 
       7.020695138404e-03       1.834989836833e+04 
       7.147605279674e-03       1.853720954889e+04 
       7.274612161938e-03       1.872075140452e+04 
       7.401711556560e-03       1.890056528715e+04 
       7.528899519528e-03       1.907668986384e+04 
       7.656172369863e-03       1.924915786483e+04 
       7.783526669963e-03       1.941801208512e+04 
       7.910959207681e-03       1.958328880860e+04 
       8.038466979969e-03       1.974502656382e+04 
       8.166047177935e-03       1.990326129328e+04 
       8.293697173181e-03       2.005803346188e+04 
       8.421414505290e-03       2.020938372806e+04 
       8.549196870360e-03       2.035734521113e+04 
       8.677042110490e-03       2.050195797927e+04 
       8.804948204119e-03       2.064326046105e+04 
       8.932913257155e-03       2.078128897927e+04 
       9.060935494807e-03       2.091608301402e+04 
       9.189013254071e-03       2.104767450244e+04 
       9.317144976802e-03       2.117609495193e+04 
       9.445329203328e-03       2.130139230537e+04 
       9.573564566551e-03       2.142359644606e+04 
       9.701849786507e-03       2.154273737381e+04 
       9.830183665328e-03       2.165885845102e+04 
       9.958565082591e-03       2.177198844724e+04 
       1.008699299100e-02       2.188216769337e+04 
       1.021546641242e-02       2.198942159147e+04 
       1.034398443414e-02       2.209378928861e+04 
       1.047254620547e-02       2.219530670662e+04 
       1.060115093456e-02       2.229400356618e+04 
       1.072979788545e-02       2.238990268174e+04 
       1.085848637530e-02       2.248305627885e+04 
       1.098721577188e-02       2.257348677543e+04 
       1.111598549119e-02       2.266122728032e+04 
       1.124479499524e-02       2.274630808549e+04 
       1.137364379004e-02       2.282876816049e+04 
       1.150253142369e-02       2.290862890808e+04 
       1.163145748457e-02       2.298592878224e+04 
       1.176042159977e-02       2.306069265053e+04 
       1.188942343348e-02       2.313295127713e+04 
       1.201846268563e-02       2.320274167577e+04 
       1.214753909053e-02       2.327009354775e+04 
       1.227665241565e-02       2.333503142712e+04 
       1.240580246048e-02       2.339758350568e+04 
       1.253498905548e-02       2.345780212394e+04 
       1.266421206104e-02       2.351567888893e+04 
       1.279347136664e-02       2.357127381858e+04 
       1.292276688996e-02       2.362460307551e+04 
       1.305209857607e-02       2.367570211901e+04 
       1.318146639676e-02       2.372458908686e+04 
       1.331087034984e-02       2.377129624165e+04 
       1.344031045849e-02       2.381584448943e+04 
       1.356978677076e-02       2.385827215896e+04 
       1.369929935897e-02       2.389859269456e+04 
       1.382884831929e-02       2.393684130079e+04 
       1.395843377125e-02       2.397304038869e+04 
       1.408805585738e-02       2.400722570220e+04 
       1.421771474284e-02       2.403940095233e+04 
       1.434741061508e-02       2.406961848384e+04 
       1.447714368354e-02       2.409787674888e+04 
       1.460691417942e-02       2.412422440910e+04 
       1.473672235541e-02       2.414867691325e+04 
       1.486656848554e-02       2.417125413143e+04 
       1.499645286495e-02       2.419197420995e+04 
       1.512637580978e-02       2.421089199120e+04 
       1.525633765704e-02       2.422798834401e+04 
       1.538633876451e-02       2.424332240300e+04 
       1.551637951067e-02       2.425688753643e+04 
       1.564646029466e-02       2.426872925236e+04 
       1.577658153625e-02       2.427886806384e+04 
       1.590674367582e-02       2.428731756924e+04 
       1.603694717438e-02       2.429410874546e+04 
       1.616719251364e-02       2.429925834449e+04 
       1.629748019601e-02       2.430277801760e+04 
       1.642781074474e-02       2.430471179600e+04 
       1.655818470394e-02       2.430506317164e+04 
       1.668860263876e-02       2.430386972152e+04 
       1.681906513549e-02       2.430115737109e+04 
       1.694957280170e-02       2.429690823507e+04 
       1.708012626644e-02       2.429118918475e+04 
       1.721072618039e-02       2.428399734247e+04 
       1.734137321607e-02       2.427535248825e+04 
       1.747206806807e-02       2.426527722784e+04 
       1.760281145328e-02       2.425380834363e+04 
       1.773360411114e-02       2.424094701671e+04 
       1.786444680390e-02       2.422673140754e+04 
       1.799534031692e-02       2.421116157240e+04 
       1.812628545896e-02       2.419425938204e+04 
       1.825728306250e-02       2.417606280756e+04 
       1.838833398410e-02       2.415659235668e+04 
       1.851943910470e-02       2.413581220981e+04 
       1.865059933003e-02       2.411381369890e+04 
       1.878181559099e-02       2.409060674353e+04 
       1.891308884404e-02       2.406615019417e+04 
       1.904442007163e-02       2.404050396378e+04 
       1.917581028264e-02       2.401372793279e+04 
       1.930726051281e-02       2.398576256156e+04 
       1.943877182524e-02       2.395669388381e+04 
       1.957034531088e-02       2.392646204171e+04 
       1.970198208903e-02       2.389517052435e+04 
       1.983368330785e-02       2.386277533168e+04 
       1.996545014495e-02       2.382934652761e+04 
       2.009728380792e-02       2.379484978668e+04 
       2.022918553494e-02       2.375935266397e+04 
       2.036115659535e-02       2.372281488108e+04 
       2.049319829033e-02       2.368531300975e+04 
       2.062531195351e-02       2.364682683592e+04 
       2.075749895163e-02       2.360738224831e+04 
       2.088976068529e-02       2.356706709364e+04 
       2.102209858957e-02       2.352573670256e+04 
       2.115451413488e-02       2.348352817222e+04 
       2.128700882762e-02       2.344043058210e+04 
       2.141958421102e-02       2.339645694884e+04 
       2.155224186593e-02       2.335161411780e+04 
       2.168498341168e-02       2.330598212646e+04 
       2.181781050691e-02       2.325951912433e+04 
       2.195072485047e-02       2.321223549455e+04 
       2.208372818236e-02       2.316414014356e+04 
       2.221682228464e-02       2.311530932870e+04 
       2.235000898243e-02       2.306566573227e+04 
       2.248329014489e-02       2.301530313917e+04 
       2.261666768629e-02       2.296420160515e+04 
       2.275014356708e-02       2.291241297083e+04 
       2.288371979495e-02       2.285988125596e+04 
       2.301739842600e-02       2.280666111541e+04 
       2.315118156593e-02       2.275280796327e+04 
       2.328507137120e-02       2.269826488695e+04 
       2.341907005033e-02       2.264308099954e+04 
       2.355317986516e-02       2.258727527625e+04 
       2.368740313216e-02       2.253085841058e+04 
       2.382174222386e-02       2.247379759735e+04 
       2.395619957019e-02       2.241618312345e+04 
       2.409077766000e-02       2.235796078422e+04 
       2.422547904254e-02       2.229919937039e+04 
       2.436030632899e-02       2.223991544720e+04 
       2.449526219410e-02       2.218008167631e+04 
       2.463034937786e-02       2.211964751264e+04 
       2.476557068713e-02       2.205877998851e+04 
       2.490092899751e-02       2.199736863672e+04 
       2.503642725507e-02       2.193551511959e+04 
       2.517206847830e-02       2.187313920361e+04 
       2.530785576001e-02       2.181035903297e+04 
       2.544379226937e-02       2.174714552799e+04 
       2.557988125397e-02       2.168342360674e+04 
       2.571612604198e-02       2.161930257603e+04 
       2.585253004435e-02       2.155477700239e+04 
       2.598909675714e-02       2.148978946265e+04 
       2.612582976384e-02       2.142443416804e+04 
       2.626273273788e-02       2.135876126446e+04 
       2.639980944514e-02       2.129267807864e+04 
       2.653706374659e-02       2.122622647297e+04 
       2.667449960100e-02       2.115944750051e+04 
       2.681212106776e-02       2.109228721091e+04 
       2.694993230982e-02       2.102483146446e+04 
       2.708793759666e-02       2.095708486989e+04 
       2.722614130747e-02       2.088901462467e+04 
       2.736454793438e-02       2.082067790943e+04 
       2.750316208579e-02       2.075202078534e+04 
       2.764198848991e-02       2.068306583813e+04 
       2.778103199831e-02       2.061386718636e+04 
       2.792029758973e-02       2.054440270246e+04 
       2.805979037391e-02       2.047471548656e+04 
       2.819951559567e-02       2.040479761996e+04 
       2.833947863909e-02       2.033460995209e+04 
       2.847968503183e-02       2.026427649411e+04 
       2.862014044969e-02       2.019365875551e+04 
       2.876085072125e-02       2.012289681305e+04 
       2.890182183282e-02       2.005188053690e+04 
       2.904305993343e-02       1.998070218075e+04 
       2.918457134017e-02       1.990935448054e+04 
       2.932636254362e-02       1.983782361542e+04 
       2.946844021359e-02       1.976613383465e+04 
       2.961081120506e-02       1.969430537237e+04 
       2.975348256431e-02       1.962235375392e+04 
       2.989646153544e-02       1.955023655472e+04 
       3.003975556701e-02       1.947791901831e+04 
       3.018337231906e-02       1.940554320559e+04 
       3.032731967039e-02       1.933310963307e+04 
       3.047160572619e-02       1.926047383555e+04 
       3.061623882590e-02       1.918780216516e+04 
       3.076122755157e-02       1.911497639850e+04 
       3.090658073643e-02       1.904209038469e+04 
       3.105230747396e-02       1.896912545878e+04 
       3.119841712729e-02       1.889605268638e+04 
       3.134491933905e-02       1.882293598066e+04 
       3.149182404172e-02       1.874971694994e+04 
       3.163914146834e-02       1.867652496806e+04 
       3.178688216385e-02       1.860310700424e+04 
       3.193505699684e-02       1.852977455053e+04 
       3.208367717197e-02       1.845639698637e+04 
       3.223275424290e-02       1.838293854947e+04 
       3.238230012587e-02       1.830949326014e+04 
       3.253232711395e-02       1.823598067364e+04 
       3.268284789201e-02       1.816247447115e+04 
       3.283387555235e-02       1.808888313735e+04 
       3.298542361124e-02       1.801533015305e+04 
       3.313750602620e-02       1.794178984388e+04 
       3.329013721419e-02       1.786818106122e+04 
       3.344333207075e-02       1.779455209968e+04 
       3.359710599017e-02       1.772098663505e+04 
       3.375147488665e-02       1.764744589477e+04 
       3.390645521666e-02       1.757385986401e+04 
       3.406206400247e-02       1.750031307708e+04 
       3.421831885697e-02       1.742676941484e+04 
       3.437523800987e-02       1.735325598538e+04 
       3.453284033531e-02       1.727973832780e+04 
       3.469114538112e-02       1.720624358566e+04 
       3.485017339967e-02       1.713279819079e+04 
       3.500994538047e-02       1.705941286662e+04 
       3.517048308479e-02       1.698594965191e+04 
       3.533180908219e-02       1.691259917743e+04 
       3.549394678933e-02       1.683926077966e+04 
       3.565692051101e-02       1.676601880741e+04 
       3.582075548386e-02       1.669273520652e+04 
       3.598547792257e-02       1.661944813808e+04 
       3.615111506916e-02       1.654632471234e+04 
       3.631769524523e-02       1.647312219153e+04 
       3.648524790767e-02       1.640002906815e+04 
       3.665380370792e-02       1.632697149073e+04 
       3.682339455515e-02       1.625396876242e+04 
       3.699405368365e-02       1.618099928852e+04 
       3.716581572470e-02       1.610799559216e+04 
       3.733871678347e-02       1.603513235172e+04 
       3.751279452113e-02       1.596230408987e+04 
       3.768808824278e-02       1.588943641685e+04 
       3.786463899162e-02       1.581664882449e+04 
       3.804248964990e-02       1.574388771655e+04 
       3.822168504726e-02       1.567124137794e+04 
       3.840227207713e-02       1.559853046328e+04 
       3.858429982180e-02       1.552590073288e+04 
       3.876781968719e-02       1.545329341462e+04 
       3.895288554786e-02       1.538073058299e+04 
       3.913955390360e-02       1.530815412534e+04 
       3.932788404841e-02       1.523562369733e+04 
       3.951793825319e-02       1.516311536314e+04 
       3.970978196353e-02       1.509063873099e+04 
       3.990348401392e-02       1.501814857578e+04 
       4.009911686030e-02       1.494565921821e+04 
       4.029675683255e-02       1.487320602274e+04 
       4.049648440924e-02       1.480075161434e+04 
       4.069838451687e-02       1.472826085972e+04 
       4.090254685626e-02       1.465575781190e+04 
       4.110906625910e-02       1.458327011706e+04 
       4.131804307801e-02       1.451069365121e+04 
       4.152958361387e-02       1.443814987195e+04 
       4.174380058487e-02       1.436552580077e+04 
       4.196081364197e-02       1.429287204563e+04 
       4.218074993653e-02       1.422011766683e+04 
       4.240374474642e-02       1.414736459562e+04 
       4.262994216781e-02       1.407451253984e+04 
       4.285949588108e-02       1.400154195228e+04 
       4.309257000040e-02       1.392852775568e+04 
       4.332934001800e-02       1.385544087741e+04 
       4.356999385587e-02       1.378209372542e+04 
       4.381473303976e-02       1.370865473904e+04 
       4.406377401244e-02       1.363507940875e+04 
       4.431734960643e-02       1.356136684586e+04 
       4.457571069935e-02       1.348745393688e+04 
       4.483912807935e-02       1.341332119572e+04 
       4.510789455269e-02       1.333898375984e+04 
       4.538232733157e-02       1.326438654562e+04 
       4.566277074685e-02       1.318951895586e+04 
       4.594959933922e-02       1.311436078461e+04 
       4.624322139225e-02       1.303890479708e+04 
       4.654408298346e-02       1.296310524683e+04 
       4.685267264472e-02       1.288689898862e+04 
       4.716952674226e-02       1.281032175440e+04 
       4.749523570961e-02       1.273320930703e+04 
       4.783045129587e-02       1.265564548134e+04 
       4.817589502739e-02       1.257755017711e+04 
       4.853236812592e-02       1.249883096750e+04 
       4.890076318258e-02       1.241950814472e+04 
       4.928207795809e-02       1.233944117529e+04 
       4.967743176943e-02       1.225864838324e+04 
       5.008808503712e-02       1.217694312069e+04 
       5.051546271233e-02       1.209426269042e+04 
       5.096118248785e-02       1.201057498952e+04 
       5.142708893233e-02       1.192571101025e+04 
       5.191529498739e-02       1.183951302882e+04 
       5.242823264646e-02       1.175184972526e+04 
       5.296871511096e-02       1.166250256152e+04 
       5.354001330690e-02       1.157127788686e+04 
       5.414595034811e-02       1.147790283425e+04 
       5.479101832722e-02       1.138201244075e+04 
       5.548052261650e-02       1.128320947259e+04 
       5.622075944523e-02       1.118097715919e+04 
       5.701923239671e-02       1.107462952013e+04 
       5.788491160996e-02       1.096333848790e+04 
       5.882853386517e-02       1.084603878693e+04 
       5.986292862567e-02       1.072114217102e+04 
       6.100332800946e-02       1.058678096963e+04 
       6.226756765870e-02       1.044036144196e+04 
       6.367599918983e-02       1.027837059726e+04 
       6.525081139254e-02       1.009623874645e+04 
       6.701433569886e-02       9.888211571901e+03 
       6.898593026497e-02       9.647523962464e+03 
       7.117746775046e-02       9.367215740736e+03 
       7.358851241300e-02       9.041793416881e+03 
       7.620353260111e-02       8.669582864919e+03 
       7.899349487081e-02       8.254788837529e+03 
       8.192185410521e-02       7.808151221595e+03 
       8.495198769921e-02       7.345566478543e+03 
       8.805262741006e-02       6.885189490912e+03 
       9.119997458714e-02       6.444477945980e+03 
       9.437731001078e-02       6.037832029852e+03 
       9.757350288699e-02       5.675215188763e+03 
       1.007813973781e-01       5.361873154446e+03 
       1.039964938869e-01       5.098529608086e+03 
       1.072160018202e-01       4.882088332015e+03 
       1.104382050724e-01       4.706528099734e+03 
       1.136620536820e-01       4.563771223666e+03 
       1.168869071732e-01       4.444591785424e+03 
       1.201123754952e-01       4.339476207610e+03 
       1.233382212762e-01       4.239457155167e+03 
       1.265643000614e-01       4.136886922088e+03 
       1.297905238874e-01       4.026046403216e+03 
       1.330168391201e-01       3.903558987861e+03 
       1.362432129848e-01       3.768505659797e+03 
       1.394696253857e-01       3.622219304171e+03 
       1.426960639375e-01       3.467843709016e+03 
       1.459225209494e-01       3.309705177339e+03 
       1.491489915930e-01       3.152633772274e+03 
       1.523754727897e-01       3.001329581361e+03 
       1.556019625341e-01       2.859848664748e+03 
       1.588284594829e-01       2.731250325957e+03 
       1.620549627039e-01       2.617400236970e+03 
       1.652814715235e-01       2.518943791131e+03 
       1.685079854327e-01       2.435379650969e+03 
       1.717345040297e-01       2.365237883343e+03 
       1.749610269846e-01       2.306302042052e+03 
       1.781875540171e-01       2.255880633012e+03 
       1.814140848823e-01       2.211071351216e+03 
       1.846406193624e-01       2.169315499760e+03 
       1.878671572600e-01       2.128051482114e+03 
       1.910936983950e-01       2.084776156963e+03 
       1.943202426014e-01       2.038000599299e+03 
       1.975467897252e-01       1.986976358944e+03 
       2.007733396235e-01       1.931735878195e+03 
       2.039998921628e-01       1.872975853249e+03 
       2.072264472183e-01       1.811909618339e+03 
       2.104530046731e-01       1.750009975247e+03 
       2.136795644176e-01       1.688835270208e+03 
       2.169061263487e-01       1.629784895023e+03 
       2.201326903694e-01       1.574048710518e+03 
       2.233592563887e-01       1.522490701527e+03 
       2.265858243203e-01       1.475644078373e+03 
       2.298123940833e-01       1.433716911102e+03 
       2.330389656011e-01       1.396596444005e+03 
       2.362655388011e-01       1.363872480545e+03 
       2.394921136151e-01       1.334902328096e+03 
       2.427186899781e-01       1.308856949975e+03 
       2.459452678289e-01       1.284822928498e+03 
       2.491718471092e-01       1.261890191139e+03 
       2.523984277639e-01       1.239239109858e+03 
       2.556250097407e-01       1.216217659613e+03 
       2.588515929897e-01       1.192364031225e+03 
       2.620781774637e-01       1.167443221780e+03 
       2.653047631178e-01       1.141407094873e+03 
       2.685313499091e-01       1.114402150890e+03 
       2.717579377969e-01       1.086713221361e+03 
       2.749845267424e-01       1.058748626847e+03 
       2.782111167086e-01       1.030966986276e+03 
       2.814377076601e-01       1.003845859065e+03 
       2.846642995633e-01       9.778174465203e+02 
       2.878908923859e-01       9.532190270649e+02 
       2.911174860973e-01       9.302787035019e+02 
       2.943440806681e-01       9.090814067033e+02 
       2.975706760701e-01       8.895869504134e+02 
       3.007972722765e-01       8.716734274111e+02 
       3.040238692615e-01       8.551102365777e+02 
       3.072504670005e-01       8.396672695395e+02 
       3.104770654698e-01       8.250597161197e+02 
       3.137036646468e-01       8.110125347580e+02 
       3.169302645098e-01       7.972801405597e+02 
       3.201568650378e-01       7.836194267622e+02 
       3.233834662110e-01       7.698862622181e+02 
       3.266100680101e-01       7.559441189402e+02 
       3.298366704166e-01       7.417745743463e+02 
       3.330632734128e-01       7.274010893115e+02 
       3.362898769816e-01       7.129193458106e+02 
       3.395164811067e-01       6.984412855017e+02 
       3.427430857722e-01       6.841087030112e+02 
       3.459696909630e-01       6.700486409326e+02 
       3.491962966645e-01       6.563785300856e+02 
       3.524229028625e-01       6.432090826293e+02 
       3.556495095434e-01       6.306091375575e+02 
       3.588761166943e-01       6.186238033229e+02 
       3.621027243024e-01       6.072753046542e+02 
       3.653293323556e-01       5.965393518895e+02 
       3.685559408422e-01       5.863656183209e+02 
       3.717825497508e-01       5.766717480224e+02 
       3.750091590705e-01       5.673675047686e+02 
       3.782357687907e-01       5.583488912045e+02 
       3.814623789013e-01       5.495434756796e+02 
       3.846889893923e-01       5.408624531186e+02 
       3.879156002542e-01       5.322755448731e+02 
       3.911422114778e-01       5.237322271557e+02 
       3.943688230542e-01       5.152248696993e+02 
       3.975954349748e-01       5.067463090228e+02 
       4.008220472312e-01       4.983057597957e+02 
       4.040486598153e-01       4.899321303428e+02 
       4.072752727194e-01       4.816500398436e+02 
       4.105018859358e-01       4.735035270053e+02 
       4.137284994573e-01       4.655292973021e+02 
       4.169551132766e-01       4.577614162119e+02 
       4.201817273870e-01       4.502281655204e+02 
       4.234083417817e-01       4.429301917326e+02 
       4.266349564542e-01       4.358790871642e+02 
       4.298615713984e-01       4.290654616334e+02 
       4.330881866080e-01       4.224750557952e+02 
       4.363148020772e-01       4.161081493702e+02 
       4.395414178003e-01       4.099351673523e+02 
       4.427680337716e-01       4.039348586043e+02 
       4.459946499858e-01       3.980883293323e+02 
       4.492212664376e-01       3.923723955990e+02 
       4.524478831219e-01       3.867525832483e+02 
       4.556745000337e-01       3.812104717099e+02 
       4.589011171683e-01       3.757422292923e+02 
       4.621277345210e-01       3.703251528932e+02 
       4.653543520871e-01       3.649744576617e+02 
       4.685809698623e-01       3.596843483708e+02 
       4.718075878423e-01       3.544661623490e+02 
       4.750342060229e-01       3.493185505984e+02 
       4.782608244000e-01       3.442532059738e+02 
       4.814874429697e-01       3.392839166292e+02 
       4.847140617280e-01       3.344116780195e+02 
       4.879406806713e-01       3.296520651707e+02 
       4.911672997959e-01       3.250123038560e+02 
       4.943939190982e-01       3.204936022713e+02 
       4.976205385747e-01       3.160967686481e+02 
       5.008471582221e-01       3.118156920681e+02 
       5.040737780371e-01       3.076383073009e+02 
       5.073003980164e-01       3.035563858002e+02 
       5.105270181570e-01       2.995608052429e+02 
       5.137536384558e-01       2.956443803685e+02 
       5.169802589098e-01       2.917956713577e+02 
       5.202068795162e-01       2.880122632912e+02 
       5.234335002720e-01       2.842862330576e+02 
       5.266601211746e-01       2.806131815320e+02 
       5.298867422213e-01       2.769904562269e+02 
       5.331133634094e-01       2.734125012210e+02 
       5.363399847363e-01       2.698833623841e+02 
       5.395666061997e-01       2.664073156580e+02 
       5.427932277970e-01       2.629918263641e+02 
       5.460198495258e-01       2.596301661229e+02 
       5.492464713839e-01       2.563340880348e+02 
       5.524730933689e-01       2.531001213237e+02 
       5.556997154787e-01       2.499274013792e+02 
       5.589263377110e-01       2.468147356259e+02 
       5.621529600638e-01       2.437643036640e+02 
       5.653795825350e-01       2.407704146711e+02 
       5.686062051226e-01       2.378388826881e+02 
       5.718328278245e-01       2.349610246889e+02 
       5.750594506389e-01       2.321407312967e+02 
       5.782860735639e-01       2.293691794068e+02 
       5.815126965976e-01       2.266447456307e+02 
       5.847393197383e-01       2.239633563882e+02 
       5.879659429841e-01       2.213230348318e+02 
       5.911925663333e-01       2.187225951015e+02 
       5.944191897843e-01       2.161621142249e+02 
       5.976458133353e-01       2.136417330431e+02 
       6.008724369849e-01       2.111585762311e+02 
       6.040990607313e-01       2.087121213928e+02 
       6.073256845731e-01       2.063010649110e+02 
       6.105523085087e-01       2.039231919063e+02 
       6.137789325366e-01       2.015847894652e+02 
       6.170055566555e-01       1.992812546666e+02 
       6.202321808638e-01       1.970161698556e+02 
       6.234588051602e-01       1.947913736473e+02 
       6.266854295433e-01       1.926036279357e+02 
       6.299120540118e-01       1.904511706632e+02 
       6.331386785643e-01       1.883356794789e+02 
       6.363653031996e-01       1.862559726165e+02 
       6.395919279165e-01       1.842032958738e+02 
       6.428185527137e-01       1.821863631825e+02 
       6.460451775899e-01       1.802025516322e+02 
       6.492718025441e-01       1.782489605324e+02 
       6.524984275750e-01       1.763277361958e+02 
       6.557250526816e-01       1.744336089327e+02 
       6.589516778626e-01       1.725652864569e+02 
       6.621783031171e-01       1.707231231942e+02 
       6.654049284438e-01       1.689050977145e+02 
       6.686315538419e-01       1.671157609714e+02 
       6.718581793103e-01       1.653513753764e+02 
       6.750848048479e-01       1.636156146313e+02 
       6.783114304537e-01       1.619007899874e+02 
       6.815380561269e-01       1.602126966254e+02 
       6.847646818664e-01       1.585484172903e+02 
       6.879913076713e-01       1.569059417142e+02 
       6.912179335406e-01       1.552899138618e+02 
       6.944445594736e-01       1.536965391388e+02 
       6.976711854692e-01       1.521279739183e+02 
       7.008978115267e-01       1.505819387035e+02 
       7.041244376452e-01       1.490593485366e+02 
       7.073510638238e-01       1.475585874250e+02 
       7.105776900617e-01       1.460786051286e+02 
       7.138043163581e-01       1.446192392127e+02 
       7.170309427123e-01       1.431795098968e+02 
       7.202575691234e-01       1.417589861607e+02 
       7.234841955906e-01       1.403596785856e+02 
       7.267108221133e-01       1.389799343675e+02 
       7.299374486907e-01       1.376192715914e+02 
       7.331640753221e-01       1.362760571583e+02 
       7.363907020068e-01       1.349506382433e+02 
       7.396173287440e-01       1.336411754901e+02 
       7.428439555330e-01       1.323508129178e+02 
       7.460705823733e-01       1.310760519197e+02 
       7.492972092641e-01       1.298196795396e+02 
       7.525238362048e-01       1.285812965417e+02 
       7.557504631947e-01       1.273593734069e+02 
       8.253927858816e-01       1.045030835172e+02 
       9.259282229595e-01       8.052122870168e+01 
       1.085451668290e+00       5.587767628768e+01 
       1.338300061652e+00       3.425520305675e+01 
       1.682427571140e+00       1.987807139252e+01 
       2.118008453893e+00       1.139320950127e+01 
       2.666414519620e+00       6.476548951107e+00 
       3.356816997057e+00       3.654233147422e+00 
       4.225982220338e+00       2.047977871385e+00 
       5.320196406974e+00       1.140766313823e+00 
       6.697730452476e+00       6.318043999232e-01 
       8.431943067969e+00       3.481152372261e-01 
       1.061518739907e+01       1.908748134304e-01 
       1.336372916764e+01       1.041868917083e-01 
       1.682393824548e+01       5.662610171286e-02 
       2.118008338369e+01       3.064299454577e-02 
       2.666414519565e+01       1.650839667414e-02 
       3.356816997057e+01       8.859000212380e-03 
       4.225982220338e+01       4.729407826691e-03 
       5.320196406974e+01       2.514035560691e-03 
       6.697730452476e+01       1.314422442079e-03 
       8.431943067969e+01       6.811316472016e-04 
       1.061518739907e+02       3.459685934612e-04 
       1.336372916764e+02       1.696402174722e-04 
       1.682393824548e+02       7.937471964075e-05 
       2.118008338369e+02       3.398093948401e-05 
       2.666414519565e+02       1.288153808805e-05 
       3.356816997057e+02       3.718983885780e-06 
       4.225982220338e+02       6.070448074770e-07 
       5.320196406974e+02       1.053096082193e-08 
       6.697730452476e+02       2.196618438127e-08 
       8.431943067969e+02       3.145826365042e-09 
       1.061518739907e+03       1.053551856622e-10 
       1.336372916764e+03       4.016104295189e-10 
       1.682393824548e+03       8.425876700231e-12 
       2.118008338369e+03       5.011393540964e-14 
