# Matter power spectrum P(k) at redshift z=0
# for k=1.04542e-05 to 530.366 h/Mpc,
# number of wavenumbers equal to 629
#    1:k (h/Mpc)              2:P (Mpc/h)^3        
       1.045418263576e-05       4.795944168013e+01 
       2.335860758179e-05       1.042731712054e+02 
       3.630853901088e-05       1.596697988441e+02 
       4.933894711041e-05       2.147191084220e+02 
       6.248538221742e-05       2.697497148929e+02 
       7.578429296286e-05       3.250106023408e+02 
       8.927335461953e-05       3.807164731129e+02 
       1.029918120354e-04       4.370663829357e+02 
       1.169808415681e-04       4.942533432294e+02 
       1.312839364691e-04       5.524701621924e+02 
       1.459473201725e-04       6.119135876350e+02 
       1.610203918815e-04       6.727874953910e+02 
       1.765562086606e-04       7.353056987494e+02 
       1.926120078640e-04       7.996944976473e+02 
       2.092497730541e-04       8.661951450736e+02 
       2.265368454614e-04       9.350663175304e+02 
       2.445465813295e-04       1.006586572933e+03 
       2.633590529564e-04       1.081056852912e+03 
       2.830617876064e-04       1.158802987770e+03 
       3.037505333829e-04       1.240178160609e+03 
       3.255300342452e-04       1.325565288091e+03 
       3.485147871997e-04       1.415379105259e+03 
       3.728297429224e-04       1.510067933603e+03 
       3.986108964219e-04       1.610114764128e+03 
       4.260056968656e-04       1.716037487737e+03 
       4.551731859315e-04       1.828387827360e+03 
       4.862837534437e-04       1.947748616160e+03 
       5.195183802393e-04       2.074728886206e+03 
       5.550672254829e-04       2.209956354087e+03 
       5.931274150117e-04       2.354066641664e+03 
       6.338999063690e-04       2.507689245703e+03 
       6.775853530004e-04       2.671429596119e+03 
       7.243789710688e-04       2.845847966973e+03 
       7.744645289198e-04       3.031435431977e+03 
       8.280077240351e-04       3.228588472129e+03 
       8.851493661626e-04       3.437583856679e+03 
       9.459989172148e-04       3.658555932827e+03 
       1.010629010894e-03       3.891479092951e+03 
       1.079071554240e-03       4.136157097724e+03 
       1.151315883402e-03       4.392221670838e+03 
       1.227309219042e-03       4.659139971417e+03 
       1.306959384449e-03       4.936231770151e+03 
       1.390139471957e-03       5.222693516403e+03 
       1.476693930060e-03       5.517627001079e+03 
       1.566445434217e-03       5.820070878588e+03 
       1.659201907235e-03       6.129030649492e+03 
       1.754763150336e-03       6.443506492109e+03 
       1.852926696135e-03       6.762516415934e+03 
       1.953492659852e-03       7.085116194882e+03 
       2.056267513617e-03       7.410412282387e+03 
       2.161066822587e-03       7.737572130509e+03 
       2.267717055596e-03       8.065831095953e+03 
       2.376056620830e-03       8.394491316851e+03 
       2.485936286918e-03       8.722925210664e+03 
       2.597219141225e-03       9.050569136237e+03 
       2.709780218116e-03       9.376924715605e+03 
       2.823505906830e-03       9.701549002087e+03 
       2.938293225246e-03       1.002405337795e+04 
       3.054049024753e-03       1.034409674627e+04 
       3.170689173489e-03       1.066138277349e+04 
       3.288137750827e-03       1.097565200073e+04 
       3.406326274758e-03       1.128668116600e+04 
       3.525192975461e-03       1.159427665290e+04 
       3.644682122232e-03       1.189827303473e+04 
       3.764743406647e-03       1.219853086116e+04 
       3.885331381932e-03       1.249492859775e+04 
       4.006404956591e-03       1.278737010403e+04 
       4.127926939195e-03       1.307577101664e+04 
       4.249863630605e-03       1.336006714840e+04 
       4.372184459631e-03       1.364020607423e+04 
       4.494861658082e-03       1.391614543751e+04 
       4.617869971307e-03       1.418785853203e+04 
       4.741186400542e-03       1.445530979562e+04 
       4.864789973635e-03       1.471849114580e+04 
       4.988661541037e-03       1.497741257350e+04 
       5.112783594219e-03       1.523210487342e+04 
       5.237140103981e-03       1.548249209563e+04 
       5.361716376380e-03       1.572859816556e+04 
       5.486498924255e-03       1.597052132624e+04 
       5.611475352558e-03       1.620813930205e+04 
       5.736634255918e-03       1.644163602727e+04 
       5.861965127014e-03       1.667091841022e+04 
       5.987458274547e-03       1.689603212762e+04 
       6.113104749706e-03       1.711696980175e+04 
       6.238896280181e-03       1.733385308202e+04 
       6.364825210863e-03       1.754664553741e+04 
       6.490884450506e-03       1.775540808400e+04 
       6.617067423670e-03       1.796013467136e+04 
       6.743368027394e-03       1.816091872249e+04 
       6.869780592062e-03       1.835776368365e+04 
       6.996299846025e-03       1.855071619058e+04 
       7.122920883578e-03       1.873978953432e+04 
       7.249639135940e-03       1.892504285905e+04 
       7.376450344912e-03       1.910650107018e+04 
       7.503350538959e-03       1.928422351822e+04 
       7.630336011448e-03       1.945822051170e+04 
       7.757403300834e-03       1.962855152741e+04 
       7.884549172602e-03       1.979524016681e+04 
       8.011770602780e-03       1.995834264417e+04 
       8.139064762885e-03       2.011787419764e+04 
       8.266429006150e-03       2.027388833608e+04 
       8.393860854919e-03       2.042642621530e+04 
       8.521357989095e-03       2.057553175485e+04 
       8.648918235536e-03       2.072123251897e+04 
       8.776539558335e-03       2.086356892044e+04 
       8.904220049869e-03       2.100258037595e+04 
       9.031957922578e-03       2.113830520164e+04 
       9.159751501391e-03       2.127077609798e+04 
       9.287599216747e-03       2.140004161940e+04 
       9.415499598159e-03       2.152612425423e+04 
       9.543451268279e-03       2.164906663465e+04 
       9.671452937407e-03       2.176890574013e+04 
       9.799503398424e-03       2.188567232925e+04 
       9.927601522103e-03       2.199940204966e+04 
       1.005574625276e-02       2.211013816664e+04 
       1.018393660426e-02       2.221790114195e+04 
       1.031217165625e-02       2.232274005868e+04 
       1.044045055074e-02       2.242467430901e+04 
       1.056877248888e-02       2.252375267678e+04 
       1.069713672801e-02       2.261999433827e+04 
       1.082554257885e-02       2.271344493174e+04 
       1.095398940300e-02       2.280412825794e+04 
       1.108247661049e-02       2.289207808557e+04 
       1.121100365763e-02       2.297733584140e+04 
       1.133957004488e-02       2.305992197841e+04 
       1.146817531501e-02       2.313987053339e+04 
       1.159681905124e-02       2.321721440734e+04 
       1.172550087565e-02       2.329197792072e+04 
       1.185422044759e-02       2.336420799062e+04 
       1.198297746229e-02       2.343391564830e+04 
       1.211177164948e-02       2.350114746503e+04 
       1.224060277217e-02       2.356592098033e+04 
       1.236947062552e-02       2.362827464456e+04 
       1.249837503574e-02       2.368822830430e+04 
       1.262731585910e-02       2.374582691427e+04 
       1.275629298102e-02       2.380109144193e+04 
       1.288530631519e-02       2.385404637074e+04 
       1.301435580281e-02       2.390472896418e+04 
       1.314344141184e-02       2.395315013757e+04 
       1.327256313632e-02       2.399936584112e+04 
       1.340172099573e-02       2.404337677562e+04 
       1.353091503446e-02       2.408520752679e+04 
       1.366014532122e-02       2.412491210931e+04 
       1.378941194862e-02       2.416248757566e+04 
       1.391871503266e-02       2.419798238374e+04 
       1.404805471237e-02       2.423141987507e+04 
       1.417743114944e-02       2.426281246862e+04 
       1.430684452787e-02       2.429218762518e+04 
       1.443629505368e-02       2.431959406472e+04 
       1.456578295466e-02       2.434503669999e+04 
       1.469530848011e-02       2.436853515440e+04 
       1.482487190066e-02       2.439013508728e+04 
       1.495447350808e-02       2.440985309829e+04 
       1.508411361512e-02       2.442769212001e+04 
       1.521379255541e-02       2.444371226231e+04 
       1.534351068335e-02       2.445792431080e+04 
       1.547326837404e-02       2.447033100048e+04 
       1.560306602320e-02       2.448098194677e+04 
       1.573290404719e-02       2.448990065033e+04 
       1.586278288295e-02       2.449709605549e+04 
       1.599270298807e-02       2.450259799873e+04 
       1.612266484076e-02       2.450642206315e+04 
       1.625266893996e-02       2.450861227530e+04 
       1.638271580538e-02       2.450916965258e+04 
       1.651280597760e-02       2.450812826183e+04 
       1.664294001817e-02       2.450549555217e+04 
       1.677311850978e-02       2.450132168713e+04 
       1.690334205635e-02       2.449560334018e+04 
       1.703361128322e-02       2.448837118281e+04 
       1.716392683735e-02       2.447964635007e+04 
       1.729428938749e-02       2.446942290535e+04 
       1.742469962440e-02       2.445780296642e+04 
       1.755515826110e-02       2.444472518212e+04 
       1.768566603311e-02       2.443024335697e+04 
       1.781622369869e-02       2.441436775037e+04 
       1.794683203918e-02       2.439713898737e+04 
       1.807749185925e-02       2.437854938207e+04 
       1.820820398722e-02       2.435865353785e+04 
       1.833896927542e-02       2.433743719786e+04 
       1.846978860051e-02       2.431492741935e+04 
       1.860066286389e-02       2.429117068615e+04 
       1.873159299202e-02       2.426616179013e+04 
       1.886257993685e-02       2.423990455130e+04 
       1.899362467627e-02       2.421247582603e+04 
       1.912472821449e-02       2.418385235944e+04 
       1.925589158252e-02       2.415403816904e+04 
       1.938711583864e-02       2.412309713295e+04 
       1.951840206888e-02       2.409102370529e+04 
       1.964975138754e-02       2.405781468534e+04 
       1.978116493770e-02       2.402355242999e+04 
       1.991264389176e-02       2.398816927468e+04 
       2.004418945202e-02       2.395177017970e+04 
       2.017580285125e-02       2.391430414196e+04 
       2.030748535333e-02       2.387584422420e+04 
       2.043923825379e-02       2.383633971746e+04 
       2.057106288055e-02       2.379588422401e+04 
       2.070296059453e-02       2.375446887555e+04 
       2.083493279034e-02       2.371209311071e+04 
       2.096698089700e-02       2.366876855364e+04 
       2.109910637870e-02       2.362453933496e+04 
       2.123131073551e-02       2.357944239321e+04 
       2.136359550419e-02       2.353340495941e+04 
       2.149596225897e-02       2.348649482568e+04 
       2.162841261244e-02       2.343879939585e+04 
       2.176094821634e-02       2.339021943660e+04 
       2.189357076247e-02       2.334086547022e+04 
       2.202628198361e-02       2.329067620370e+04 
       2.215908365448e-02       2.323972518391e+04 
       2.229197759267e-02       2.318800208808e+04 
       2.242496565964e-02       2.313551308365e+04 
       2.255804976181e-02       2.308230491682e+04 
       2.269123185155e-02       2.302836449293e+04 
       2.282451392835e-02       2.297373880292e+04 
       2.295789803989e-02       2.291838123190e+04 
       2.309138628325e-02       2.286237317416e+04 
       2.322498080608e-02       2.280569041570e+04 
       2.335868380789e-02       2.274834985421e+04 
       2.349249754127e-02       2.269036547757e+04 
       2.362642431327e-02       2.263178984212e+04 
       2.376046648674e-02       2.257262352994e+04 
       2.389462648170e-02       2.251282091302e+04 
       2.402890677687e-02       2.245249838723e+04 
       2.416330991111e-02       2.239160403853e+04 
       2.429783848498e-02       2.233013429459e+04 
       2.443249516232e-02       2.226811870249e+04 
       2.456728267196e-02       2.220564390009e+04 
       2.470220380934e-02       2.214254519214e+04 
       2.483726143832e-02       2.207906118719e+04 
       2.497245849297e-02       2.201506611107e+04 
       2.510779797946e-02       2.195056291396e+04 
       2.524328297798e-02       2.188562537664e+04 
       2.537891664477e-02       2.182021299767e+04 
       2.551470221413e-02       2.175444682852e+04 
       2.565064300064e-02       2.168819446162e+04 
       2.578674240128e-02       2.162153336103e+04 
       2.592300389778e-02       2.155448167230e+04 
       2.605943105895e-02       2.148705994048e+04 
       2.619602754313e-02       2.141926356098e+04 
       2.633279710074e-02       2.135110611999e+04 
       2.646974357686e-02       2.128259363557e+04 
       2.660687091395e-02       2.121372542041e+04 
       2.674418315466e-02       2.114454450727e+04 
       2.688168444474e-02       2.107503732012e+04 
       2.701937903603e-02       2.100521084992e+04 
       2.715727128958e-02       2.093510530823e+04 
       2.729536567886e-02       2.086467250300e+04 
       2.743366679316e-02       2.079407436150e+04 
       2.757217934098e-02       2.072310394681e+04 
       2.771090815369e-02       2.065189328035e+04 
       2.784985818921e-02       2.058041004203e+04 
       2.798903453593e-02       2.050879349653e+04 
       2.812844241666e-02       2.043686638081e+04 
       2.826808719287e-02       2.036471672883e+04 
       2.840797436895e-02       2.029240915078e+04 
       2.854810959676e-02       2.021988063376e+04 
       2.868849868025e-02       2.014712778117e+04 
       2.882914758037e-02       2.007422712546e+04 
       2.897006242004e-02       2.000116730128e+04 
       2.911124948945e-02       1.992797547422e+04 
       2.925271525152e-02       1.985450055833e+04 
       2.939446634751e-02       1.978096984444e+04 
       2.953650960300e-02       1.970724875899e+04 
       2.967885203401e-02       1.963344535163e+04 
       2.982150085340e-02       1.955953749951e+04 
       2.996446347753e-02       1.948543081569e+04 
       3.010774753325e-02       1.941124520833e+04 
       3.025136086512e-02       1.933698120042e+04 
       3.039531154298e-02       1.926264201454e+04 
       3.053960786982e-02       1.918819474350e+04 
       3.068425839005e-02       1.911360974728e+04 
       3.082927189804e-02       1.903902044603e+04 
       3.097465744712e-02       1.896427668180e+04 
       3.112042435897e-02       1.888957963072e+04 
       3.126658223339e-02       1.881481211770e+04 
       3.141314095855e-02       1.873992925532e+04 
       3.156011072173e-02       1.866506316607e+04 
       3.170750202052e-02       1.859011437837e+04 
       3.185532567453e-02       1.851510715500e+04 
       3.200359283774e-02       1.844013608806e+04 
       3.215231501135e-02       1.836513614779e+04 
       3.230150405729e-02       1.829009554982e+04 
       3.245117221237e-02       1.821504081743e+04 
       3.260133210316e-02       1.814000643222e+04 
       3.275199676159e-02       1.806489168151e+04 
       3.290317964127e-02       1.798988357272e+04 
       3.305489463477e-02       1.791488216584e+04 
       3.320715609168e-02       1.783984082091e+04 
       3.335997883759e-02       1.776485358789e+04 
       3.351337819419e-02       1.768980277342e+04 
       3.366737000026e-02       1.761485503248e+04 
       3.382197063392e-02       1.754001220366e+04 
       3.397719703597e-02       1.746502403628e+04 
       3.413306673463e-02       1.739012911119e+04 
       3.428959787147e-02       1.731533269069e+04 
       3.444680922897e-02       1.724053985320e+04 
       3.460472025947e-02       1.716576699361e+04 
       3.476335111588e-02       1.709107838723e+04 
       3.492272268408e-02       1.701642230693e+04 
       3.508285661729e-02       1.694179556904e+04 
       3.524377537236e-02       1.686724692465e+04 
       3.540550224829e-02       1.679274018084e+04 
       3.556806142709e-02       1.671829175550e+04 
       3.573147801706e-02       1.664383987523e+04 
       3.589577809878e-02       1.656956426404e+04 
       3.606098877400e-02       1.649523795679e+04 
       3.622713821756e-02       1.642112310518e+04 
       3.639425573267e-02       1.634693174436e+04 
       3.656237180982e-02       1.627287027179e+04 
       3.673151818941e-02       1.619887356579e+04 
       3.690172792873e-02       1.612489197036e+04 
       3.707303547333e-02       1.605100248940e+04 
       3.724547673325e-02       1.597717501652e+04 
       3.741908916465e-02       1.590343168649e+04 
       3.759391185700e-02       1.582974185987e+04 
       3.776998562656e-02       1.575607524524e+04 
       3.794735311660e-02       1.568251674254e+04 
       3.812605890486e-02       1.560908290578e+04 
       3.830614961908e-02       1.553563984315e+04 
       3.848767406110e-02       1.546221185469e+04 
       3.867068334051e-02       1.538890033692e+04 
       3.885523101859e-02       1.531562083217e+04 
       3.904137326354e-02       1.524241935000e+04 
       3.922916901816e-02       1.516922231494e+04 
       3.941868018102e-02       1.509612697464e+04 
       3.960997180255e-02       1.502302242609e+04 
       3.980311229750e-02       1.494997825056e+04 
       3.999817367549e-02       1.487700349832e+04 
       4.019523179131e-02       1.480403341648e+04 
       4.039436661729e-02       1.473109448441e+04 
       4.059566253989e-02       1.465813411620e+04 
       4.079920868315e-02       1.458523624826e+04 
       4.100509926205e-02       1.451237174447e+04 
       4.121343396893e-02       1.443948654401e+04 
       4.142431839692e-02       1.436661507675e+04 
       4.163786450450e-02       1.429374190489e+04 
       4.185419112608e-02       1.422082948775e+04 
       4.207342453412e-02       1.414790650532e+04 
       4.229569905907e-02       1.407495510955e+04 
       4.252115777431e-02       1.400195038868e+04 
       4.274995325427e-02       1.392888791970e+04 
       4.298224841529e-02       1.385583925418e+04 
       4.321821745006e-02       1.378265360049e+04 
       4.345804686819e-02       1.370936654517e+04 
       4.370193665753e-02       1.363606011798e+04 
       4.395010158312e-02       1.356258974021e+04 
       4.420277264351e-02       1.348899324045e+04 
       4.446019870738e-02       1.341527428386e+04 
       4.472264835749e-02       1.334138102478e+04 
       4.499041197361e-02       1.326732586192e+04 
       4.526380409180e-02       1.319314026066e+04 
       4.554316608419e-02       1.311866862156e+04 
       4.582886921187e-02       1.304397815519e+04 
       4.612131811331e-02       1.296904935705e+04 
       4.642095480327e-02       1.289380229777e+04 
       4.672826327198e-02       1.281824707806e+04 
       4.704377479299e-02       1.274239437663e+04 
       4.736807407078e-02       1.266607067042e+04 
       4.770180638766e-02       1.258939956885e+04 
       4.804568594452e-02       1.251225565464e+04 
       4.840050563413e-02       1.243454287471e+04 
       4.876714854075e-02       1.235636342391e+04 
       4.914660152963e-02       1.227752076526e+04 
       4.953997137767e-02       1.219803180778e+04 
       4.994850400842e-02       1.211777108171e+04 
       5.037360753633e-02       1.203667369827e+04 
       5.081688000630e-02       1.195460699459e+04 
       5.128014294513e-02       1.187154768168e+04 
       5.176548213502e-02       1.178731746394e+04 
       5.227529739145e-02       1.170175444269e+04 
       5.281236359506e-02       1.161467263913e+04 
       5.337990580413e-02       1.152592700148e+04 
       5.398169196775e-02       1.143522141670e+04 
       5.462214754728e-02       1.134222044960e+04 
       5.530649715810e-02       1.124647636676e+04 
       5.604093895751e-02       1.114762517316e+04 
       5.683285746342e-02       1.104492248711e+04 
       5.769107882660e-02       1.093757892827e+04 
       5.862616738397e-02       1.082449849209e+04 
       5.965075001994e-02       1.070421965393e+04 
       6.077982922594e-02       1.057480155510e+04 
       6.203099714287e-02       1.043365172275e+04 
       6.342437984146e-02       1.027716309213e+04 
       6.498202018026e-02       1.010073833501e+04 
       6.672628276714e-02       9.898371183948e+03 
       6.867686408669e-02       9.662988041374e+03 
       7.084637732524e-02       9.387129787135e+03 
       7.323549284800e-02       9.064670027502e+03 
       7.582989902858e-02       8.693264476510e+03 
       7.860150763933e-02       8.276651173528e+03 
       8.151416478944e-02       7.825527091736e+03 
       8.453109558626e-02       7.356181532382e+03 
       8.762056285627e-02       6.887637280486e+03 
       9.075822624793e-02       6.438310434507e+03 
       9.392689658952e-02       6.023539149808e+03 
       9.711509077886e-02       5.654029184821e+03 
       1.003154101817e-01       5.335530082843e+03 
       1.035231960811e-01       5.068982175780e+03 
       1.067355567246e-01       4.851327470401e+03 
       1.099507128677e-01       4.676384323009e+03 
       1.131675755780e-01       4.535783769663e+03 
       1.163854804873e-01       4.419909095481e+03 
       1.196040229558e-01       4.318809625755e+03 
       1.228229567247e-01       4.223022717604e+03 
       1.260421319329e-01       4.124432513210e+03 
       1.292614573303e-01       4.016932600070e+03 
       1.324808772846e-01       3.896833108852e+03 
       1.357003578066e-01       3.763059690590e+03 
       1.389198780613e-01       3.616922053107e+03 
       1.421394252135e-01       3.461682810836e+03 
       1.453589912975e-01       3.301884451407e+03 
       1.485785713169e-01       3.142632973034e+03 
       1.517981620897e-01       2.988921011585e+03 
       1.550177615468e-01       2.845085665574e+03 
       1.582373683050e-01       2.714414525505e+03 
       1.614569814071e-01       2.598947150404e+03 
       1.646766001633e-01       2.499431178033e+03 
       1.678962240538e-01       2.415405848198e+03 
       1.711158526699e-01       2.345389384622e+03 
       1.743354856765e-01       2.287104917587e+03 
       1.775551227897e-01       2.237765005719e+03 
       1.807747637617e-01       2.194336551944e+03 
       1.839944083725e-01       2.154080996010e+03 
       1.872140564228e-01       2.114374186071e+03 
       1.904337077311e-01       2.072542742506e+03 
       1.936533621297e-01       2.026969457972e+03 
       1.968730194637e-01       1.976838205191e+03 
       2.000926795890e-01       1.922136806517e+03 
       2.033123423711e-01       1.863559802129e+03 
       2.065320076842e-01       1.802360594339e+03 
       2.097516754107e-01       1.740094123110e+03 
       2.129713454401e-01       1.678380678627e+03 
       2.161910176687e-01       1.618728423397e+03 
       2.194106919987e-01       1.562400171152e+03 
       2.226303683385e-01       1.510321797348e+03 
       2.258500466014e-01       1.463100535509e+03 
       2.290697267057e-01       1.420953998249e+03 
       2.322894085744e-01       1.383786308358e+03 
       2.355090921345e-01       1.351198395683e+03 
       2.387287773172e-01       1.322520375381e+03 
       2.419484640572e-01       1.296910667816e+03 
       2.451681522929e-01       1.273388449241e+03 
       2.483878419656e-01       1.251037526763e+03 
       2.516075330199e-01       1.228964311982e+03 
       2.548272254031e-01       1.206483000689e+03 
       2.580469190650e-01       1.183108252695e+03 
       2.612666139582e-01       1.158570891404e+03 
       2.644863100374e-01       1.132809258085e+03 
       2.677060072596e-01       1.105974885392e+03 
       2.709257055838e-01       1.078358853671e+03 
       2.741454049708e-01       1.050391685959e+03 
       2.773651053836e-01       1.022532230695e+03 
       2.805848067865e-01       9.953143847845e+02 
       2.838045091457e-01       9.691719214079e+02 
       2.870242124288e-01       9.444781631266e+02 
       2.902439166050e-01       9.214736908056e+02 
       2.934636216446e-01       9.002573356219e+02 
       2.966833275194e-01       8.808034785164e+02 
       2.999030342024e-01       8.629715727220e+02 
       3.031227416676e-01       8.465563250532e+02 
       3.063424498903e-01       8.312955766211e+02 
       3.095621588467e-01       8.169040543115e+02 
       3.127818685140e-01       8.030956966109e+02 
       3.160015788705e-01       7.895982081140e+02 
       3.192212898950e-01       7.761755989588e+02 
       3.224410015676e-01       7.626456204433e+02 
       3.256607138690e-01       7.488946575700e+02 
       3.288804267804e-01       7.348788164989e+02 
       3.321001402842e-01       7.206295770746e+02 
       3.353198543632e-01       7.062357406428e+02 
       3.385395690009e-01       6.918185746553e+02 
       3.417592841814e-01       6.775231362689e+02 
       3.449789998895e-01       6.634860366856e+02 
       3.481987161104e-01       6.498373611000e+02 
       3.514184328300e-01       6.366832252952e+02 
       3.546381500347e-01       6.241069201109e+02 
       3.578578677113e-01       6.121601427074e+02 
       3.610775858471e-01       6.008605460622e+02 
       3.642973044299e-01       5.901904628379e+02 
       3.675170234479e-01       5.800962107083e+02 
       3.707367428897e-01       5.704961215643e+02 
       3.739564627443e-01       5.612958496183e+02 
       3.771761830011e-01       5.523929088158e+02 
       3.803959036498e-01       5.436976768340e+02 
       3.836156246806e-01       5.351366650267e+02 
       3.868353460838e-01       5.266536719282e+02 
       3.900550678502e-01       5.182134191648e+02 
       3.932747899709e-01       5.097966857554e+02 
       3.964945124371e-01       5.013988967551e+02 
       3.997142352405e-01       4.930303661764e+02 
       4.029339583730e-01       4.847154484292e+02 
       4.061536818266e-01       4.764865993269e+02 
       4.093734055939e-01       4.683877815291e+02 
       4.125931296675e-01       4.604562099741e+02 
       4.158128540401e-01       4.527307601241e+02 
       4.190325787049e-01       4.452356067525e+02 
       4.222523036551e-01       4.379838970083e+02 
       4.254720288843e-01       4.309789727232e+02 
       4.286917543862e-01       4.242152405861e+02 
       4.319114801546e-01       4.176840300596e+02 
       4.351312061835e-01       4.113697649998e+02 
       4.383509324673e-01       4.052557949214e+02 
       4.415706590004e-01       3.993212400955e+02 
       4.447903857772e-01       3.935387345906e+02 
       4.480101127926e-01       3.878834565703e+02 
       4.512298400414e-01       3.823266719924e+02 
       4.544495675186e-01       3.768491190091e+02 
       4.576692952193e-01       3.714347812378e+02 
       4.608890231390e-01       3.660788944783e+02 
       4.641087512730e-01       3.607769685925e+02 
       4.673284796168e-01       3.555372111570e+02 
       4.705482081662e-01       3.503617720346e+02 
       4.737679369169e-01       3.452592217576e+02 
       4.769876658649e-01       3.402370153601e+02 
       4.802073950061e-01       3.353038619927e+02 
       4.834271243368e-01       3.304703589849e+02 
       4.866468538530e-01       3.257482566390e+02 
       4.898665835513e-01       3.211456239016e+02 
       4.930863134278e-01       3.166661481888e+02 
       4.963060434793e-01       3.123083474964e+02 
       4.995257737023e-01       3.080667858590e+02 
       5.027455040935e-01       3.039309978041e+02 
       5.059652346496e-01       2.998913990281e+02 
       5.091849653676e-01       2.959374369418e+02 
       5.124046962443e-01       2.920605080868e+02 
       5.156244272769e-01       2.882548428632e+02 
       5.188441584623e-01       2.845120425262e+02 
       5.220638897977e-01       2.808263454660e+02 
       5.252836212805e-01       2.771918376303e+02 
       5.285033529078e-01       2.736044232517e+02 
       5.317230846770e-01       2.700634749878e+02 
       5.349428165856e-01       2.665697616118e+02 
       5.381625486311e-01       2.631275045675e+02 
       5.413822808110e-01       2.597413636701e+02 
       5.446020131229e-01       2.564145614099e+02 
       5.478217455645e-01       2.531496200798e+02 
       5.510414781336e-01       2.499460449649e+02 
       5.542612108277e-01       2.468038204566e+02 
       5.574809436449e-01       2.437217783795e+02 
       5.607006765830e-01       2.406995144943e+02 
       5.639204096399e-01       2.377368648007e+02 
       5.671401428135e-01       2.348335920475e+02 
       5.703598761020e-01       2.319875586670e+02 
       5.735796095033e-01       2.291959131295e+02 
       5.767993430155e-01       2.264544718860e+02 
       5.800190766369e-01       2.237591243044e+02 
       5.832388103656e-01       2.211066845987e+02 
       5.864585441997e-01       2.184945062780e+02 
       5.896782781377e-01       2.159224226966e+02 
       5.928980121777e-01       2.133895375238e+02 
       5.961177463182e-01       2.108955818684e+02 
       5.993374805575e-01       2.084389220388e+02 
       6.025572148940e-01       2.060185899004e+02 
       6.057769493262e-01       2.036326472874e+02 
       6.089966838526e-01       2.012816113420e+02 
       6.122164184716e-01       1.989651854577e+02 
       6.154361531817e-01       1.966859860351e+02 
       6.186558879817e-01       1.944445553710e+02 
       6.218756228700e-01       1.922414508034e+02 
       6.250953578454e-01       1.900769390647e+02 
       6.283150929064e-01       1.879484525578e+02 
       6.315348280517e-01       1.858550690171e+02 
       6.347545632802e-01       1.837950736452e+02 
       6.379742985904e-01       1.817682828662e+02 
       6.411940339812e-01       1.797736632106e+02 
       6.444137694513e-01       1.778114815430e+02 
       6.476335049996e-01       1.758804474385e+02 
       6.508532406249e-01       1.739789345890e+02 
       6.540729763261e-01       1.721062331729e+02 
       6.572927121021e-01       1.702591432100e+02 
       6.605124479517e-01       1.684377360690e+02 
       6.637321838738e-01       1.666409746997e+02 
       6.669519198675e-01       1.648698914595e+02 
       6.701716559317e-01       1.631249803938e+02 
       6.733913920654e-01       1.614060699741e+02 
       6.766111282675e-01       1.597127257987e+02 
       6.798308645372e-01       1.580432879843e+02 
       6.830506008734e-01       1.563974647961e+02 
       6.862703372752e-01       1.547747550185e+02 
       6.894900737417e-01       1.531751257300e+02 
       6.927098102720e-01       1.515993304836e+02 
       6.959295468652e-01       1.500476599440e+02 
       6.991492835205e-01       1.485195549578e+02 
       7.023690202369e-01       1.470142135455e+02 
       7.055887570136e-01       1.455305502038e+02 
       7.088084938499e-01       1.440675278146e+02 
       7.120282307448e-01       1.426247723596e+02 
       7.152479676977e-01       1.412012532281e+02 
       7.184677047077e-01       1.397976413949e+02 
       7.216874417740e-01       1.384142807159e+02 
       7.249071788960e-01       1.370504385694e+02 
       7.281269160728e-01       1.357050344386e+02 
       7.313466533038e-01       1.343775392673e+02 
       7.345663905882e-01       1.330673837571e+02 
       7.377861279253e-01       1.317745621618e+02 
       7.410058653145e-01       1.304978424512e+02 
       7.442256027550e-01       1.292382079978e+02 
       7.474453402462e-01       1.279963767338e+02 
       7.506650777875e-01       1.267716391746e+02 
       7.538848153782e-01       1.255641881823e+02 
       8.232843604192e-01       1.030062938094e+02 
       9.234278390845e-01       7.934720195040e+01 
       1.082279169860e+00       5.504004787828e+01 
       1.334168016718e+00       3.370289564861e+01 
       1.677197400878e+00       1.951318171407e+01 
       2.111423279643e+00       1.114408819222e+01 
       2.658124272611e+00       6.299280560967e+00 
       3.346380194425e+00       3.520953236025e+00 
       4.212843064286e+00       1.942657347418e+00 
       5.303655189531e+00       1.054121357421e+00 
       6.676906293494e+00       5.587006604628e-01 
       8.405727005048e+00       2.859931121315e-01 
       1.058218333126e+01       1.388591650065e-01 
       1.332217950799e+01       6.212625617153e-02 
       1.677163032309e+01       2.456491659360e-02 
       2.111423161095e+01       8.121433328764e-03 
       2.658124272554e+01       2.105689186846e-03 
       3.346380194425e+01       3.930939538944e-04 
       4.212843064286e+01       4.989933446394e-05 
       5.303655189531e+01       3.929806970867e-06 
       6.676906293494e+01       1.922475239053e-07 
       8.405727005048e+01       6.396274441517e-09 
       1.058218333126e+02       2.316859313827e-10 
       1.332217950799e+02       3.619695575083e-11 
       1.677163032309e+02       2.072646697837e-11 
       2.111423161095e+02       8.535393618951e-12 
       2.658124272554e+02       1.802514068790e-12 
       3.346380194425e+02       2.117911860005e-13 
       4.212843064286e+02       1.517056184645e-14 
       5.303655189531e+02       6.745435374738e-16 
