# Matter power spectrum P(k) at redshift z=0
# for k=1.04191e-05 to 528.706 h/Mpc,
# number of wavenumbers equal to 629
#    1:k (h/Mpc)              2:P (Mpc/h)^3        
       1.041908238681e-05       4.827202639990e+01 
       2.329572772725e-05       1.050205036369e+02 
       3.621755309602e-05       1.608431402670e+02 
       4.921930226242e-05       2.163139407772e+02 
       6.233629263574e-05       2.717635455636e+02 
       7.560472997094e-05       3.274422424428e+02 
       8.906203312220e-05       3.835657319639e+02 
       1.027471731613e-04       4.403338653728e+02 
       1.167010312109e-04       4.979403393968e+02 
       1.309667793763e-04       5.565785808448e+02 
       1.455902891651e-04       6.164458537697e+02 
       1.606205717266e-04       6.777465365165e+02 
       1.761102540636e-04       7.406948629038e+02 
       1.921160950017e-04       8.055175191071e+02 
       2.086995440477e-04       8.724560894081e+02 
       2.259273451923e-04       9.417695026433e+02 
       2.438721860586e-04       1.013736543771e+03 
       2.626133903290e-04       1.088658286481e+03 
       2.822376478497e-04       1.166860640344e+03 
       3.028397718653e-04       1.248696772852e+03 
       3.245234661137e-04       1.334549496228e+03 
       3.474020756007e-04       1.424833394631e+03 
       3.715992834022e-04       1.519996568989e+03 
       3.972497015584e-04       1.620521719240e+03 
       4.244992870343e-04       1.726926437987e+03 
       4.535054943711e-04       1.839762175696e+03 
       4.844370563661e-04       1.959611593947e+03 
       5.174732654477e-04       2.087083725019e+03 
       5.528026154277e-04       2.222806631241e+03 
       5.906206618648e-04       2.367416658874e+03 
       6.311269767112e-04       2.521544669565e+03 
       6.745211171686e-04       2.685798218488e+03 
       7.209976061859e-04       2.860740536972e+03 
       7.707400346226e-04       3.046866628578e+03 
       8.239145361946e-04       3.244577901926e+03 
       8.806630379131e-04       3.454156840317e+03 
       9.410968211426e-04       3.675744195252e+03 
       1.005291004947e-03       3.909320981834e+03 
       1.073280550461e-03       4.154697267600e+03 
       1.145058265224e-03       4.411510508910e+03 
       1.220575069444e-03       4.679232433149e+03 
       1.299742510642e-03       4.957185777557e+03 
       1.382437237505e-03       5.244567915169e+03 
       1.468506926931e-03       5.540480062681e+03 
       1.557777041207e-03       5.843958568209e+03 
       1.650057785971e-03       6.154004817193e+03 
       1.745150726538e-03       6.469613818962e+03 
       1.842854664634e-03       6.789797587332e+03 
       1.942970540075e-03       7.113604926203e+03 
       2.045305270580e-03       7.440134852964e+03 
       2.149674558595e-03       7.768547690762e+03 
       2.255904770646e-03       8.098069513858e+03 
       2.363834035121e-03       8.427995352855e+03 
       2.473312716562e-03       8.757689059066e+03 
       2.584203417559e-03       9.086579153466e+03 
       2.696380641413e-03       9.414159366760e+03 
       2.809730226204e-03       9.739980242803e+03 
       2.924148637824e-03       1.006364680149e+04 
       3.039542188446e-03       1.038481323431e+04 
       3.155826228933e-03       1.070317784601e+04 
       3.272924349076e-03       1.101847920105e+04 
       3.390767608199e-03       1.133049195966e+04 
       3.509293810097e-03       1.163901971537e+04 
       3.628446830034e-03       1.194389730980e+04 
       3.748175997093e-03       1.224498566352e+04 
       3.868435532151e-03       1.254216298104e+04 
       3.989184039765e-03       1.283533177795e+04 
       4.110384051039e-03       1.312441022676e+04 
       4.232001613859e-03       1.340933044797e+04 
       4.354005926563e-03       1.369004306312e+04 
       4.476369011084e-03       1.396650367452e+04 
       4.599065421665e-03       1.423868622439e+04 
       4.722071985506e-03       1.450655506710e+04 
       4.845367571907e-03       1.477010159188e+04 
       4.968932886810e-03       1.502933907651e+04 
       5.092750289881e-03       1.528429834009e+04 
       5.216803631616e-03       1.553490246446e+04 
       5.341078108168e-03       1.578117459376e+04 
       5.465560131882e-03       1.602322419177e+04 
       5.590237215731e-03       1.626092295228e+04 
       5.715097870066e-03       1.649445474418e+04 
       5.840131510269e-03       1.672373891225e+04 
       5.965328374062e-03       1.694881372094e+04 
       6.090679447390e-03       1.716967744632e+04 
       6.216176397895e-03       1.738645301307e+04 
       6.341811515147e-03       1.759908893416e+04 
       6.467577656866e-03       1.780766540918e+04 
       6.593468200488e-03       1.801218104769e+04 
       6.719476999478e-03       1.821272049050e+04 
       6.845598343888e-03       1.840929285615e+04 
       6.971826924693e-03       1.860192702107e+04 
       7.098157801509e-03       1.879065355778e+04 
       7.224586373341e-03       1.897555500233e+04 
       7.351108352038e-03       1.915663187089e+04 
       7.477719738173e-03       1.933393869392e+04 
       7.604416799119e-03       1.950750947608e+04 
       7.731196049072e-03       1.967738726006e+04 
       7.858054230856e-03       1.984361834471e+04 
       7.984988299302e-03       2.000622802992e+04 
       8.111995406080e-03       2.016526598330e+04 
       8.239072885820e-03       2.032076902185e+04 
       8.366218243406e-03       2.047277093334e+04 
       8.493429142333e-03       2.062134092515e+04 
       8.620703394033e-03       2.076648627396e+04 
       8.748038948066e-03       2.090824980091e+04 
       8.875433883113e-03       2.104666962447e+04 
       9.002886398686e-03       2.118182050836e+04 
       9.130394807496e-03       2.131369642788e+04 
       9.257957528427e-03       2.144234561975e+04 
       9.385573080049e-03       2.156781262601e+04 
       9.513240074636e-03       2.169012950322e+04 
       9.640957212639e-03       2.180933942886e+04 
       9.768723277579e-03       2.192546630372e+04 
       9.896537131319e-03       2.203855452607e+04 
       1.002439770970e-02       2.214862194944e+04 
       1.015230401847e-02       2.225574968759e+04 
       1.028025512958e-02       2.235992623666e+04 
       1.040825017763e-02       2.246121197761e+04 
       1.053628835671e-02       2.255962320698e+04 
       1.066436891737e-02       2.265520717048e+04 
       1.079249116385e-02       2.274799086536e+04 
       1.092065445147e-02       2.283801389624e+04 
       1.104885818428e-02       2.292529825042e+04 
       1.117710181278e-02       2.300989786046e+04 
       1.130538483186e-02       2.309182283810e+04 
       1.143370677887e-02       2.317111873617e+04 
       1.156206723185e-02       2.324780751715e+04 
       1.169046580782e-02       2.332192503809e+04 
       1.181890216123e-02       2.339350302771e+04 
       1.194737598255e-02       2.346257641112e+04 
       1.207588699691e-02       2.352915898758e+04 
       1.220443496283e-02       2.359330151343e+04 
       1.233301967107e-02       2.365502438494e+04 
       1.246164094358e-02       2.371435758060e+04 
       1.259029863244e-02       2.377133231764e+04 
       1.271899261899e-02       2.382598675151e+04 
       1.284772281293e-02       2.387833369627e+04 
       1.297648915152e-02       2.392840787522e+04 
       1.310529159887e-02       2.397624339725e+04 
       1.323413014521e-02       2.402185076111e+04 
       1.336300480631e-02       2.406527920931e+04 
       1.349191562286e-02       2.410653469235e+04 
       1.362086265994e-02       2.414566727538e+04 
       1.374984600656e-02       2.418268280634e+04 
       1.387886577518e-02       2.421761800656e+04 
       1.400792210131e-02       2.425050572408e+04 
       1.413701514312e-02       2.428134861256e+04 
       1.426614508117e-02       2.431019950703e+04 
       1.439531211802e-02       2.433707604190e+04 
       1.452451647803e-02       2.436200048476e+04 
       1.465375840709e-02       2.438499648367e+04 
       1.478303817241e-02       2.440608602407e+04 
       1.491235606235e-02       2.442531398530e+04 
       1.504171238629e-02       2.444267653832e+04 
       1.517110747444e-02       2.445821533395e+04 
       1.530054167781e-02       2.447195005343e+04 
       1.543001536806e-02       2.448390513094e+04 
       1.555952893753e-02       2.449411556429e+04 
       1.568908279911e-02       2.450258466537e+04 
       1.581867738633e-02       2.450935071008e+04 
       1.594831315329e-02       2.451442868255e+04 
       1.607799057472e-02       2.451784983418e+04 
       1.620771014605e-02       2.451962569057e+04 
       1.633747238344e-02       2.451979056636e+04 
       1.646727782392e-02       2.451835740586e+04 
       1.659712702546e-02       2.451534815582e+04 
       1.672702056708e-02       2.451079629158e+04 
       1.685695904906e-02       2.450472762436e+04 
       1.698694309302e-02       2.449713964700e+04 
       1.711697334219e-02       2.448807240539e+04 
       1.724705046151e-02       2.447753784967e+04 
       1.737717513792e-02       2.446555662764e+04 
       1.750734808053e-02       2.445215557047e+04 
       1.763757002094e-02       2.443738062409e+04 
       1.776784171341e-02       2.442120121596e+04 
       1.789816393524e-02       2.440366953176e+04 
       1.802853748697e-02       2.438480048442e+04 
       1.815896319278e-02       2.436460391862e+04 
       1.828944190075e-02       2.434313901074e+04 
       1.841997448325e-02       2.432037506966e+04 
       1.855056183730e-02       2.429633505945e+04 
       1.868120488492e-02       2.427107269563e+04 
       1.881190457357e-02       2.424460419307e+04 
       1.894266187652e-02       2.421693180180e+04 
       1.907347779332e-02       2.418809647296e+04 
       1.920435335022e-02       2.415805292449e+04 
       1.933528960068e-02       2.412692532056e+04 
       1.946628762578e-02       2.409462224494e+04 
       1.959734853482e-02       2.406127625292e+04 
       1.972847346575e-02       2.402679092875e+04 
       1.985966358577e-02       2.399125551037e+04 
       1.999092009188e-02       2.395465718783e+04 
       2.012224421145e-02       2.391706614454e+04 
       2.025363720280e-02       2.387843607317e+04 
       2.038510035587e-02       2.383875469451e+04 
       2.051663499283e-02       2.379816636013e+04 
       2.064824246873e-02       2.375658347185e+04 
       2.077992417222e-02       2.371409002173e+04 
       2.091168152623e-02       2.367066595636e+04 
       2.104351598871e-02       2.362629245716e+04 
       2.117542905337e-02       2.358102002567e+04 
       2.130742225049e-02       2.353491848753e+04 
       2.143949714767e-02       2.348794053403e+04 
       2.157165535073e-02       2.344009710373e+04 
       2.170389850449e-02       2.339145993008e+04 
       2.183622829368e-02       2.334199158928e+04 
       2.196864644387e-02       2.329173714349e+04 
       2.210115472239e-02       2.324071557265e+04 
       2.223375493927e-02       2.318888646831e+04 
       2.236644894829e-02       2.313625776560e+04 
       2.249923864795e-02       2.308305378916e+04 
       2.263212598257e-02       2.302904957868e+04 
       2.276511294338e-02       2.297437857267e+04 
       2.289820156963e-02       2.291893351354e+04 
       2.303139394976e-02       2.286287991005e+04 
       2.316469222259e-02       2.280619950369e+04 
       2.329809857858e-02       2.274879609197e+04 
       2.343161526108e-02       2.269075774665e+04 
       2.356524456767e-02       2.263216140730e+04 
       2.369898885148e-02       2.257292674269e+04 
       2.383285052264e-02       2.251316315302e+04 
       2.396683204969e-02       2.245276482507e+04 
       2.410093596107e-02       2.239179244049e+04 
       2.423516484669e-02       2.233030384382e+04 
       2.436952135948e-02       2.226831473218e+04 
       2.450400821706e-02       2.220574510785e+04 
       2.463862820341e-02       2.214273671098e+04 
       2.477338417065e-02       2.207918568378e+04 
       2.490827904081e-02       2.201509436750e+04 
       2.504331580771e-02       2.195062688991e+04 
       2.517849753890e-02       2.188570408747e+04 
       2.531382737763e-02       2.182035703602e+04 
       2.544930854491e-02       2.175446690570e+04 
       2.558494434167e-02       2.168824139108e+04 
       2.572073815091e-02       2.162157292537e+04 
       2.585669343999e-02       2.155453133485e+04 
       2.599281376300e-02       2.148706690721e+04 
       2.612910276318e-02       2.141928573427e+04 
       2.626556417541e-02       2.135113084947e+04 
       2.640220182886e-02       2.128255101638e+04 
       2.653901964966e-02       2.121370457221e+04 
       2.667602166367e-02       2.114453252251e+04 
       2.681321199941e-02       2.107499084487e+04 
       2.695059489103e-02       2.100521396223e+04 
       2.708817468138e-02       2.093511009552e+04 
       2.722595582529e-02       2.086470784945e+04 
       2.736394289282e-02       2.079395632266e+04 
       2.750214057277e-02       2.072305063141e+04 
       2.764055367623e-02       2.065185847932e+04 
       2.777918714030e-02       2.058039325957e+04 
       2.791804603192e-02       2.050873891371e+04 
       2.805713555188e-02       2.043678550583e+04 
       2.819646103897e-02       2.036462374695e+04 
       2.833602797428e-02       2.029229807026e+04 
       2.847584198568e-02       2.021976175311e+04 
       2.861590885242e-02       2.014700003226e+04 
       2.875623451003e-02       2.007403725869e+04 
       2.889682505529e-02       2.000094930876e+04 
       2.903768675143e-02       1.992768738469e+04 
       2.917882603362e-02       1.985423616405e+04 
       2.932024951455e-02       1.978070896630e+04 
       2.946196399035e-02       1.970692793292e+04 
       2.960397644667e-02       1.963307592640e+04 
       2.974629406509e-02       1.955910951853e+04 
       2.988892422972e-02       1.948498877619e+04 
       3.003187453414e-02       1.941079826686e+04 
       3.017515278860e-02       1.933643896536e+04 
       3.031876702754e-02       1.926202774085e+04 
       3.046272551741e-02       1.918754173740e+04 
       3.060703676491e-02       1.911291858253e+04 
       3.075170952547e-02       1.903824840512e+04 
       3.089675281223e-02       1.896345024464e+04 
       3.104217590531e-02       1.888868211362e+04 
       3.118798836159e-02       1.881383531545e+04 
       3.133420002489e-02       1.873886312852e+04 
       3.148082103661e-02       1.866389117624e+04 
       3.162786184692e-02       1.858890802095e+04 
       3.177533322636e-02       1.851380680463e+04 
       3.192324627815e-02       1.843877650084e+04 
       3.207161245093e-02       1.836366871261e+04 
       3.222044355222e-02       1.828852115111e+04 
       3.236975176249e-02       1.821332404924e+04 
       3.251954964993e-02       1.813815479527e+04 
       3.266985018594e-02       1.806300507991e+04 
       3.282066676142e-02       1.798782854282e+04 
       3.297201320388e-02       1.791263203808e+04 
       3.312390379541e-02       1.783751318710e+04 
       3.327635329158e-02       1.776234523485e+04 
       3.342937694132e-02       1.768724947379e+04 
       3.358299050791e-02       1.761208419280e+04 
       3.373721029099e-02       1.753699889261e+04 
       3.389205314979e-02       1.746198090437e+04 
       3.404753652771e-02       1.738686061602e+04 
       3.420367847810e-02       1.731183259567e+04 
       3.436049769161e-02       1.723686112746e+04 
       3.451801352497e-02       1.716192638312e+04 
       3.467624603153e-02       1.708704591466e+04 
       3.483521599339e-02       1.701222388011e+04 
       3.499494495557e-02       1.693734281715e+04 
       3.515545526208e-02       1.686259875781e+04 
       3.531677009415e-02       1.678782975200e+04 
       3.547891351083e-02       1.671315319878e+04 
       3.564191049196e-02       1.663855243770e+04 
       3.580578698386e-02       1.656399921807e+04 
       3.597056994787e-02       1.648944455869e+04 
       3.613628741191e-02       1.641501877398e+04 
       3.630296852540e-02       1.634057438753e+04 
       3.647064361768e-02       1.626625112683e+04 
       3.663934426027e-02       1.619191749640e+04 
       3.680910333332e-02       1.611768298310e+04 
       3.697995509646e-02       1.604348369150e+04 
       3.715193526451e-02       1.596933528325e+04 
       3.732508108844e-02       1.589528254933e+04 
       3.749943144195e-02       1.582124515115e+04 
       3.767502691425e-02       1.574733520012e+04 
       3.785190990948e-02       1.567340366591e+04 
       3.803012475337e-02       1.559951351803e+04 
       3.820971780786e-02       1.552573583140e+04 
       3.839073759420e-02       1.545194991441e+04 
       3.857323492560e-02       1.537821849839e+04 
       3.875726304992e-02       1.530455548833e+04 
       3.894287780377e-02       1.523097481741e+04 
       3.913013777867e-02       1.515735420902e+04 
       3.931910450083e-02       1.508378652906e+04 
       3.950984262551e-02       1.501027464689e+04 
       3.970242014778e-02       1.493677291294e+04 
       3.989690863098e-02       1.486330005123e+04 
       4.009338345493e-02       1.478986192742e+04 
       4.029192408586e-02       1.471643460877e+04 
       4.049261437039e-02       1.464298401819e+04 
       4.069554285606e-02       1.456957375514e+04 
       4.090080314144e-02       1.449614519283e+04 
       4.110849425906e-02       1.442274644716e+04 
       4.131872109479e-02       1.434930875756e+04 
       4.153159484803e-02       1.427579176303e+04 
       4.174723353739e-02       1.420234803216e+04 
       4.196576255736e-02       1.412881529109e+04 
       4.218731529205e-02       1.405524959174e+04 
       4.241203379331e-02       1.398159445580e+04 
       4.264006953114e-02       1.390788378217e+04 
       4.287158422584e-02       1.383409633338e+04 
       4.310675077268e-02       1.376022528510e+04 
       4.334575427134e-02       1.368625772210e+04 
       4.358879317470e-02       1.361216819927e+04 
       4.383608057347e-02       1.353793789286e+04 
       4.408784563623e-02       1.346356230336e+04 
       4.434433522742e-02       1.338907036682e+04 
       4.460581572996e-02       1.331436775373e+04 
       4.487257510361e-02       1.323946960211e+04 
       4.514492521591e-02       1.316434313165e+04 
       4.542320448929e-02       1.308899383744e+04 
       4.570778091583e-02       1.301335844423e+04 
       4.599905550147e-02       1.293743983768e+04 
       4.629746621306e-02       1.286123784037e+04 
       4.660349251685e-02       1.278465060512e+04 
       4.691766061467e-02       1.270770744588e+04 
       4.724054950697e-02       1.263031390761e+04 
       4.757279803921e-02       1.255245016696e+04 
       4.791511312272e-02       1.247418872435e+04 
       4.826827936445e-02       1.239531444067e+04 
       4.863317039398e-02       1.231583914377e+04 
       4.901076224424e-02       1.223568084347e+04 
       4.940214922890e-02       1.215480960931e+04 
       4.980856286827e-02       1.207311226459e+04 
       5.023139455496e-02       1.199054294472e+04 
       5.067222282731e-02       1.190695616923e+04 
       5.113284634469e-02       1.182232669234e+04 
       5.161532394606e-02       1.173643264206e+04 
       5.212202353772e-02       1.164914144653e+04 
       5.265568201445e-02       1.156030984147e+04 
       5.321947898508e-02       1.146968359381e+04 
       5.381712775626e-02       1.137702669100e+04 
       5.445298780885e-02       1.128201156318e+04 
       5.513220380758e-02       1.118421847950e+04 
       5.586087682460e-02       1.108317133804e+04 
       5.664627349433e-02       1.097830636058e+04 
       5.749707733934e-02       1.086876486614e+04 
       5.842368170320e-02       1.075346190943e+04 
       5.943851219544e-02       1.063107291802e+04 
       6.055634232546e-02       1.049964970812e+04 
       6.179451972822e-02       1.035675622130e+04 
       6.317294058675e-02       1.019901597489e+04 
       6.471349172771e-02       1.002202531671e+04 
       6.643855263500e-02       9.820151036434e+03 
       6.836813149452e-02       9.586622098213e+03 
       7.051555321573e-02       9.314324212406e+03 
       7.288257772423e-02       8.997245962122e+03 
       7.545612469162e-02       8.632825239587e+03 
       7.820909115436e-02       8.224241258569e+03 
       8.110576379328e-02       7.781361885072e+03 
       8.410925066845e-02       7.319596798631e+03 
       8.718735821442e-02       6.857199361009e+03 
       9.031520026653e-02       6.412176674014e+03 
       9.347510667946e-02       5.999654720503e+03 
       9.665523063516e-02       5.630508722278e+03 
       9.984792155100e-02       5.310683998745e+03 
       1.030483550819e-01       5.041516780008e+03 
       1.062535339802e-01       4.820407987683e+03 
       1.094616130820e-01       4.641631499843e+03 
       1.126714627397e-01       4.497249491831e+03 
       1.158823936130e-01       4.378056841335e+03 
       1.190939858100e-01       4.274393804509e+03 
       1.223059837796e-01       4.177080030608e+03 
       1.255182320074e-01       4.078092841148e+03 
       1.287306358061e-01       3.971332859263e+03 
       1.319431374542e-01       3.852979415064e+03 
       1.351557016924e-01       3.721737206943e+03 
       1.383683069128e-01       3.578636865187e+03 
       1.415809398095e-01       3.426628875665e+03 
       1.447935921299e-01       3.269964453605e+03 
       1.480062587016e-01       3.113506558623e+03 
       1.512189362350e-01       2.962073191870e+03 
       1.544316225941e-01       2.819904563333e+03 
       1.576443163542e-01       2.690263754768e+03 
       1.608570165320e-01       2.575220266048e+03 
       1.640697224208e-01       2.475622905973e+03 
       1.672824334899e-01       2.391127365739e+03 
       1.704951493230e-01       2.320387001808e+03 
       1.737078695800e-01       2.261276470906e+03 
       1.769205939728e-01       2.211133430869e+03 
       1.801333222512e-01       2.167050919208e+03 
       1.833460541925e-01       2.126353444491e+03 
       1.865587895959e-01       2.086558749695e+03 
       1.897715282778e-01       2.044984894224e+03 
       1.929842700696e-01       2.000009456167e+03 
       1.961970148149e-01       1.950763493355e+03 
       1.994097623684e-01       1.897163723445e+03 
       2.026225125948e-01       1.839817879563e+03 
       2.058352653673e-01       1.779885638918e+03 
       2.090480205674e-01       1.718839007294e+03 
       2.122607780838e-01       1.658228767317e+03 
       2.154735378120e-01       1.599523256043e+03 
       2.186862996538e-01       1.543935571017e+03 
       2.218990635167e-01       1.492407076904e+03 
       2.251118293135e-01       1.445525801763e+03 
       2.283245969619e-01       1.403556691928e+03 
       2.315373663845e-01       1.366430806482e+03 
       2.347501375077e-01       1.333788160009e+03 
       2.379629102623e-01       1.305014678557e+03 
       2.411756845826e-01       1.279301789151e+03 
       2.443884604066e-01       1.255734250304e+03 
       2.476012376752e-01       1.233390980272e+03 
       2.508140163326e-01       1.211424009531e+03 
       2.540267963258e-01       1.189156737330e+03 
       2.572395776045e-01       1.166093261840e+03 
       2.604523601207e-01       1.141953908165e+03 
       2.636651438289e-01       1.116659283813e+03 
       2.668779286859e-01       1.090343055913e+03 
       2.700907146504e-01       1.063264341080e+03 
       2.733035016832e-01       1.035816783130e+03 
       2.765162897467e-01       1.008454756310e+03 
       2.797290788052e-01       9.816701762263e+02 
       2.829418688247e-01       9.559009842211e+02 
       2.861546597727e-01       9.315142706470e+02 
       2.893674516180e-01       9.087464070838e+02 
       2.925802443308e-01       8.877085914899e+02 
       2.957930378829e-01       8.683869510506e+02 
       2.990058322469e-01       8.506554423558e+02 
       3.022186273969e-01       8.343176671937e+02 
       3.054314233079e-01       8.191278510752e+02 
       3.086442199560e-01       8.048135852837e+02 
       3.118570173184e-01       7.911002445663e+02 
       3.150698153730e-01       7.777231761613e+02 
       3.182826140989e-01       7.644506495224e+02 
       3.214954134757e-01       7.510999148215e+02 
       3.247082134841e-01       7.375551788012e+02 
       3.279210141054e-01       7.237672691439e+02 
       3.311338153217e-01       7.097638138967e+02 
       3.343466171157e-01       6.956182033665e+02 
       3.375594194709e-01       6.814498601342e+02 
       3.407722223714e-01       6.673914151994e+02 
       3.439850258017e-01       6.535791702733e+02 
       3.471978297471e-01       6.401342565525e+02 
       3.504106341934e-01       6.271648350942e+02 
       3.536234391269e-01       6.147492341427e+02 
       3.568362445343e-01       6.029424013024e+02 
       3.600490504029e-01       5.917647983708e+02 
       3.632618567203e-01       5.812013264675e+02 
       3.664746634749e-01       5.712035992688e+02 
       3.696874706550e-01       5.616961243378e+02 
       3.729002782497e-01       5.525870717198e+02 
       3.761130862483e-01       5.437776488148e+02 
       3.793258946405e-01       5.351826559121e+02 
       3.825387034163e-01       5.267276753005e+02 
       3.857515125660e-01       5.183588807204e+02 
       3.889643220805e-01       5.100397838605e+02 
       3.921771319507e-01       5.017510020484e+02 
       3.953899421678e-01       4.934847874580e+02 
       3.986027527236e-01       4.852519775207e+02 
       4.018155636097e-01       4.770708315637e+02 
       4.050283748183e-01       4.689749290014e+02 
       4.082411863419e-01       4.610020857300e+02 
       4.114539981728e-01       4.531936769880e+02 
       4.146668103041e-01       4.455823092650e+02 
       4.178796227287e-01       4.381948623871e+02 
       4.210924354400e-01       4.310421680238e+02 
       4.243052484312e-01       4.241303079412e+02 
       4.275180616963e-01       4.174532953901e+02 
       4.307308752288e-01       4.110040258466e+02 
       4.339436890230e-01       4.047689780906e+02 
       4.371565030731e-01       3.987309533846e+02 
       4.403693173733e-01       3.928705417660e+02 
       4.435821319183e-01       3.871651303665e+02 
       4.467949467027e-01       3.815849628080e+02 
       4.500077617215e-01       3.761061560426e+02 
       4.532205769695e-01       3.707085967107e+02 
       4.564333924420e-01       3.653756726853e+02 
       4.596462081342e-01       3.601006039462e+02 
       4.628590240415e-01       3.548830559705e+02 
       4.660718401595e-01       3.497246977916e+02 
       4.692846564839e-01       3.446313285928e+02 
       4.724974730103e-01       3.396092576916e+02 
       4.757102897347e-01       3.346649454039e+02 
       4.789231066531e-01       3.298075089228e+02 
       4.821359237617e-01       3.250472921909e+02 
       4.853487410565e-01       3.203951911898e+02 
       4.885615585340e-01       3.158590857236e+02 
       4.917743761905e-01       3.114434249677e+02 
       4.949871940225e-01       3.071476512740e+02 
       4.982000120267e-01       3.029652065444e+02 
       5.014128301997e-01       2.988885840576e+02 
       5.046256485382e-01       2.949059790459e+02 
       5.078384670392e-01       2.910090652500e+02 
       5.110512856996e-01       2.871890955946e+02 
       5.142641045163e-01       2.834383567792e+02 
       5.174769234864e-01       2.797518532530e+02 
       5.206897426071e-01       2.761228199403e+02 
       5.239025618757e-01       2.725441609925e+02 
       5.271153812893e-01       2.690127517257e+02 
       5.303282008454e-01       2.655274788003e+02 
       5.335410205413e-01       2.620885446999e+02 
       5.367538403747e-01       2.587005089569e+02 
       5.399666603429e-01       2.553674365375e+02 
       5.431794804435e-01       2.520924534330e+02 
       5.463923006744e-01       2.488781415154e+02 
       5.496051210331e-01       2.457241543923e+02 
       5.528179415174e-01       2.426305684590e+02 
       5.560307621252e-01       2.395957375852e+02 
       5.592435828543e-01       2.366194403431e+02 
       5.624564037025e-01       2.337016127597e+02 
       5.656692246680e-01       2.308422533638e+02 
       5.688820457487e-01       2.280394118124e+02 
       5.720948669426e-01       2.252903368568e+02 
       5.753076882479e-01       2.225912146477e+02 
       5.785205096626e-01       2.199371305195e+02 
       5.817333311850e-01       2.173257091810e+02 
       5.849461528133e-01       2.147545227814e+02 
       5.881589745458e-01       2.122223596138e+02 
       5.913717963807e-01       2.097298425404e+02 
       5.945846183163e-01       2.072752126566e+02 
       5.977974403511e-01       2.048581437076e+02 
       6.010102624835e-01       2.024760479604e+02 
       6.042230847119e-01       2.001282735049e+02 
       6.074359070347e-01       1.978149548386e+02 
       6.106487294505e-01       1.955358994930e+02 
       6.138615519579e-01       1.932925181528e+02 
       6.170743745552e-01       1.910867760642e+02 
       6.202871972413e-01       1.889181582788e+02 
       6.235000200147e-01       1.867881486955e+02 
       6.267128428740e-01       1.846937885968e+02 
       6.299256658180e-01       1.826337648537e+02 
       6.331384888453e-01       1.806060051398e+02 
       6.363513119546e-01       1.786110511189e+02 
       6.395641351449e-01       1.766484463325e+02 
       6.427769584147e-01       1.747173149018e+02 
       6.459897817630e-01       1.728176879643e+02 
       6.492026051885e-01       1.709467629995e+02 
       6.524154286901e-01       1.691034497172e+02 
       6.556282522668e-01       1.672864028640e+02 
       6.588410759173e-01       1.654941016842e+02 
       6.620538996407e-01       1.637264710687e+02 
       6.652667234358e-01       1.619847860196e+02 
       6.684795473017e-01       1.602680238568e+02 
       6.716923712372e-01       1.585766978244e+02 
       6.749051952415e-01       1.569107525026e+02 
       6.781180193135e-01       1.552689738347e+02 
       6.813308434523e-01       1.536496722181e+02 
       6.845436676569e-01       1.520540705741e+02 
       6.877564919264e-01       1.504801600831e+02 
       6.909693162599e-01       1.489297319520e+02 
       6.941821406565e-01       1.474033464485e+02 
       6.973949651153e-01       1.459001830236e+02 
       7.006077896355e-01       1.444192602649e+02 
       7.038206142162e-01       1.429598827033e+02 
       7.070334388567e-01       1.415211916617e+02 
       7.102462635560e-01       1.401016723415e+02 
       7.134590883134e-01       1.387016376489e+02 
       7.166719131282e-01       1.373210187974e+02 
       7.198847379994e-01       1.359605497180e+02 
       7.230975629265e-01       1.346186525344e+02 
       7.263103879086e-01       1.332958983492e+02 
       7.295232129450e-01       1.319910737755e+02 
       7.327360380351e-01       1.307025061124e+02 
       7.359488631780e-01       1.294300725904e+02 
       7.391616883731e-01       1.281749578174e+02 
       7.423745136198e-01       1.269359929126e+02 
       7.455873389173e-01       1.257147247406e+02 
       7.488001642650e-01       1.245111079456e+02 
       7.520129896623e-01       1.233233184459e+02 
       8.211690786862e-01       1.011699824368e+02 
       9.209195918595e-01       7.794255039338e+01 
       1.079096926329e+00       5.407986204632e+01 
       1.330022374534e+00       3.311812449277e+01 
       1.671949576990e+00       1.917008439086e+01 
       2.104815860337e+00       1.094592430329e+01 
       2.649806020606e+00       6.185619792833e+00 
       3.335908135591e+00       3.457114057025e+00 
       4.199659523307e+00       1.907573574317e+00 
       5.287058094774e+00       1.035163246111e+00 
       6.656011789144e+00       5.488639308755e-01 
       8.379422382554e+00       2.811524433993e-01 
       1.054906777355e+01       1.366442340556e-01 
       1.328048949087e+01       6.127276917865e-02 
       1.671914570112e+01       2.430806925830e-02 
       2.104815738663e+01       8.069966396918e-03 
       2.649806020547e+01       2.109812887104e-03 
       3.335908135591e+01       3.991566325231e-04 
       4.199659523307e+01       5.105169899472e-05 
       5.287058094774e+01       4.072585492019e-06 
       6.656011789144e+01       2.024786278171e-07 
       8.379422382554e+01       6.843840795084e-09 
       1.054906777355e+02       2.483395497045e-10 
       1.328048949087e+02       3.798229220893e-11 
       1.671914570112e+02       2.244335352584e-11 
       2.104815738663e+02       9.989934733689e-12 
       2.649806020547e+02       2.377422551840e-12 
       3.335908135591e+02       3.365024627658e-13 
       4.199659523307e+02       3.248985663435e-14 
       5.287058094774e+02       2.340725689028e-15 
