# Matter power spectrum P(k) at redshift z=0
# for k=1.05592e-05 to 538.316 h/Mpc,
# number of wavenumbers equal to 629
#    1:k (h/Mpc)              2:P (Mpc/h)^3        
       1.055924598034e-05       4.661877678951e+01 
       2.359718329658e-05       1.013741873656e+02 
       3.668204372240e-05       1.552416041427e+02 
       4.984989847780e-05       2.087780317605e+02 
       6.313742945851e-05       2.623059604409e+02 
       7.658226430767e-05       3.160705471102e+02 
       9.022332244627e-05       3.702838002158e+02 
       1.041011767688e-04       4.251427335033e+02 
       1.182584357452e-04       4.808387818646e+02 
       1.327401507053e-04       5.375635520130e+02 
       1.475942530828e-04       5.955128959516e+02 
       1.628720263183e-04       6.548901168584e+02 
       1.786286169089e-04       7.159087669789e+02 
       1.949235886486e-04       7.787952242212e+02 
       2.118215233342e-04       8.437911741852e+02 
       2.293926699428e-04       9.111561569681e+02 
       2.477136423439e-04       9.811699941289e+02 
       2.668681627131e-04       1.054135388587e+03 
       2.869478436736e-04       1.130380466355e+03 
       3.080529963992e-04       1.210261239267e+03 
       3.302934440608e-04       1.294163990718e+03 
       3.537893096130e-04       1.382507356786e+03 
       3.786717336028e-04       1.475744041948e+03 
       4.050834612121e-04       1.574361707823e+03 
       4.331792182350e-04       1.678883060593e+03 
       4.631257739528e-04       1.789864347613e+03 
       4.951015667160e-04       1.907892236345e+03 
       5.292957487867e-04       2.033578202505e+03 
       5.659064957945e-04       2.167550178188e+03 
       6.051384301594e-04       2.310440804626e+03 
       6.471990356738e-04       2.462872092140e+03 
       6.922940008001e-04       2.625436444873e+03 
       7.406215270578e-04       2.798674243317e+03 
       7.923657753721e-04       2.983049087875e+03 
       8.476897856756e-04       3.178921797186e+03 
       9.067283680339e-04       3.386525675252e+03 
       9.695815897474e-04       3.605944988709e+03 
       1.036309530742e-03       3.837099250924e+03 
       1.106928916973e-03       4.079735710610e+03 
       1.181412060673e-03       4.333431171349e+03 
       1.259688262422e-03       4.597602887890e+03 
       1.341647518601e-03       4.871529163618e+03 
       1.427146097480e-03       5.154375551598e+03 
       1.516013357402e-03       5.445225389365e+03 
       1.608059111841e-03       5.743110876647e+03 
       1.703080894485e-03       6.047043567074e+03 
       1.800870610980e-03       6.356039642510e+03 
       1.901220238358e-03       6.669141543995e+03 
       2.003926407282e-03       6.985436122005e+03 
       2.108793847594e-03       7.304065999261e+03 
       2.215637780969e-03       7.624236880015e+03 
       2.324285405177e-03       7.945223693645e+03 
       2.434576639612e-03       8.266368103541e+03 
       2.546364301325e-03       8.587079641748e+03 
       2.659513864945e-03       8.906831961948e+03 
       2.773902936218e-03       9.225159551224e+03 
       2.889420543383e-03       9.541651354200e+03 
       3.005966326381e-03       9.855946661348e+03 
       3.123449682807e-03       1.016773011710e+04 
       3.241788912270e-03       1.047672810434e+04 
       3.360910387159e-03       1.078270277911e+04 
       3.480747767523e-03       1.108544843699e+04 
       3.601241270204e-03       1.138478802993e+04 
       3.722336996940e-03       1.168057134428e+04 
       3.843986322484e-03       1.197266976334e+04 
       3.966145341312e-03       1.226097586373e+04 
       4.088774369998e-03       1.254539976767e+04 
       4.211837501419e-03       1.282586928266e+04 
       4.335302206590e-03       1.310232585703e+04 
       4.459138979764e-03       1.337472162228e+04 
       4.583321022568e-03       1.364302540873e+04 
       4.707823963114e-03       1.390720751399e+04 
       4.832625606337e-03       1.416722976537e+04 
       4.957705712115e-03       1.442312829423e+04 
       5.083045798024e-03       1.467487776768e+04 
       5.208628963944e-03       1.492243751554e+04 
       5.334439735980e-03       1.516594346514e+04 
       5.460463927478e-03       1.540522172108e+04 
       5.586688515147e-03       1.564045307257e+04 
       5.713101528538e-03       1.587152012885e+04 
       5.839691951340e-03       1.609856036271e+04 
       5.966449633123e-03       1.632151321461e+04 
       6.093365210329e-03       1.654043652387e+04 
       6.220430035467e-03       1.675531445585e+04 
       6.347636113573e-03       1.696625539194e+04 
       6.474976045116e-03       1.717322189488e+04 
       6.602442974639e-03       1.737627636656e+04 
       6.730030544498e-03       1.757544879806e+04 
       6.857732853136e-03       1.777079252783e+04 
       6.985544417405e-03       1.796232004982e+04 
       7.113460138500e-03       1.815005396887e+04 
       7.241475271116e-03       1.833404477273e+04 
       7.369585395498e-03       1.851433357640e+04 
       7.497786392068e-03       1.869094289252e+04 
       7.626074418383e-03       1.886393783750e+04 
       7.754445888164e-03       1.903331756437e+04 
       7.882897452207e-03       1.919914697955e+04 
       8.011425980975e-03       1.936143961750e+04 
       8.140028548709e-03       1.952026920726e+04 
       8.268702418913e-03       1.967563434185e+04 
       8.397445031074e-03       1.982760072353e+04 
       8.526253988509e-03       1.997618565382e+04 
       8.655127047218e-03       2.012144697890e+04 
       8.784062105661e-03       2.026340754259e+04 
       8.913057195376e-03       2.040210244287e+04 
       9.042110472343e-03       2.053759338209e+04 
       9.171220209051e-03       2.066988589198e+04 
       9.300384787188e-03       2.079902769238e+04 
       9.429602690903e-03       2.092505740476e+04 
       9.558872500596e-03       2.104800728752e+04 
       9.688192887179e-03       2.116790790026e+04 
       9.817562606786e-03       2.128480196643e+04 
       9.946980495870e-03       2.139871423928e+04 
       1.007644546668e-02       2.150968973457e+04 
       1.020595650305e-02       2.161773385436e+04 
       1.033551265656e-02       2.172293840138e+04 
       1.046511304289e-02       2.182527900602e+04 
       1.059475683849e-02       2.192481141040e+04 
       1.072444327753e-02       2.202157139483e+04 
       1.085417164895e-02       2.211558396249e+04 
       1.098394129388e-02       2.220688415692e+04 
       1.111375160310e-02       2.229550131665e+04 
       1.124360201473e-02       2.238146399045e+04 
       1.137349201217e-02       2.246481355400e+04 
       1.150342112200e-02       2.254557062239e+04 
       1.163338891223e-02       2.262377308347e+04 
       1.176339499051e-02       2.269944037597e+04 
       1.189343900257e-02       2.277261463829e+04 
       1.202352063071e-02       2.284332513814e+04 
       1.215363959243e-02       2.291158143637e+04 
       1.228379563914e-02       2.297744248613e+04 
       1.241398855496e-02       2.304091307417e+04 
       1.254421815562e-02       2.310203641732e+04 
       1.267448428743e-02       2.316083223604e+04 
       1.280478682628e-02       2.321733631118e+04 
       1.293512567684e-02       2.327157584724e+04 
       1.306550077164e-02       2.332357376800e+04 
       1.319591207038e-02       2.337335651165e+04 
       1.332635955919e-02       2.342095294063e+04 
       1.345684324999e-02       2.346640126380e+04 
       1.358736317990e-02       2.350970417233e+04 
       1.371791941068e-02       2.355090813356e+04 
       1.384851202821e-02       2.359002012229e+04 
       1.397914114207e-02       2.362708628663e+04 
       1.410980688507e-02       2.366211509893e+04 
       1.424050941290e-02       2.369514276903e+04 
       1.437124890378e-02       2.372619480215e+04 
       1.450202555813e-02       2.375529284992e+04 
       1.463283959829e-02       2.378245875391e+04 
       1.476369126833e-02       2.380772245406e+04 
       1.489458083373e-02       2.383110377938e+04 
       1.502550858129e-02       2.385263318776e+04 
       1.515647481893e-02       2.387233667440e+04 
       1.528747987554e-02       2.389021586825e+04 
       1.541852410089e-02       2.390631225628e+04 
       1.554960786555e-02       2.392065917317e+04 
       1.568073156081e-02       2.393325215198e+04 
       1.581189559868e-02       2.394414354230e+04 
       1.594310041182e-02       2.395334130651e+04 
       1.607434645358e-02       2.396086314678e+04 
       1.620563419804e-02       2.396673867242e+04 
       1.633696414003e-02       2.397099846756e+04 
       1.646833679518e-02       2.397364544587e+04 
       1.659975270006e-02       2.397471782101e+04 
       1.673121241223e-02       2.397421918133e+04 
       1.686271651041e-02       2.397218821290e+04 
       1.699426559456e-02       2.396864650773e+04 
       1.712586028612e-02       2.396361297574e+04 
       1.725750122810e-02       2.395708476142e+04 
       1.738918908535e-02       2.394913182971e+04 
       1.752092454469e-02       2.393973642235e+04 
       1.765270831523e-02       2.392892391409e+04 
       1.778454112853e-02       2.391671836024e+04 
       1.791642373891e-02       2.390314683737e+04 
       1.804835692372e-02       2.388822635092e+04 
       1.818034148363e-02       2.387197804410e+04 
       1.831237824293e-02       2.385441188016e+04 
       1.844446804988e-02       2.383556086622e+04 
       1.857661177702e-02       2.381542159749e+04 
       1.870881032159e-02       2.379406875033e+04 
       1.884106460585e-02       2.377144046161e+04 
       1.897337557749e-02       2.374760594232e+04 
       1.910574421007e-02       2.372260066282e+04 
       1.923817150343e-02       2.369640984836e+04 
       1.937065848411e-02       2.366906200407e+04 
       1.950320620589e-02       2.364056394785e+04 
       1.963581575017e-02       2.361095061172e+04 
       1.976848822658e-02       2.358025347901e+04 
       1.990122477342e-02       2.354840432781e+04 
       2.003402655822e-02       2.351557830620e+04 
       2.016689477834e-02       2.348165674455e+04 
       2.029983066147e-02       2.344670543447e+04 
       2.043283546630e-02       2.341078712468e+04 
       2.056591048310e-02       2.337381639894e+04 
       2.069905703436e-02       2.333586178077e+04 
       2.083227647549e-02       2.329698188412e+04 
       2.096557019542e-02       2.325719161580e+04 
       2.109893961740e-02       2.321640936768e+04 
       2.123238619967e-02       2.317474031966e+04 
       2.136591143621e-02       2.313217790666e+04 
       2.149951685753e-02       2.308874218472e+04 
       2.163320403149e-02       2.304442790446e+04 
       2.176697456407e-02       2.299926125522e+04 
       2.190083010029e-02       2.295330589881e+04 
       2.203477232502e-02       2.290649664131e+04 
       2.216880296393e-02       2.285890673491e+04 
       2.230292378441e-02       2.281054668010e+04 
       2.243713659652e-02       2.276140613131e+04 
       2.257144325402e-02       2.271155663746e+04 
       2.270584565534e-02       2.266092784442e+04 
       2.284034574469e-02       2.260951632401e+04 
       2.297494551311e-02       2.255751180564e+04 
       2.310964699960e-02       2.250475902646e+04 
       2.324445229231e-02       2.245136840491e+04 
       2.337936352968e-02       2.239727448646e+04 
       2.351438290171e-02       2.234251984849e+04 
       2.364951265123e-02       2.228718572346e+04 
       2.378475507518e-02       2.223119992615e+04 
       2.392011252600e-02       2.217460828766e+04 
       2.405558741300e-02       2.211742623337e+04 
       2.419118220380e-02       2.205964241776e+04 
       2.432689942582e-02       2.200132536330e+04 
       2.446274166782e-02       2.194244712421e+04 
       2.459871158146e-02       2.188302072911e+04 
       2.473481188296e-02       2.182308087831e+04 
       2.487104535475e-02       2.176260878687e+04 
       2.500741484725e-02       2.170167932248e+04 
       2.514392328063e-02       2.164026118242e+04 
       2.528057364669e-02       2.157834788070e+04 
       2.541736901076e-02       2.151600012827e+04 
       2.555431251371e-02       2.145314073852e+04 
       2.569140737394e-02       2.138987395916e+04 
       2.582865688957e-02       2.132619866001e+04 
       2.596606444055e-02       2.126211277388e+04 
       2.610363349097e-02       2.119756010728e+04 
       2.624136759139e-02       2.113270011672e+04 
       2.637927038123e-02       2.106742993692e+04 
       2.651734559131e-02       2.100179429183e+04 
       2.665559704641e-02       2.093576307465e+04 
       2.679402866794e-02       2.086942973248e+04 
       2.693264447675e-02       2.080272375902e+04 
       2.707144859594e-02       2.073573957085e+04 
       2.721044525390e-02       2.066838661572e+04 
       2.734963878733e-02       2.060077588772e+04 
       2.748903364445e-02       2.053287303230e+04 
       2.762863438831e-02       2.046463571947e+04 
       2.776844570021e-02       2.039619336260e+04 
       2.790847238324e-02       2.032737908454e+04 
       2.804871936598e-02       2.025846974911e+04 
       2.818919170631e-02       2.018918858958e+04 
       2.832989459535e-02       2.011970577300e+04 
       2.847083336163e-02       2.004998818861e+04 
       2.861201347531e-02       1.998013188769e+04 
       2.875344055260e-02       1.991002348585e+04 
       2.889512036044e-02       1.983966042446e+04 
       2.903705882121e-02       1.976914319491e+04 
       2.917926201774e-02       1.969845264149e+04 
       2.932173619846e-02       1.962758429203e+04 
       2.946448778280e-02       1.955658168479e+04 
       2.960752336676e-02       1.948535403084e+04 
       2.975084972873e-02       1.941400106491e+04 
       2.989447383558e-02       1.934254575984e+04 
       3.003840284892e-02       1.927091008229e+04 
       3.018264413170e-02       1.919911783798e+04 
       3.032720525504e-02       1.912726417844e+04 
       3.047209400537e-02       1.905528462357e+04 
       3.061731839188e-02       1.898324986356e+04 
       3.076288665425e-02       1.891103151748e+04 
       3.090880727077e-02       1.883880140743e+04 
       3.105508896676e-02       1.876643269341e+04 
       3.120174072342e-02       1.869396311335e+04 
       3.134877178704e-02       1.862148132583e+04 
       3.149619167860e-02       1.854889206964e+04 
       3.164401020386e-02       1.847625271454e+04 
       3.179223746389e-02       1.840362302648e+04 
       3.194088386605e-02       1.833091505449e+04 
       3.208996013553e-02       1.825812243344e+04 
       3.223947732744e-02       1.818525437772e+04 
       3.238944683939e-02       1.811247302690e+04 
       3.253988042480e-02       1.803956969442e+04 
       3.269079020673e-02       1.796666821059e+04 
       3.284218869248e-02       1.789375327734e+04 
       3.299408878884e-02       1.782086371048e+04 
       3.314650381818e-02       1.774791899669e+04 
       3.329944753523e-02       1.767498023797e+04 
       3.345293414486e-02       1.760203758193e+04 
       3.360697832067e-02       1.752915693483e+04 
       3.376159522453e-02       1.745624790628e+04 
       3.391680052727e-02       1.738337274523e+04 
       3.407261043031e-02       1.731044979924e+04 
       3.422904168856e-02       1.723761449621e+04 
       3.438611163450e-02       1.716474997322e+04 
       3.454383820361e-02       1.709193851550e+04 
       3.470223996120e-02       1.701916437450e+04 
       3.486133613071e-02       1.694642848039e+04 
       3.502114662362e-02       1.687371811196e+04 
       3.518169207113e-02       1.680103471182e+04 
       3.534299385757e-02       1.672845403613e+04 
       3.550507415585e-02       1.665576758357e+04 
       3.566795596494e-02       1.658325990888e+04 
       3.583166314964e-02       1.651076417569e+04 
       3.599622048273e-02       1.643830008101e+04 
       3.616165368970e-02       1.636591384816e+04 
       3.632798949630e-02       1.629354811011e+04 
       3.649525567898e-02       1.622128721084e+04 
       3.666348111865e-02       1.614903107929e+04 
       3.683269585778e-02       1.607683627103e+04 
       3.700293116132e-02       1.600468661177e+04 
       3.717421958155e-02       1.593261004294e+04 
       3.734659502735e-02       1.586061104762e+04 
       3.752009283809e-02       1.578862643077e+04 
       3.769474986261e-02       1.571670316386e+04 
       3.787060454369e-02       1.564489526414e+04 
       3.804769700848e-02       1.557309111398e+04 
       3.822606916535e-02       1.550133688784e+04 
       3.840576480781e-02       1.542960759483e+04 
       3.858682972601e-02       1.535800946262e+04 
       3.876931182657e-02       1.528639328045e+04 
       3.895326126142e-02       1.521488196672e+04 
       3.913873056660e-02       1.514338152796e+04 
       3.932577481176e-02       1.507191398841e+04 
       3.951445176153e-02       1.500052017829e+04 
       3.970482204980e-02       1.492913989100e+04 
       3.989694936818e-02       1.485782609348e+04 
       4.009090067007e-02       1.478652620387e+04 
       4.028674639185e-02       1.471526489347e+04 
       4.048456069295e-02       1.464399285510e+04 
       4.068442171675e-02       1.457280347894e+04 
       4.088641187451e-02       1.450160370458e+04 
       4.109061815472e-02       1.443040634457e+04 
       4.129713246071e-02       1.435925764832e+04 
       4.150605197962e-02       1.428805540870e+04 
       4.171747958614e-02       1.421687532928e+04 
       4.193152428514e-02       1.414565353668e+04 
       4.214830169766e-02       1.407445543776e+04 
       4.236793459529e-02       1.400325830297e+04 
       4.259055348894e-02       1.393195534599e+04 
       4.281629727856e-02       1.386064491413e+04 
       4.304531397143e-02       1.378929595422e+04 
       4.327776147789e-02       1.371783528426e+04 
       4.351380849447e-02       1.364630755306e+04 
       4.375363548601e-02       1.357472601327e+04 
       4.399743578028e-02       1.350310081069e+04 
       4.424541679060e-02       1.343129551177e+04 
       4.449780138450e-02       1.335942155098e+04 
       4.475482941953e-02       1.328729579293e+04 
       4.501675947084e-02       1.321513017789e+04 
       4.528387077946e-02       1.314277096244e+04 
       4.555646545522e-02       1.307020357573e+04 
       4.583487097453e-02       1.299743537709e+04 
       4.611944302060e-02       1.292442847526e+04 
       4.641056872251e-02       1.285115189747e+04 
       4.670867036095e-02       1.277763904711e+04 
       4.701420962109e-02       1.270388029136e+04 
       4.732769249023e-02       1.262962479954e+04 
       4.764967491731e-02       1.255507779111e+04 
       4.798076937695e-02       1.248015110656e+04 
       4.832165251104e-02       1.240475666672e+04 
       4.867307406011e-02       1.232887428273e+04 
       4.903586734452e-02       1.225247080494e+04 
       4.941096161660e-02       1.217548264344e+04 
       4.979939668132e-02       1.209784803784e+04 
       5.020234028017e-02       1.201947021703e+04 
       5.062110885626e-02       1.194029710866e+04 
       5.105719247527e-02       1.186030536198e+04 
       5.151228487719e-02       1.177926489026e+04 
       5.198831988839e-02       1.169717386485e+04 
       5.248751574775e-02       1.161384457589e+04 
       5.301242930997e-02       1.152912119446e+04 
       5.356602260094e-02       1.144279222807e+04 
       5.415174482691e-02       1.135470010256e+04 
       5.477363367916e-02       1.126447905134e+04 
       5.543644059248e-02       1.117184676356e+04 
       5.614578539151e-02       1.107634476648e+04 
       5.690834620905e-02       1.097747983026e+04 
       5.773209006601e-02       1.087449739544e+04 
       5.862654679877e-02       1.076650792889e+04 
       5.960312165623e-02       1.065236972668e+04 
       6.067542538799e-02       1.053041966299e+04 
       6.185956747607e-02       1.039852581173e+04 
       6.317429746748e-02       1.025384799953e+04 
       6.464078064872e-02       1.009255318946e+04 
       6.628166309791e-02       9.909572864067e+03 
       6.811897921388e-02       9.698630449834e+03 
       7.017056209099e-02       9.452578501527e+03 
       7.244522819325e-02       9.164393932054e+03 
       7.493822868442e-02       8.829197943314e+03 
       7.762954372763e-02       8.446727970252e+03 
       8.048693126431e-02       8.023192667989e+03 
       8.347278665817e-02       7.571314357521e+03 
       8.655134325339e-02       7.108357712877e+03 
       8.969319161909e-02       6.653046628331e+03 
       9.287653444495e-02       6.222447554393e+03 
       9.608633230685e-02       5.830010307466e+03 
       9.931269053415e-02       5.484435023127e+03 
       1.025492958597e-01       5.189550670747e+03 
       1.057921972287e-01       4.944781309360e+03 
       1.090389513869e-01       4.745910505297e+03 
       1.122880584939e-01       4.586027258225e+03 
       1.155386018768e-01       4.456400944940e+03 
       1.187900227044e-01       4.347416149647e+03 
       1.220419807530e-01       4.249432633237e+03 
       1.252942689938e-01       4.153619007254e+03 
       1.285467614286e-01       4.052687490066e+03 
       1.317993813137e-01       3.941514612247e+03 
       1.350520818348e-01       3.817447763168e+03 
       1.383048343642e-01       3.680322096105e+03 
       1.415576213295e-01       3.532185920494e+03 
       1.448104318828e-01       3.376750969178e+03 
       1.480632592720e-01       3.218738270371e+03 
       1.513160992432e-01       3.063151897725e+03 
       1.545689490712e-01       2.914694496168e+03 
       1.578218069694e-01       2.777253921644e+03 
       1.610746717311e-01       2.653609836057e+03 
       1.643275425107e-01       2.545284918784e+03 
       1.675804186901e-01       2.452559544275e+03 
       1.708332997973e-01       2.374597064896e+03 
       1.740861854557e-01       2.309624204580e+03 
       1.773390753529e-01       2.255202995014e+03 
       1.805919692217e-01       2.208472673439e+03 
       1.838448668275e-01       2.166449872073e+03 
       1.870977679601e-01       2.126759869024e+03 
       1.903506724291e-01       2.086528796769e+03 
       1.936035800600e-01       2.043565854616e+03 
       1.968564906918e-01       1.996587397886e+03 
       2.001094041751e-01       1.945076956793e+03 
       2.033623203709e-01       1.889302176535e+03 
       2.066152391493e-01       1.830164619372e+03 
       2.098681603890e-01       1.769022407639e+03 
       2.131210839761e-01       1.707449719607e+03 
       2.163740098039e-01       1.647010894940e+03 
       2.196269377720e-01       1.589095981844e+03 
       2.228798677858e-01       1.534832488124e+03 
       2.261327997565e-01       1.485010030731e+03 
       2.293857336002e-01       1.440070918199e+03 
       2.326386692378e-01       1.400127989200e+03 
       2.358916065946e-01       1.364958080378e+03 
       2.391445455998e-01       1.334070086139e+03 
       2.423974861868e-01       1.306734164086e+03 
       2.456504282922e-01       1.282066628234e+03 
       2.489033718562e-01       1.259125638270e+03 
       2.521563168219e-01       1.236994287142e+03 
       2.554092631354e-01       1.214882610834e+03 
       2.586622107455e-01       1.192180036070e+03 
       2.619151596038e-01       1.168490680667e+03 
       2.651681096638e-01       1.143620839084e+03 
       2.684210608818e-01       1.117608552571e+03 
       2.716740132157e-01       1.090644665621e+03 
       2.749269666259e-01       1.063068309676e+03 
       2.781799210743e-01       1.035324184264e+03 
       2.814328765247e-01       1.007888420720e+03 
       2.846858329426e-01       9.812483359592e+02 
       2.879387902949e-01       9.558269773446e+02 
       2.911917485503e-01       9.319303990051e+02 
       2.944447076786e-01       9.097480468411e+02 
       2.976976676510e-01       8.893333230907e+02 
       3.009506284401e-01       8.706125058693e+02 
       3.042035900194e-01       8.534232452001e+02 
       3.074565523638e-01       8.375350108172e+02 
       3.107095154491e-01       8.226819313566e+02 
       3.139624792522e-01       8.085811508964e+02 
       3.172154437508e-01       7.949543025560e+02 
       3.204684089237e-01       7.815483967962e+02 
       3.237213747505e-01       7.681501434784e+02 
       3.269743412116e-01       7.545973559796e+02 
       3.302273082880e-01       7.408105924947e+02 
       3.334802759617e-01       7.267762895210e+02 
       3.367332442154e-01       7.125429073322e+02 
       3.399862130323e-01       6.982130170170e+02 
       3.432391823962e-01       6.839176919450e+02 
       3.464921522918e-01       6.697962316804e+02 
       3.497451227041e-01       6.559833309913e+02 
       3.529980936188e-01       6.425979974029e+02 
       3.562510650220e-01       6.297337468472e+02 
       3.595040369004e-01       6.174622162279e+02 
       3.627570092413e-01       6.058224858903e+02 
       3.660099820321e-01       5.948198512258e+02 
       3.692629552610e-01       5.844194735522e+02 
       3.725159289164e-01       5.745620109609e+02 
       3.757689029872e-01       5.651578052741e+02 
       3.790218774627e-01       5.561113863093e+02 
       3.822748523325e-01       5.473267463807e+02 
       3.855278275865e-01       5.387195411139e+02 
       3.887808032151e-01       5.302232065553e+02 
       3.920337792090e-01       5.217913151485e+02 
       3.952867555590e-01       5.133947135121e+02 
       3.985397322564e-01       5.050203451618e+02 
       4.017927092927e-01       4.966709114580e+02 
       4.050456866598e-01       4.883591657495e+02 
       4.082986643497e-01       4.801128559562e+02 
       4.115516423547e-01       4.719704943128e+02 
       4.148046206674e-01       4.639709588238e+02 
       4.180575992805e-01       4.561536026652e+02 
       4.213105781871e-01       4.485514425417e+02 
       4.245635573805e-01       4.411832859968e+02 
       4.278165368539e-01       4.340577127978e+02 
       4.310695166012e-01       4.271766982742e+02 
       4.343224966160e-01       4.205299209758e+02 
       4.375754768924e-01       4.141082905959e+02 
       4.408284574247e-01       4.078955724535e+02 
       4.440814382071e-01       4.018741752693e+02 
       4.473344192342e-01       3.960201864802e+02 
       4.505874005006e-01       3.903082296906e+02 
       4.538403820012e-01       3.847119433846e+02 
       4.570933637311e-01       3.792066337674e+02 
       4.603463456852e-01       3.737735410912e+02 
       4.635993278588e-01       3.684003008256e+02 
       4.668523102475e-01       3.630855678303e+02 
       4.701052928466e-01       3.578279989028e+02 
       4.733582756518e-01       3.526326087218e+02 
       4.766112586590e-01       3.475058751502e+02 
       4.798642418639e-01       3.424536251697e+02 
       4.831172252625e-01       3.374844874841e+02 
       4.863702088511e-01       3.326090965178e+02 
       4.896231926257e-01       3.278369644452e+02 
       4.928761765826e-01       3.231782016676e+02 
       4.961291607184e-01       3.186390752685e+02 
       4.993821450294e-01       3.142229701356e+02 
       5.026351295122e-01       3.099254983633e+02 
       5.058881141636e-01       3.057395580062e+02 
       5.091410989802e-01       3.016556333088e+02 
       5.123940839590e-01       2.976622497939e+02 
       5.156470690969e-01       2.937524396917e+02 
       5.189000543908e-01       2.899151205987e+02 
       5.221530398378e-01       2.861465701393e+02 
       5.254060254350e-01       2.824386297181e+02 
       5.286590111798e-01       2.787847154249e+02 
       5.319119970694e-01       2.751808885490e+02 
       5.351649831010e-01       2.716235658822e+02 
       5.384179692722e-01       2.681124150181e+02 
       5.416709555805e-01       2.646500327195e+02 
       5.449239420233e-01       2.612405263090e+02 
       5.481769285982e-01       2.578880736953e+02 
       5.514299153030e-01       2.545962577178e+02 
       5.546829021352e-01       2.513657585750e+02 
       5.579358890928e-01       2.481965188078e+02 
       5.611888761735e-01       2.450879171987e+02 
       5.644418633751e-01       2.420393043617e+02 
       5.676948506956e-01       2.390494725923e+02 
       5.709478381329e-01       2.361190809502e+02 
       5.742008256851e-01       2.332469334148e+02 
       5.774538133502e-01       2.304306409700e+02 
       5.807068011263e-01       2.276668110791e+02 
       5.839597890115e-01       2.249519113671e+02 
       5.872127770041e-01       2.222811698639e+02 
       5.904657651022e-01       2.196522384323e+02 
       5.937187533041e-01       2.170634583481e+02 
       5.969717416081e-01       2.145141767453e+02 
       6.002247300125e-01       2.120035470776e+02 
       6.034777185158e-01       2.095313876657e+02 
       6.067307071162e-01       2.070961877003e+02 
       6.099836958124e-01       2.046961190464e+02 
       6.132366846026e-01       2.023307297939e+02 
       6.164896734855e-01       2.000002066560e+02 
       6.197426624596e-01       1.977047193016e+02 
       6.229956515234e-01       1.954468176426e+02 
       6.262486406755e-01       1.932269028701e+02 
       6.295016299146e-01       1.910451137800e+02 
       6.327546192393e-01       1.888994795436e+02 
       6.360076086484e-01       1.867917653093e+02 
       6.392605981404e-01       1.847173772741e+02 
       6.425135877142e-01       1.826760273716e+02 
       6.457665773685e-01       1.806670192668e+02 
       6.490195671021e-01       1.786901674049e+02 
       6.522725569138e-01       1.767456910542e+02 
       6.555255468025e-01       1.748315946207e+02 
       6.587785367669e-01       1.729464926993e+02 
       6.620315268060e-01       1.710880255055e+02 
       6.652845169187e-01       1.692568427601e+02 
       6.685375071040e-01       1.674497082689e+02 
       6.717904973606e-01       1.656675889370e+02 
       6.750434876877e-01       1.639113150720e+02 
       6.782964780842e-01       1.621801452080e+02 
       6.815494685491e-01       1.604761570565e+02 
       6.848024590814e-01       1.587967737725e+02 
       6.880554496802e-01       1.571410274805e+02 
       6.913084403444e-01       1.555085083194e+02 
       6.945614310734e-01       1.538991962630e+02 
       6.978144218660e-01       1.523124318377e+02 
       7.010674127214e-01       1.507500688109e+02 
       7.043204036387e-01       1.492114727524e+02 
       7.075733946171e-01       1.476958090584e+02 
       7.108263856558e-01       1.462033690872e+02 
       7.140793767539e-01       1.447314287908e+02 
       7.173323679106e-01       1.432797604569e+02 
       7.205853591251e-01       1.418476969809e+02 
       7.238383503966e-01       1.404352758287e+02 
       7.270913417244e-01       1.390431401587e+02 
       7.303443331076e-01       1.376704976224e+02 
       7.335973245457e-01       1.363176278053e+02 
       7.368503160378e-01       1.349828134997e+02 
       7.401033075832e-01       1.336654224540e+02 
       7.433562991813e-01       1.323649092655e+02 
       7.466092908313e-01       1.310810062133e+02 
       7.498622825325e-01       1.298140321771e+02 
       7.531152742843e-01       1.285641720601e+02 
       7.563682660861e-01       1.273320396713e+02 
       7.596212579372e-01       1.261168858004e+02 
       7.628742498369e-01       1.249183499424e+02 
       8.334408642270e-01       1.023964513838e+02 
       9.354677303565e-01       7.876571880883e+01 
       1.097545487088e+00       5.451419246419e+01 
       1.354033651927e+00       3.332600015988e+01 
       1.702337135528e+00       1.929265866785e+01 
       2.143075889180e+00       1.101836275990e+01 
       2.697972564231e+00       6.228190902759e+00 
       3.396546221374e+00       3.481300000364e+00 
       4.275998350421e+00       1.920496807916e+00 
       5.383162984134e+00       1.041600221917e+00 
       6.777000676557e+00       5.516731761237e-01 
       8.531738367463e+00       2.820831417362e-01 
       1.074082223758e+01       1.366396190055e-01 
       1.352189405845e+01       6.090172444208e-02 
       1.702305604577e+01       2.397455676798e-02 
       2.143075784242e+01       7.883218087790e-03 
       2.697972564183e+01       2.021912910008e-03 
       3.396546221374e+01       3.715412637727e-04 
       4.275998350421e+01       4.581696448098e-05 
       5.383162984134e+01       3.581507865713e-06 
       6.777000676557e+01       1.720412259653e-07 
       8.531738367463e+01       5.661553025638e-09 
       1.074082223758e+02       2.100766789275e-10 
       1.352189405845e+02       3.548541444195e-11 
       1.702305604577e+02       2.052246139957e-11 
       2.143075784242e+02       8.243513438874e-12 
       2.697972564183e+02       1.699929497587e-12 
       3.396546221374e+02       1.962072687307e-13 
       4.275998350421e+02       1.387548211029e-14 
       5.383162984134e+02       6.109174879703e-16 
