# Matter power spectrum P(k) at redshift z=0
# for k=1.03549e-05 to 532.9 h/Mpc,
# number of wavenumbers equal to 631
#    1:k (h/Mpc)              2:P (Mpc/h)^3        
       1.035488693039e-05       4.906996938066e+01 
       2.308264461892e-05       1.064467028883e+02 
       3.585418200988e-05       1.628866319186e+02 
       4.870304788631e-05       2.189648604499e+02 
       6.166333357666e-05       2.750118216451e+02 
       7.476996977703e-05       3.312769166746e+02 
       8.805903265829e-05       3.879744800058e+02 
       1.015680632403e-04       4.453026448294e+02 
       1.153364040462e-04       5.034530109804e+02 
       1.294055570830e-04       5.626165359937e+02 
       1.438195672030e-04       6.229876230532e+02 
       1.586254348573e-04       6.847672964856e+02 
       1.738735621005e-04       7.481659365637e+02 
       1.896182353967e-04       8.134057741839e+02 
       2.059181482136e-04       8.807232802925e+02 
       2.228369654681e-04       9.503715368151e+02 
       2.404439304604e-04       1.022622613090e+03 
       2.588145128066e-04       1.097769973220e+03 
       2.780310928253e-04       1.176130904442e+03 
       2.981836735618e-04       1.258048885550e+03 
       3.193706058134e-04       1.343895922694e+03 
       3.416993037940e-04       1.434074666484e+03 
       3.652869190924e-04       1.529020170530e+03 
       3.902609280857e-04       1.629201126016e+03 
       4.167595729022e-04       1.735120442497e+03 
       4.449320787419e-04       1.847314500208e+03 
       4.749385518446e-04       1.966351115996e+03 
       5.069494446152e-04       2.092825523277e+03 
       5.411444606421e-04       2.227353959199e+03 
       5.777107673647e-04       2.370564383845e+03 
       6.168403942197e-04       2.523084150299e+03 
       6.587267263248e-04       2.685523883648e+03 
       7.035600645611e-04       2.858458294892e+03 
       7.515223156322e-04       3.042403876282e+03 
       8.027809972482e-04       3.237794746461e+03 
       8.574828815586e-04       3.444957790979e+03 
       9.157477311955e-04       3.664089590429e+03 
       9.776626753612e-04       3.895236748122e+03 
       1.043277795842e-03       4.138282371991e+03 
       1.112603422109e-03       4.392940322535e+03 
       1.185609469147e-03       4.658758501575e+03 
       1.262226915914e-03       4.935131028822e+03 
       1.342351263143e-03       5.221318369387e+03 
       1.425847581341e-03       5.516473512341e+03 
       1.512556608961e-03       5.819671501395e+03 
       1.602301309166e-03       6.129939015756e+03 
       1.694893336545e-03       6.446283657782e+03 
       1.790138976679e-03       6.767718144423e+03 
       1.887844266239e-03       7.093282028718e+03 
       1.987819146633e-03       7.422057211547e+03 
       2.089880626781e-03       7.753180601643e+03 
       2.193855019549e-03       8.085851093510e+03 
       2.299579370229e-03       8.419333150439e+03 
       2.406902219710e-03       8.752959714940e+03 
       2.515683847280e-03       9.086128719503e+03 
       2.625796126489e-03       9.418301164987e+03 
       2.737122108794e-03       9.748999026404e+03 
       2.849555428478e-03       1.007779962556e+04 
       2.962999601874e-03       1.040432991246e+04 
       3.077367275601e-03       1.072826408463e+04 
       3.192579463299e-03       1.104931788137e+04 
       3.308564798103e-03       1.136724463924e+04 
       3.425258818671e-03       1.168183144491e+04 
       3.542603299518e-03       1.199289263457e+04 
       3.660545631326e-03       1.230027392431e+04 
       3.779038253264e-03       1.260384038263e+04 
       3.898038136947e-03       1.290347962371e+04 
       4.017506320061e-03       1.319909827585e+04 
       4.137407486727e-03       1.349061842895e+04 
       4.257709591174e-03       1.377797930782e+04 
       4.378383521050e-03       1.406112839578e+04 
       4.499402796725e-03       1.434003099537e+04 
       4.620743303034e-03       1.461465614338e+04 
       4.742383050127e-03       1.488495348632e+04 
       4.864301960332e-03       1.515097640046e+04 
       4.986481678198e-03       1.541268743283e+04 
       5.108905401163e-03       1.567003966214e+04 
       5.231557728525e-03       1.592316538851e+04 
       5.354424526666e-03       1.617191928884e+04 
       5.477492808684e-03       1.641643713108e+04 
       5.600750626800e-03       1.665667755025e+04 
       5.724186976087e-03       1.689269603751e+04 
       5.847791708254e-03       1.712446926761e+04 
       5.971555454340e-03       1.735205914974e+04 
       6.095469555321e-03       1.757543806456e+04 
       6.219525999753e-03       1.779472652932e+04 
       6.343717367671e-03       1.800987903871e+04 
       6.468036780047e-03       1.822096641500e+04 
       6.592477853215e-03       1.842801220209e+04 
       6.717034657720e-03       1.863107758745e+04 
       6.841701681105e-03       1.883016907181e+04 
       6.966473794245e-03       1.902532252672e+04 
       7.091346220825e-03       1.921657752157e+04 
       7.216314509655e-03       1.940398627152e+04 
       7.341374509525e-03       1.958757235216e+04 
       7.466522346332e-03       1.976739451230e+04 
       7.591754402262e-03       1.994346174556e+04 
       7.717067296817e-03       2.011584606277e+04 
       7.842457869495e-03       2.028456189266e+04 
       7.967923163984e-03       2.044965899307e+04 
       8.093460413695e-03       2.061117483003e+04 
       8.219067028532e-03       2.076914494742e+04 
       8.344740582763e-03       2.092360329620e+04 
       8.470478803901e-03       2.107462921788e+04 
       8.596279562492e-03       2.122220864750e+04 
       8.722140862738e-03       2.136639205687e+04 
       8.848060833865e-03       2.150726198976e+04 
       8.974037722186e-03       2.164479861966e+04 
       9.100069883781e-03       2.177906354435e+04 
       9.226155777753e-03       2.191009966400e+04 
       9.352293960001e-03       2.203792693121e+04 
       9.478483077474e-03       2.216259355431e+04 
       9.604721862854e-03       2.228413750599e+04 
       9.731009129646e-03       2.240258420515e+04 
       9.857343767630e-03       2.251797786835e+04 
       9.983724738648e-03       2.263034472644e+04 
       1.011015107270e-02       2.273973855049e+04 
       1.023662186434e-02       2.284616768109e+04 
       1.036313626929e-02       2.294967833482e+04 
       1.048969350137e-02       2.305031642497e+04 
       1.061629282956e-02       2.314810549552e+04 
       1.074293357533e-02       2.324307098417e+04 
       1.086961511017e-02       2.333525205779e+04 
       1.099633685322e-02       2.342469394262e+04 
       1.112309826915e-02       2.351141134152e+04 
       1.124989886614e-02       2.359545226589e+04 
       1.137673819400e-02       2.367683344819e+04 
       1.150361584245e-02       2.375558903918e+04 
       1.163053143951e-02       2.383175408000e+04 
       1.175748464996e-02       2.390535643949e+04 
       1.188447517398e-02       2.397643631772e+04 
       1.201150274583e-02       2.404501641629e+04 
       1.213856713263e-02       2.411111442634e+04 
       1.226566813326e-02       2.417479356130e+04 
       1.239280557729e-02       2.423604895913e+04 
       1.251997932402e-02       2.429492443505e+04 
       1.264718926157e-02       2.435145555750e+04 
       1.277443530606e-02       2.440565801083e+04 
       1.290171740082e-02       2.445758719861e+04 
       1.302903551568e-02       2.450722519476e+04 
       1.315638964630e-02       2.455463423268e+04 
       1.328377981357e-02       2.459982770488e+04 
       1.341120606305e-02       2.464283729069e+04 
       1.353866846442e-02       2.468369474275e+04 
       1.366616711106e-02       2.472241612124e+04 
       1.379370211955e-02       2.475903757800e+04 
       1.392127362936e-02       2.479358024133e+04 
       1.404888180239e-02       2.482607092124e+04 
       1.417652682275e-02       2.485654462168e+04 
       1.430420889639e-02       2.488501426411e+04 
       1.443192825089e-02       2.491150350924e+04 
       1.455968513521e-02       2.493604601529e+04 
       1.468747981950e-02       2.495866700689e+04 
       1.481531259493e-02       2.497939031929e+04 
       1.494318377352e-02       2.499824850551e+04 
       1.507109368808e-02       2.501524406653e+04 
       1.519904269204e-02       2.503041579233e+04 
       1.532703115946e-02       2.504378892956e+04 
       1.545505948490e-02       2.505538567016e+04 
       1.558312808345e-02       2.506522985224e+04 
       1.571123739071e-02       2.507334761126e+04 
       1.583938786281e-02       2.507974654736e+04 
       1.596757997644e-02       2.508445821593e+04 
       1.609581422889e-02       2.508752259406e+04 
       1.622409113817e-02       2.508895555603e+04 
       1.635241124306e-02       2.508876477572e+04 
       1.648077510324e-02       2.508695536246e+04 
       1.660918329944e-02       2.508361108956e+04 
       1.673763643353e-02       2.507870101927e+04 
       1.686613512876e-02       2.507226074144e+04 
       1.699468002990e-02       2.506430631295e+04 
       1.712327180342e-02       2.505487705770e+04 
       1.725191113776e-02       2.504398304656e+04 
       1.738059874354e-02       2.503166133796e+04 
       1.750933535379e-02       2.501790130061e+04 
       1.763812172423e-02       2.500274194449e+04 
       1.776695863358e-02       2.498620849672e+04 
       1.789584688382e-02       2.496831088175e+04 
       1.802478730054e-02       2.494908670561e+04 
       1.815378073323e-02       2.492851977430e+04 
       1.828282805568e-02       2.490668039681e+04 
       1.841193016631e-02       2.488354477867e+04 
       1.854108798858e-02       2.485913704314e+04 
       1.867030247137e-02       2.483352319475e+04 
       1.879957458938e-02       2.480669342586e+04 
       1.892890534364e-02       2.477862110252e+04 
       1.905829576185e-02       2.474941330191e+04 
       1.918774689897e-02       2.471902286686e+04 
       1.931725983761e-02       2.468745827641e+04 
       1.944683568858e-02       2.465481675729e+04 
       1.957647559144e-02       2.462105145681e+04 
       1.970618071497e-02       2.458621258905e+04 
       1.983595225782e-02       2.455026993293e+04 
       1.996579144902e-02       2.451330538615e+04 
       2.009569954864e-02       2.447527766959e+04 
       2.022567784837e-02       2.443623847841e+04 
       2.035572767219e-02       2.439621235952e+04 
       2.048585037703e-02       2.435522686736e+04 
       2.061604735346e-02       2.431328752315e+04 
       2.074632002639e-02       2.427034218432e+04 
       2.087666985581e-02       2.422648789577e+04 
       2.100709833756e-02       2.418170554314e+04 
       2.113760700409e-02       2.413605468813e+04 
       2.126819742528e-02       2.408953598016e+04 
       2.139887120927e-02       2.404215165465e+04 
       2.152963000330e-02       2.399385957272e+04 
       2.166047549464e-02       2.394481063465e+04 
       2.179140941146e-02       2.389493318601e+04 
       2.192243352378e-02       2.384425087063e+04 
       2.205354964445e-02       2.379278668275e+04 
       2.218475963017e-02       2.374055002837e+04 
       2.231606538249e-02       2.368757703603e+04 
       2.244746884887e-02       2.363385826949e+04 
       2.257897202382e-02       2.357939309041e+04 
       2.271057695002e-02       2.352426379438e+04 
       2.284228571945e-02       2.346837507551e+04 
       2.297410047466e-02       2.341190581374e+04 
       2.310602340994e-02       2.335466548965e+04 
       2.323805677268e-02       2.329688251517e+04 
       2.337020286464e-02       2.323843263393e+04 
       2.350246404333e-02       2.317935080798e+04 
       2.363484272343e-02       2.311966755398e+04 
       2.376734137821e-02       2.305939323968e+04 
       2.389996254110e-02       2.299854892050e+04 
       2.403270880715e-02       2.293713055120e+04 
       2.416558283471e-02       2.287515633757e+04 
       2.429858734702e-02       2.281265463027e+04 
       2.443172513395e-02       2.274965964001e+04 
       2.456499905376e-02       2.268612010582e+04 
       2.469841203488e-02       2.262206169854e+04 
       2.483196707784e-02       2.255757558484e+04 
       2.496566725719e-02       2.249254229587e+04 
       2.509951572348e-02       2.242712000895e+04 
       2.523351570538e-02       2.236124815813e+04 
       2.536767051178e-02       2.229487114450e+04 
       2.550198353404e-02       2.222815011820e+04 
       2.563645824825e-02       2.216096788575e+04 
       2.577109821762e-02       2.209342687525e+04 
       2.590590709493e-02       2.202542640146e+04 
       2.604088862504e-02       2.195710065173e+04 
       2.617604664755e-02       2.188837606676e+04 
       2.631138509951e-02       2.181931735900e+04 
       2.644690801822e-02       2.174992654392e+04 
       2.658261954414e-02       2.168018189549e+04 
       2.671852392392e-02       2.161015677636e+04 
       2.685462551353e-02       2.153979023324e+04 
       2.699092878149e-02       2.146908737143e+04 
       2.712743831221e-02       2.139815586251e+04 
       2.726415880954e-02       2.132696772945e+04 
       2.740109510028e-02       2.125538765180e+04 
       2.753825213803e-02       2.118358393190e+04 
       2.767563500700e-02       2.111158723837e+04 
       2.781324892606e-02       2.103928303060e+04 
       2.795109925298e-02       2.096680681386e+04 
       2.808919148871e-02       2.089402295585e+04 
       2.822753128192e-02       2.082108897361e+04 
       2.836612443374e-02       2.074795819479e+04 
       2.850497690257e-02       2.067466114690e+04 
       2.864409480920e-02       2.060109548700e+04 
       2.878348444204e-02       2.052738515708e+04 
       2.892315226267e-02       2.045348452673e+04 
       2.906310491151e-02       2.037941143269e+04 
       2.920334921377e-02       2.030522086042e+04 
       2.934389218562e-02       2.023085025116e+04 
       2.948474104068e-02       2.015632751305e+04 
       2.962590319673e-02       2.008162628388e+04 
       2.976738628268e-02       2.000695455491e+04 
       2.990919814588e-02       1.993208043980e+04 
       3.005134685977e-02       1.985708976439e+04 
       3.019384073178e-02       1.978199649173e+04 
       3.033668831167e-02       1.970681115815e+04 
       3.047989840014e-02       1.963152169824e+04 
       3.062348005792e-02       1.955618054423e+04 
       3.076744261520e-02       1.948071646904e+04 
       3.091179568153e-02       1.940517423509e+04 
       3.105654915612e-02       1.932962944124e+04 
       3.120171323870e-02       1.925395625159e+04 
       3.134729844080e-02       1.917826006079e+04 
       3.149331559762e-02       1.910253878496e+04 
       3.163977588045e-02       1.902675100326e+04 
       3.178669080964e-02       1.895093021222e+04 
       3.193407226830e-02       1.887503359254e+04 
       3.208193251655e-02       1.879913448779e+04 
       3.223028420656e-02       1.872325359779e+04 
       3.237914039833e-02       1.864726591001e+04 
       3.252851457622e-02       1.857131241273e+04 
       3.267842066636e-02       1.849541486227e+04 
       3.282887305495e-02       1.841944570631e+04 
       3.297988660748e-02       1.834344352256e+04 
       3.313147668904e-02       1.826750652907e+04 
       3.328365918559e-02       1.819152460719e+04 
       3.343645052649e-02       1.811554343445e+04 
       3.358986770814e-02       1.803964728181e+04 
       3.374392831900e-02       1.796372330998e+04 
       3.389865056595e-02       1.788778873017e+04 
       3.405405330217e-02       1.781188292001e+04 
       3.421015605649e-02       1.773603536988e+04 
       3.436697906459e-02       1.766023174029e+04 
       3.452454330183e-02       1.758442801509e+04 
       3.468287051814e-02       1.750865078197e+04 
       3.484198327488e-02       1.743290870394e+04 
       3.500190498399e-02       1.735721646790e+04 
       3.516265994940e-02       1.728155423831e+04 
       3.532427341113e-02       1.720590876758e+04 
       3.548677159200e-02       1.713031525204e+04 
       3.565018174732e-02       1.705480238356e+04 
       3.581453221780e-02       1.697930430350e+04 
       3.597985248573e-02       1.690375149205e+04 
       3.614617323498e-02       1.682840458000e+04 
       3.631352641485e-02       1.675299826712e+04 
       3.648194530825e-02       1.667763548984e+04 
       3.665146460449e-02       1.660236131638e+04 
       3.682212047706e-02       1.652711753266e+04 
       3.699395066683e-02       1.645185711472e+04 
       3.716699457113e-02       1.637670502349e+04 
       3.734129333920e-02       1.630158353480e+04 
       3.751688997453e-02       1.622649038518e+04 
       3.769382944481e-02       1.615140334835e+04 
       3.787215879995e-02       1.607636100478e+04 
       3.805192729919e-02       1.600135907127e+04 
       3.823318654784e-02       1.592644132118e+04 
       3.841599064477e-02       1.585150584798e+04 
       3.860039634149e-02       1.577659315601e+04 
       3.878646321405e-02       1.570169779257e+04 
       3.897425384900e-02       1.562681576546e+04 
       3.916383404466e-02       1.555198237343e+04 
       3.935527302945e-02       1.547711235056e+04 
       3.954864369875e-02       1.540226453552e+04 
       3.974402287252e-02       1.532743850069e+04 
       3.994149157555e-02       1.525260876580e+04 
       4.014113534300e-02       1.517772806105e+04 
       4.034304455381e-02       1.510289147055e+04 
       4.054731479514e-02       1.502798424792e+04 
       4.075404726139e-02       1.495308256342e+04 
       4.096334919157e-02       1.487811790742e+04 
       4.117533434967e-02       1.480310576898e+04 
       4.139012355304e-02       1.472805142756e+04 
       4.160784525462e-02       1.465291017692e+04 
       4.182863618559e-02       1.457772289161e+04 
       4.205264206609e-02       1.450242760822e+04 
       4.228001839269e-02       1.442705714644e+04 
       4.251093131257e-02       1.435157971006e+04 
       4.274555859609e-02       1.427595168661e+04 
       4.298409072090e-02       1.420020758969e+04 
       4.322673208329e-02       1.412431907470e+04 
       4.347370235461e-02       1.404829020212e+04 
       4.372523800381e-02       1.397204180084e+04 
       4.398159401075e-02       1.389562561425e+04 
       4.424304579890e-02       1.381897126777e+04 
       4.450989142157e-02       1.374209163333e+04 
       4.478245404158e-02       1.366495420825e+04 
       4.506108475204e-02       1.358749158917e+04 
       4.534616579454e-02       1.350973833878e+04 
       4.563811424245e-02       1.343164317845e+04 
       4.593738623002e-02       1.335316883808e+04 
       4.624448182475e-02       1.327428511233e+04 
       4.655995066038e-02       1.319497850769e+04 
       4.688439847335e-02       1.311514492050e+04 
       4.721849471624e-02       1.303479343883e+04 
       4.756298146079e-02       1.295388239741e+04 
       4.791868385172e-02       1.287231822999e+04 
       4.828652243350e-02       1.279007701456e+04 
       4.866752774954e-02       1.270700754278e+04 
       4.906285771111e-02       1.262321258177e+04 
       4.947381835719e-02       1.253836033002e+04 
       4.990188878491e-02       1.245257347706e+04 
       5.034875123153e-02       1.236561343287e+04 
       5.081632754609e-02       1.227738168425e+04 
       5.130682361492e-02       1.218770259115e+04 
       5.182278371737e-02       1.209647841073e+04 
       5.236715730209e-02       1.200332277735e+04 
       5.294338130087e-02       1.190823235445e+04 
       5.355548183290e-02       1.181069398799e+04 
       5.420819995298e-02       1.171042205967e+04 
       5.490714683329e-02       1.160689457771e+04 
       5.565899413065e-02       1.149956260958e+04 
       5.647170461269e-02       1.138765818029e+04 
       5.735480504667e-02       1.127017768005e+04 
       5.831969529378e-02       1.114586078930e+04 
       5.937996979177e-02       1.101299970201e+04 
       6.055169234668e-02       1.086929651811e+04 
       6.185350148550e-02       1.071167974083e+04 
       6.330632210008e-02       1.053613798921e+04 
       6.493232949191e-02       1.033742810715e+04 
       6.675272619165e-02       1.010910466598e+04 
       6.878404416397e-02       9.843950568097e+03 
       7.103336492303e-02       9.535169397349e+03 
       7.349409106054e-02       9.178432471825e+03 
       7.614483000624e-02       8.774401779528e+03 
       7.895298610598e-02       8.330321660934e+03 
       8.188171901997e-02       7.859853410918e+03 
       8.489675249227e-02       7.380733282998e+03 
       8.797034588867e-02       6.911825981208e+03 
       9.108216565615e-02       6.470018227878e+03 
       9.421828679922e-02       6.068343562642e+03 
       9.736959233299e-02       5.715045858940e+03 
       1.005302831227e-01       5.413467809811e+03 
       1.036967368335e-01       5.162600044031e+03 
       1.068667161071e-01       4.957826010441e+03 
       1.100388484536e-01       4.791956933812e+03 
       1.132122953652e-01       4.656007111965e+03 
       1.163865457616e-01       4.540226275188e+03 
       1.195612885058e-01       4.434948610415e+03 
       1.227363342555e-01       4.331370275506e+03 
       1.259115677539e-01       4.222387895036e+03 
       1.290869187759e-01       4.103105123481e+03 
       1.322623444605e-01       3.971091103893e+03 
       1.354378185762e-01       3.826428543964e+03 
       1.386133250017e-01       3.671364815715e+03 
       1.417888537671e-01       3.509737408605e+03 
       1.449643986507e-01       3.346320082162e+03 
       1.481399557184e-01       3.186111122537e+03 
       1.513155224369e-01       3.033740697818e+03 
       1.544910971344e-01       2.892989628095e+03 
       1.576666786721e-01       2.766509900658e+03 
       1.608422662439e-01       2.655688960077e+03 
       1.640178592545e-01       2.560670678905e+03 
       1.671934572441e-01       2.480493188949e+03 
       1.703690598421e-01       2.413274295748e+03 
       1.735446667390e-01       2.356495209537e+03 
       1.767202776678e-01       2.307244609643e+03 
       1.798958923930e-01       2.262512838740e+03 
       1.830715107030e-01       2.220043914805e+03 
       1.862471324056e-01       2.176786984629e+03 
       1.894227573241e-01       2.130715467477e+03 
       1.925983852953e-01       2.080607295412e+03 
       1.957740161680e-01       2.026040948699e+03 
       1.989496498010e-01       1.967357291434e+03 
       2.021252860627e-01       1.905521306108e+03 
       2.053009248296e-01       1.841936574189e+03 
       2.084765659862e-01       1.778177961897e+03 
       2.116522094241e-01       1.715803867633e+03 
       2.148278550412e-01       1.656179659287e+03 
       2.180035027416e-01       1.600395426021e+03 
       2.211791524349e-01       1.549200929795e+03 
       2.243548040357e-01       1.502999847883e+03 
       2.275304574638e-01       1.461855178535e+03 
       2.307061126430e-01       1.425536798585e+03 
       2.338817695017e-01       1.393499821260e+03 
       2.370574279718e-01       1.364986276190e+03 
       2.402330879890e-01       1.339101054385e+03 
       2.434087494924e-01       1.314895418080e+03 
       2.465844124242e-01       1.291439973755e+03 
       2.497600767296e-01       1.267967958202e+03 
       2.529357423564e-01       1.243888239532e+03 
       2.561114092553e-01       1.218817450446e+03 
       2.592870773792e-01       1.192602046632e+03 
       2.624627466834e-01       1.165290007269e+03 
       2.656384171253e-01       1.137079903412e+03 
       2.688140886644e-01       1.108333517582e+03 
       2.719897612619e-01       1.079497130892e+03 
       2.751654348811e-01       1.051062434146e+03 
       2.783411094868e-01       1.023506388541e+03 
       2.815167850453e-01       9.972401784851e+02 
       2.846924615247e-01       9.725669558106e+02 
       2.878681388943e-01       9.496540082651e+02 
       2.910438171247e-01       9.285392616516e+02 
       2.942194961881e-01       9.091403037472e+02 
       2.973951760574e-01       8.912738452351e+02 
       3.005708567072e-01       8.747106298260e+02 
       3.037465381127e-01       8.591761131039e+02 
       3.069222202504e-01       8.443859616396e+02 
       3.100979030976e-01       8.300624458444e+02 
       3.132735866328e-01       8.159505667586e+02 
       3.164492708350e-01       8.018440160134e+02 
       3.196249556843e-01       7.875883908344e+02 
       3.228006411615e-01       7.731079814928e+02 
       3.259763272481e-01       7.583928813333e+02 
       3.291520139265e-01       7.435076530591e+02 
       3.323277011796e-01       7.285524874779e+02 
       3.355033889909e-01       7.136630568620e+02 
       3.386790773448e-01       6.989785298029e+02 
       3.418547662260e-01       6.846321612279e+02 
       3.450304556199e-01       6.707392352099e+02 
       3.482061455124e-01       6.573947503824e+02 
       3.513818358900e-01       6.446614020431e+02 
       3.545575267395e-01       6.325785459986e+02 
       3.577332180483e-01       6.211441860991e+02 
       3.609089098042e-01       6.103238882394e+02 
       3.640846019955e-01       6.000502586802e+02 
       3.672602946108e-01       5.902327988612e+02 
       3.704359876393e-01       5.807725478056e+02 
       3.736116810702e-01       5.715735333952e+02 
       3.767873748935e-01       5.625523499643e+02 
       3.799630690991e-01       5.536471627209e+02 
       3.831387636777e-01       5.448115302387e+02 
       3.863144586198e-01       5.360185793772e+02 
       3.894901539167e-01       5.272561685952e+02 
       3.926658495596e-01       5.185269630290e+02 
       3.958415455402e-01       5.098469577980e+02 
       3.990172418504e-01       5.012448786340e+02 
       4.021929384824e-01       4.927573039404e+02 
       4.053686354286e-01       4.844262702308e+02 
       4.085443326815e-01       4.762905107202e+02 
       4.117200302342e-01       4.683779556441e+02 
       4.148957280797e-01       4.607100970210e+02 
       4.180714262112e-01       4.532940051575e+02 
       4.212471246223e-01       4.461267257194e+02 
       4.244228233068e-01       4.392009854240e+02 
       4.275985222584e-01       4.325037248872e+02 
       4.307742214712e-01       4.260219927909e+02 
       4.339499209396e-01       4.197348265240e+02 
       4.371256206578e-01       4.136194404983e+02 
       4.403013206206e-01       4.076497535384e+02 
       4.434770208225e-01       4.017978468702e+02 
       4.466527212586e-01       3.960414061021e+02 
       4.498284219237e-01       3.903586723712e+02 
       4.530041228131e-01       3.847423173684e+02 
       4.561798239221e-01       3.791871796467e+02 
       4.593555252461e-01       3.736953986787e+02 
       4.625312267807e-01       3.682710162178e+02 
       4.657069285215e-01       3.629201338729e+02 
       4.688826304644e-01       3.576495245325e+02 
       4.720583326051e-01       3.524672506500e+02 
       4.752340349399e-01       3.473831217289e+02 
       4.784097374648e-01       3.424086191778e+02 
       4.815854401759e-01       3.375517439277e+02 
       4.847611430697e-01       3.328202357052e+02 
       4.879368461426e-01       3.282155272021e+02 
       4.911125493910e-01       3.237333453673e+02 
       4.942882528117e-01       3.193657971110e+02 
       4.974639564012e-01       3.151024215168e+02 
       5.006396601563e-01       3.109324546463e+02 
       5.038153640740e-01       3.068479064107e+02 
       5.069910681511e-01       3.028393977317e+02 
       5.101667723847e-01       2.989020638596e+02 
       5.133424767718e-01       2.950269884188e+02 
       5.165181813097e-01       2.912098836841e+02 
       5.196938859954e-01       2.874444319338e+02 
       5.228695908264e-01       2.837280481379e+02 
       5.260452958000e-01       2.800610037135e+02 
       5.292210009136e-01       2.764459635936e+02 
       5.323967061648e-01       2.728870511087e+02 
       5.355724115509e-01       2.693883563079e+02 
       5.387481170698e-01       2.659538580051e+02 
       5.419238227189e-01       2.625832650633e+02 
       5.450995284961e-01       2.592760305926e+02 
       5.482752343991e-01       2.560320879905e+02 
       5.514509404257e-01       2.528499912444e+02 
       5.546266465738e-01       2.497296373705e+02 
       5.578023528413e-01       2.466707479740e+02 
       5.609780592262e-01       2.436722022082e+02 
       5.641537657265e-01       2.407320776322e+02 
       5.673294723402e-01       2.378462106588e+02 
       5.705051790655e-01       2.350105552308e+02 
       5.736808859004e-01       2.322209408496e+02 
       5.768565928433e-01       2.294747004098e+02 
       5.800322998922e-01       2.267704992623e+02 
       5.832080070455e-01       2.241076480180e+02 
       5.863837143015e-01       2.214861884485e+02 
       5.895594216584e-01       2.189041390822e+02 
       5.927351291148e-01       2.163604330897e+02 
       5.959108366689e-01       2.138549426090e+02 
       5.990865443192e-01       2.113849833188e+02 
       6.022622520642e-01       2.089511167952e+02 
       6.054379599024e-01       2.065549946175e+02 
       6.086136678323e-01       2.041974224191e+02 
       6.117893758526e-01       2.018798562042e+02 
       6.149650839617e-01       1.996009860416e+02 
       6.181407921584e-01       1.973635410429e+02 
       6.213165004412e-01       1.951615953857e+02 
       6.244922088089e-01       1.929945799917e+02 
       6.276679172602e-01       1.908633419175e+02 
       6.308436257938e-01       1.887653944215e+02 
       6.340193344084e-01       1.867013854051e+02 
       6.371950431029e-01       1.846702014964e+02 
       6.403707518761e-01       1.826710568115e+02 
       6.435464607267e-01       1.807022947469e+02 
       6.467221696537e-01       1.787617665551e+02 
       6.498978786559e-01       1.768478302535e+02 
       6.530735877323e-01       1.749603802632e+02 
       6.562492968816e-01       1.730992363842e+02 
       6.594250061030e-01       1.712651285508e+02 
       6.626007153954e-01       1.694580205905e+02 
       6.657764247576e-01       1.676780253918e+02 
       6.689521341888e-01       1.659238931951e+02 
       6.721278436880e-01       1.641944938687e+02 
       6.753035532541e-01       1.624893883199e+02 
       6.784792628863e-01       1.608081191579e+02 
       6.816549725837e-01       1.591521233005e+02 
       6.848306823452e-01       1.575204303496e+02 
       6.880063921701e-01       1.559136422647e+02 
       6.911821020574e-01       1.543307923130e+02 
       6.943578120064e-01       1.527715700777e+02 
       6.975335220160e-01       1.512347951119e+02 
       7.007092320856e-01       1.497182525686e+02 
       7.038849422143e-01       1.482224077662e+02 
       7.070606524014e-01       1.467473423750e+02 
       7.102363626459e-01       1.452926540396e+02 
       7.134120729472e-01       1.438592770959e+02 
       7.165877833045e-01       1.424463034531e+02 
       7.197634937171e-01       1.410517737912e+02 
       7.229392041842e-01       1.396754143175e+02 
       7.261149147051e-01       1.383170031065e+02 
       7.292906252791e-01       1.369761056301e+02 
       7.324663359055e-01       1.356523317700e+02 
       7.356420465836e-01       1.343475672144e+02 
       7.388177573129e-01       1.330607429844e+02 
       7.419934680925e-01       1.317913380661e+02 
       7.451691789219e-01       1.305396598839e+02 
       7.483448898004e-01       1.293031413174e+02 
       8.185974810127e-01       1.056779449009e+02 
       9.207766832137e-01       8.087861227017e+01 
       1.083785342301e+00       5.554217753033e+01 
       1.340054337287e+00       3.375725555403e+01 
       1.685202217976e+00       1.951785297642e+01 
       2.121515134661e+00       1.114064949216e+01 
       2.670829228528e+00       6.292631489306e+00 
       3.362374786322e+00       3.514810963913e+00 
       4.232979062477e+00       1.937276207220e+00 
       5.329004909344e+00       1.049441386650e+00 
       6.708819699949e+00       5.548916373122e-01 
       8.445903603412e+00       2.830075594217e-01 
       1.063276267190e+01       1.365110419513e-01 
       1.338585512523e+01       6.048276270942e-02 
       1.685179317575e+01       2.361395136884e-02 
       2.121515066325e+01       7.665965835083e-03 
       2.670829228500e+01       1.932342290578e-03 
       3.362374786322e+01       3.493850767938e-04 
       4.232979062477e+01       4.256093459674e-05 
       5.329004909344e+01       3.193627945947e-06 
       6.708819699949e+01       1.501152364621e-07 
       8.445903603412e+01       4.916252240856e-09 
       1.063276267190e+02       1.934630342655e-10 
       1.338585512523e+02       3.774843684624e-11 
       1.685179317575e+02       2.293171518716e-11 
       2.121515066325e+02       9.459761919482e-12 
       2.670829228500e+02       2.096174515260e-12 
       3.362374786322e+02       2.815770370296e-13 
       4.232979062477e+02       2.621118589917e-14 
       5.329004909344e+02       1.837653424509e-15 
