# Matter power spectrum P(k) at redshift z=0
# for k=1.04891e-05 to 2118.01 h/Mpc,
# number of wavenumbers equal to 635
#    1:k (h/Mpc)              2:P (Mpc/h)^3        
       1.048912248753e-05       4.749488291582e+01 
       2.342124000905e-05       1.031974405982e+02 
       3.639919085156e-05       1.579944878929e+02 
       4.945817189459e-05       2.124498250611e+02 
       6.263396671388e-05       2.668890179893e+02 
       7.596326718352e-05       3.215589609169e+02 
       8.948400543893e-05       3.766727041408e+02 
       1.032357006483e-04       4.324278776893e+02 
       1.172598250736e-04       4.890162062766e+02 
       1.316001939368e-04       5.466293054261e+02 
       1.463033836108e-04       6.054627636964e+02 
       1.614191825900e-04       6.657193526034e+02 
       1.770010795061e-04       7.276117896086e+02 
       1.931067920619e-04       7.913652988896e+02 
       2.097988400629e-04       8.572200740726e+02 
       2.271451645875e-04       9.254337282035e+02 
       2.452197935861e-04       9.962837650689e+02 
       2.641035515902e-04       1.070070066425e+03 
       2.838848074760e-04       1.147117404630e+03 
       3.046602490031e-04       1.227777919834e+03 
       3.265356657501e-04       1.312433413928e+03 
       3.496267126705e-04       1.401497565415e+03 
       3.740596144113e-04       1.495417547123e+03 
       3.999717555192e-04       1.594675159962e+03 
       4.275120837667e-04       1.699786956820e+03 
       4.568412336655e-04       1.811303251092e+03 
       4.881312563027e-04       1.929805098859e+03 
       5.215648227152e-04       2.055899572245e+03 
       5.573337555475e-04       2.190211797793e+03 
       5.956367439899e-04       2.333374396095e+03 
       6.366761177524e-04       2.486012932817e+03 
       6.806536053146e-04       2.648728093858e+03 
       7.277650862177e-04       2.822074289144e+03 
       7.781944677874e-04       3.006535642198e+03 
       8.321069651801e-04       3.202500638688e+03 
       8.896422196222e-04       3.410237005284e+03 
       9.509078208792e-04       3.629869565393e+03 
       1.015973867843e-03       3.861362939176e+03 
       1.084869172232e-03       4.104511650867e+03 
       1.157579570198e-03       4.358939271686e+03 
       1.234048569885e-03       4.624106668268e+03 
       1.314180274059e-03       4.899329590411e+03 
       1.397844238049e-03       5.183803241541e+03 
       1.484881714153e-03       5.476631130764e+03 
       1.575112632170e-03       5.776856184511e+03 
       1.668342677947e-03       6.083490936202e+03 
       1.764369935259e-03       6.395544381911e+03 
       1.862990711862e-03       6.712045560273e+03 
       1.964004338050e-03       7.032061384768e+03 
       2.067216874200e-03       7.354710832076e+03 
       2.172443775751e-03       7.679173979334e+03 
       2.279511635322e-03       8.004697091313e+03 
       2.388259156811e-03       8.330595528518e+03 
       2.498537524047e-03       8.656251435154e+03 
       2.610210316296e-03       8.981111690562e+03 
       2.723153102924e-03       9.304688354507e+03 
       2.837252825787e-03       9.626545416367e+03 
       2.952407054368e-03       9.946301207192e+03 
       3.068523177546e-03       1.026362277259e+04 
       3.185517578088e-03       1.057821783967e+04 
       3.303314821698e-03       1.088983342509e+04 
       3.421846881434e-03       1.119825016523e+04 
       3.541052410091e-03       1.150327766887e+04 
       3.660876067187e-03       1.180475512704e+04 
       3.781267903051e-03       1.210254303606e+04 
       3.902182799637e-03       1.239652490653e+04 
       4.023579965944e-03       1.268660543956e+04 
       4.145422484747e-03       1.297270250481e+04 
       4.267676906832e-03       1.325475010858e+04 
       4.390312888633e-03       1.353270062676e+04 
       4.513302869194e-03       1.380650957030e+04 
       4.636621782531e-03       1.407615025868e+04 
       4.760246801665e-03       1.434159243079e+04 
       4.884157110923e-03       1.460282503621e+04 
       5.008333703364e-03       1.485985287586e+04 
       5.132759200518e-03       1.511271416319e+04 
       5.257417691888e-03       1.536132369294e+04 
       5.382294591966e-03       1.560572004638e+04 
       5.507376512736e-03       1.584598420790e+04 
       5.632651149901e-03       1.608200881348e+04 
       5.758107181229e-03       1.631396084556e+04 
       5.883734175661e-03       1.654176310368e+04 
       6.009522511921e-03       1.676544825833e+04 
       6.135463305568e-03       1.698501441221e+04 
       6.261548343531e-03       1.720058380341e+04 
       6.387770025286e-03       1.741210188701e+04 
       6.514121309935e-03       1.761965516441e+04 
       6.640595668538e-03       1.782322941014e+04 
       6.767187041126e-03       1.802290919006e+04 
       6.893889797882e-03       1.821870844095e+04 
       7.020698704039e-03       1.841063974859e+04 
       7.147608888117e-03       1.859874962440e+04 
       7.274615813120e-03       1.878310208886e+04 
       7.401715250418e-03       1.896370554795e+04 
       7.528903256001e-03       1.914060861604e+04 
       7.656176148895e-03       1.931384387074e+04 
       7.783530491502e-03       1.948344677933e+04 
       7.910963071677e-03       1.964946396443e+04 
       8.038470886375e-03       1.981192241742e+04 
       8.166051126708e-03       1.997086860356e+04 
       8.293701164279e-03       2.012633390097e+04 
       8.421418538675e-03       2.027836948432e+04 
       8.549200945995e-03       2.042700311487e+04 
       8.677046228341e-03       2.057227084855e+04 
       8.804952364154e-03       2.071421875669e+04 
       8.932917459344e-03       2.085287653952e+04 
       9.060939739122e-03       2.098828775344e+04 
       9.189017540486e-03       2.112048818501e+04 
       9.317149305291e-03       2.124950627810e+04 
       9.445333573867e-03       2.137538407207e+04 
       9.573568979119e-03       2.149815411271e+04 
       9.701854241084e-03       2.161786117022e+04 
       9.830188161895e-03       2.173452261482e+04 
       9.958569621129e-03       2.184818777905e+04 
       1.008699757150e-02       2.195887742952e+04 
       1.021547103485e-02       2.206663652769e+04 
       1.034398909850e-02       2.217149538661e+04 
       1.047255091174e-02       2.227348961019e+04 
       1.060115568273e-02       2.237264814737e+04 
       1.072980267551e-02       2.246900815023e+04 
       1.085849120724e-02       2.256260014951e+04 
       1.098722064568e-02       2.265345665174e+04 
       1.111599040685e-02       2.274160452576e+04 
       1.124479995275e-02       2.282708297711e+04 
       1.137364878940e-02       2.290991914926e+04 
       1.150253646488e-02       2.299014693733e+04 
       1.163146256760e-02       2.306779403454e+04 
       1.176042672463e-02       2.314288667887e+04 
       1.188942860016e-02       2.321546536721e+04 
       1.201846789413e-02       2.328555293400e+04 
       1.214754434085e-02       2.335317958369e+04 
       1.227665770778e-02       2.341837637213e+04 
       1.240580779443e-02       2.348117131047e+04 
       1.253499443123e-02       2.354160392745e+04 
       1.266421747861e-02       2.359968894274e+04 
       1.279347682603e-02       2.365545387476e+04 
       1.292277239115e-02       2.370894265480e+04 
       1.305210411908e-02       2.376017433388e+04 
       1.318147198159e-02       2.380917012006e+04 
       1.331087597649e-02       2.385596512170e+04 
       1.344031612696e-02       2.390057832772e+04 
       1.356979248106e-02       2.394304945461e+04 
       1.369930511110e-02       2.398338518248e+04 
       1.382885411325e-02       2.402162759248e+04 
       1.395843960705e-02       2.405780843809e+04 
       1.408806173503e-02       2.409192761747e+04 
       1.421772066235e-02       2.412403777119e+04 
       1.434741657644e-02       2.415414921429e+04 
       1.447714968677e-02       2.418229232440e+04 
       1.460692022452e-02       2.420849161706e+04 
       1.473672844240e-02       2.423277524371e+04 
       1.486657461441e-02       2.425515848348e+04 
       1.499645903572e-02       2.427567196944e+04 
       1.512638202246e-02       2.429434644997e+04 
       1.525634391164e-02       2.431119185227e+04 
       1.538634506104e-02       2.432623858914e+04 
       1.551638584914e-02       2.433951571427e+04 
       1.564646667509e-02       2.435104549126e+04 
       1.577658795864e-02       2.436083466150e+04 
       1.590675014019e-02       2.436893042838e+04 
       1.603695368074e-02       2.437532938720e+04 
       1.616719906200e-02       2.438008233995e+04 
       1.629748678640e-02       2.438319470198e+04 
       1.642781737716e-02       2.438469771502e+04 
       1.655819137841e-02       2.438458906737e+04 
       1.668860935529e-02       2.438293110920e+04 
       1.681907189410e-02       2.437973000524e+04 
       1.694957960241e-02       2.437498357474e+04 
       1.708013310927e-02       2.436874785457e+04 
       1.721073306534e-02       2.436100138629e+04 
       1.734138014317e-02       2.435182933103e+04 
       1.747207503735e-02       2.434119882522e+04 
       1.760281846475e-02       2.432915531494e+04 
       1.773361116482e-02       2.431569562973e+04 
       1.786445389980e-02       2.430087054626e+04 
       1.799534745507e-02       2.428468666065e+04 
       1.812629263939e-02       2.426714595894e+04 
       1.825729028523e-02       2.424831377165e+04 
       1.838834124914e-02       2.422814395096e+04 
       1.851944641208e-02       2.420671271446e+04 
       1.865060667978e-02       2.418404186187e+04 
       1.878182298313e-02       2.416011547130e+04 
       1.891309627860e-02       2.413495612216e+04 
       1.904442754863e-02       2.410861895559e+04 
       1.917581780211e-02       2.408112018842e+04 
       1.930726807478e-02       2.405240592432e+04 
       1.943877942973e-02       2.402256048558e+04 
       1.957035295793e-02       2.399159324671e+04 
       1.970198977866e-02       2.395952714492e+04 
       1.983369104010e-02       2.392638719963e+04 
       1.996545791985e-02       2.389212909043e+04 
       2.009729162550e-02       2.385686226936e+04 
       2.022919339523e-02       2.382055834887e+04 
       2.036116449839e-02       2.378321300073e+04 
       2.049320623615e-02       2.374487915435e+04 
       2.062531994214e-02       2.370554872028e+04 
       2.075750698312e-02       2.366525197586e+04 
       2.088976875966e-02       2.362406593822e+04 
       2.102210670687e-02       2.358187667236e+04 
       2.115452229515e-02       2.353880801456e+04 
       2.128701703089e-02       2.349483007514e+04 
       2.141959245733e-02       2.344999442896e+04 
       2.155225015533e-02       2.340425991964e+04 
       2.168499174422e-02       2.335768933063e+04 
       2.181781888262e-02       2.331029156469e+04 
       2.195073326940e-02       2.326206724735e+04 
       2.208373664456e-02       2.321302354074e+04 
       2.221683079015e-02       2.316323461146e+04 
       2.235001753129e-02       2.311270532938e+04 
       2.248329873716e-02       2.306140036790e+04 
       2.261667632202e-02       2.300936024049e+04 
       2.275015224632e-02       2.295657325522e+04 
       2.288372851775e-02       2.290307303871e+04 
       2.301740719242e-02       2.284890594437e+04 
       2.315119037602e-02       2.279406628697e+04 
       2.328508022502e-02       2.273853634094e+04 
       2.341907894794e-02       2.268236504782e+04 
       2.355318880661e-02       2.262558886193e+04 
       2.368741211752e-02       2.256814380111e+04 
       2.382175125318e-02       2.251013993010e+04 
       2.395620864354e-02       2.245150934096e+04 
       2.409078677745e-02       2.239229856690e+04 
       2.422548820415e-02       2.233254250726e+04 
       2.436031553482e-02       2.227220399973e+04 
       2.449527144424e-02       2.221139891491e+04 
       2.463035867236e-02       2.215001501700e+04 
       2.476558002608e-02       2.208812206343e+04 
       2.490093838097e-02       2.202568999103e+04 
       2.503643668313e-02       2.196284643352e+04 
       2.517207795103e-02       2.189951296182e+04 
       2.530786527749e-02       2.183571448529e+04 
       2.544380183168e-02       2.177145296009e+04 
       2.557989086120e-02       2.170678565557e+04 
       2.571613569421e-02       2.164164831217e+04 
       2.585253974167e-02       2.157611643812e+04 
       2.598910649963e-02       2.151018444232e+04 
       2.612583955160e-02       2.144391507504e+04 
       2.626274257101e-02       2.137718902292e+04 
       2.639981932373e-02       2.131013904301e+04 
       2.653707367074e-02       2.124274214550e+04 
       2.667450957081e-02       2.117498616209e+04 
       2.681213108334e-02       2.110686281058e+04 
       2.694994237126e-02       2.103843168374e+04 
       2.708794770408e-02       2.096972749549e+04 
       2.722615146098e-02       2.090070200985e+04 
       2.736455813409e-02       2.083138803115e+04 
       2.750317233182e-02       2.076176620355e+04 
       2.764199878238e-02       2.069191238156e+04 
       2.778104233734e-02       2.062177187298e+04 
       2.792030797545e-02       2.055138854355e+04 
       2.805980080645e-02       2.048078246661e+04 
       2.819952607516e-02       2.040990271420e+04 
       2.833948916566e-02       2.033882278116e+04 
       2.847969560563e-02       2.026754293014e+04 
       2.862015107084e-02       2.019601419948e+04 
       2.876086138992e-02       2.012434885417e+04 
       2.890183254914e-02       2.005245961022e+04 
       2.904307069757e-02       1.998037281868e+04 
       2.918458215227e-02       1.990814989574e+04 
       2.932637340386e-02       1.983576047813e+04 
       2.946845112213e-02       1.976321794159e+04 
       2.961082216205e-02       1.969050260650e+04 
       2.975349356995e-02       1.961767245516e+04 
       2.989647258990e-02       1.954472867693e+04 
       3.003976667046e-02       1.947155806700e+04 
       3.018338347170e-02       1.939841592400e+04 
       3.032733087242e-02       1.932508521540e+04 
       3.047161697779e-02       1.925172875994e+04 
       3.061625012729e-02       1.917821814501e+04 
       3.076123890295e-02       1.910463076061e+04 
       3.090659213802e-02       1.903091685253e+04 
       3.105231892598e-02       1.895721184328e+04 
       3.119842862996e-02       1.888333673282e+04 
       3.134493089261e-02       1.880950832599e+04 
       3.149183564641e-02       1.873556712235e+04 
       3.163915312440e-02       1.866160109090e+04 
       3.178689387153e-02       1.858748720688e+04 
       3.193506875641e-02       1.851352602160e+04 
       3.208368898369e-02       1.843937798974e+04 
       3.223276610705e-02       1.836526614648e+04 
       3.238231204273e-02       1.829115643074e+04 
       3.253233908381e-02       1.821690035924e+04 
       3.268285991517e-02       1.814272036916e+04 
       3.283388762912e-02       1.806853564945e+04 
       3.298543574194e-02       1.799433627371e+04 
       3.313751821115e-02       1.792016296997e+04 
       3.329014945373e-02       1.784595805462e+04 
       3.344334436522e-02       1.777179012183e+04 
       3.359711833994e-02       1.769760770221e+04 
       3.375148729208e-02       1.762348763341e+04 
       3.390646767813e-02       1.754934905342e+04 
       3.406207652038e-02       1.747521424526e+04 
       3.421833143172e-02       1.740111079395e+04 
       3.437525064187e-02       1.732709774058e+04 
       3.453285302500e-02       1.725306778392e+04 
       3.469115812894e-02       1.717910336924e+04 
       3.485018620607e-02       1.710514081161e+04 
       3.500995824594e-02       1.703123812373e+04 
       3.517049600981e-02       1.695734540202e+04 
       3.533182206727e-02       1.688354884580e+04 
       3.549395983498e-02       1.680978678421e+04 
       3.565693361779e-02       1.673608699412e+04 
       3.582076865231e-02       1.666237832237e+04 
       3.598549115329e-02       1.658875668675e+04 
       3.615112836273e-02       1.651524372549e+04 
       3.631770860228e-02       1.644173443720e+04 
       3.648526132884e-02       1.636824808412e+04 
       3.665381719388e-02       1.629487511880e+04 
       3.682340810659e-02       1.622153387438e+04 
       3.699406730128e-02       1.614825517489e+04 
       3.716582940927e-02       1.607503586328e+04 
       3.733873053575e-02       1.600183732020e+04 
       3.751280834192e-02       1.592870436718e+04 
       3.768810213292e-02       1.585569318500e+04 
       3.786465295197e-02       1.578271183217e+04 
       3.804250368136e-02       1.570971721457e+04 
       3.822169915077e-02       1.563682557178e+04 
       3.840228625366e-02       1.556400470427e+04 
       3.858431407239e-02       1.549122723674e+04 
       3.876783401287e-02       1.541851279414e+04 
       3.895289994975e-02       1.534582324878e+04 
       3.913956838285e-02       1.527317473685e+04 
       3.932789860622e-02       1.520055453128e+04 
       3.951795289083e-02       1.512800397085e+04 
       3.970979668230e-02       1.505547043356e+04 
       3.990349881521e-02       1.498297270436e+04 
       4.009913174555e-02       1.491050231747e+04 
       4.029677180326e-02       1.483806454081e+04 
       4.049649946700e-02       1.476563268197e+04 
       4.069839966334e-02       1.469323188798e+04 
       4.090256209319e-02       1.462078858482e+04 
       4.110908158833e-02       1.454839911376e+04 
       4.131805850146e-02       1.447601266169e+04 
       4.152959913359e-02       1.440359123414e+04 
       4.174381620299e-02       1.433119661454e+04 
       4.196082936075e-02       1.425873647675e+04 
       4.218076575837e-02       1.418622868276e+04 
       4.240376067384e-02       1.411370308617e+04 
       4.262995820348e-02       1.404111670843e+04 
       4.285951202785e-02       1.396850225803e+04 
       4.309258626127e-02       1.389585474782e+04 
       4.332935639617e-02       1.382303496914e+04 
       4.357001035475e-02       1.375013969918e+04 
       4.381474966296e-02       1.367717160725e+04 
       4.406379076384e-02       1.360403470996e+04 
       4.431736649016e-02       1.353085897260e+04 
       4.457572771984e-02       1.345745851043e+04 
       4.483914524133e-02       1.338392680395e+04 
       4.510791186128e-02       1.331019018499e+04 
       4.538234479224e-02       1.323623378268e+04 
       4.566278836551e-02       1.316205396421e+04 
       4.594961712225e-02       1.308759436400e+04 
       4.624323934658e-02       1.301293888515e+04 
       4.654410111658e-02       1.293793764485e+04 
       4.685269096481e-02       1.286260017771e+04 
       4.716954525821e-02       1.278692902649e+04 
       4.749525443114e-02       1.271086175420e+04 
       4.783047023365e-02       1.263431370961e+04 
       4.817591419315e-02       1.255730126431e+04 
       4.853238753258e-02       1.247973446361e+04 
       4.890078284445e-02       1.240161386729e+04 
       4.928209789106e-02       1.232287439884e+04 
       4.967745199119e-02       1.224343772463e+04 
       5.008810556747e-02       1.216321081582e+04 
       5.051548357351e-02       1.208208028296e+04 
       5.096120370493e-02       1.200000261182e+04 
       5.142711053374e-02       1.191685268110e+04 
       5.191531700547e-02       1.183248282403e+04 
       5.242825511821e-02       1.174678923784e+04 
       5.296873807893e-02       1.165952150211e+04 
       5.354003682030e-02       1.157047697304e+04 
       5.414597446410e-02       1.147942946717e+04 
       5.479104311265e-02       1.138600524157e+04 
       5.548054814988e-02       1.128982814247e+04 
       5.622078581927e-02       1.119035200420e+04 
       5.701925972137e-02       1.108695611374e+04 
       5.788494001602e-02       1.097879707096e+04 
       5.882856350836e-02       1.086470063234e+04 
       5.986295969099e-02       1.074324982187e+04 
       6.100336071502e-02       1.061237467614e+04 
       6.226760225764e-02       1.046947208525e+04 
       6.367603596753e-02       1.031088251933e+04 
       6.525085065477e-02       1.013188147589e+04 
       6.701437774557e-02       9.926431995185e+03 
       6.898597534589e-02       9.687449210683e+03 
       7.117751600727e-02       9.407574924129e+03 
       7.358856382775e-02       9.080955177638e+03 
       7.620358698170e-02       8.705699491592e+03 
       7.899355189224e-02       8.286099590030e+03 
       8.192191338951e-02       7.833291972300e+03 
       8.495204889226e-02       7.363819866855e+03 
       8.805269022544e-02       6.896586116408e+03 
       9.120003881545e-02       6.449753367792e+03 
       9.437737550904e-02       6.038224598476e+03 
       9.757356956178e-02       5.672311856758e+03 
       1.007814651701e-01       5.357324565184e+03 
       1.039965627591e-01       5.093889412228e+03 
       1.072160717496e-01       4.878724912505e+03 
       1.104382760452e-01       4.705502571455e+03 
       1.136621256895e-01       4.565771366543e+03 
       1.168869802102e-01       4.449931951565e+03 
       1.201124495586e-01       4.348090638725e+03 
       1.233382963639e-01       4.250932451405e+03 
       1.265643761723e-01       4.150519511472e+03 
       1.297906010209e-01       4.040956761260e+03 
       1.330169172757e-01       3.918789634982e+03 
       1.362432921622e-01       3.783137894120e+03 
       1.394697055846e-01       3.635455064356e+03 
       1.426961451580e-01       3.479116069137e+03 
       1.459226031913e-01       3.318681296682e+03 
       1.491490748564e-01       3.159246726707e+03 
       1.523755570744e-01       3.005730356634e+03 
       1.556020478402e-01       2.862370951077e+03 
       1.588285458103e-01       2.732344891845e+03 
       1.620550500527e-01       2.617582755443e+03 
       1.652815598936e-01       2.518732293290e+03 
       1.685080748241e-01       2.435250557497e+03 
       1.717345944424e-01       2.365589429124e+03 
       1.749611184186e-01       2.307438515460e+03 
       1.781876464724e-01       2.257982336679e+03 
       1.814141783590e-01       2.214200001728e+03 
       1.846407138603e-01       2.173423379321e+03 
       1.878672527792e-01       2.132982667271e+03 
       1.910937949355e-01       2.090306017066e+03 
       1.943203401631e-01       2.043839042389e+03 
       1.975468883083e-01       1.992834910867e+03 
       2.007734392278e-01       1.937329534725e+03 
       2.039999927884e-01       1.878081418640e+03 
       2.072265488652e-01       1.816349607843e+03 
       2.104531073413e-01       1.753715427699e+03 
       2.136796681071e-01       1.691774442075e+03 
       2.169062310594e-01       1.632011051274e+03 
       2.201327961015e-01       1.575664952109e+03 
       2.233593631420e-01       1.523632830266e+03 
       2.265859320949e-01       1.476478636326e+03 
       2.298125028792e-01       1.434398607418e+03 
       2.330390754182e-01       1.397274639734e+03 
       2.362656496395e-01       1.364677619175e+03 
       2.394922254747e-01       1.335930209541e+03 
       2.427188028590e-01       1.310172688886e+03 
       2.459453817310e-01       1.286438890157e+03 
       2.491719620326e-01       1.263801752067e+03 
       2.523985437086e-01       1.241402202430e+03 
       2.556251267066e-01       1.218554296356e+03 
       2.588517109769e-01       1.194792209859e+03 
       2.620782964722e-01       1.169873776639e+03 
       2.653048831475e-01       1.143767459638e+03 
       2.685314709601e-01       1.116605631280e+03 
       2.717580598691e-01       1.088711874122e+03 
       2.749846498359e-01       1.060502738577e+03 
       2.782112408233e-01       1.032473053878e+03 
       2.814378327960e-01       1.005108602865e+03 
       2.846644257205e-01       9.788647316641e+02 
       2.878910195644e-01       9.540957418884e+02 
       2.911176142971e-01       9.310287230822e+02 
       2.943442098891e-01       9.097555612331e+02 
       2.975708063124e-01       8.902379408829e+02 
       3.007974035400e-01       8.723404022459e+02 
       3.040240015463e-01       8.558280175541e+02 
       3.072506003065e-01       8.404524999689e+02 
       3.104771997970e-01       8.259300865999e+02 
       3.137037999953e-01       8.119677985762e+02 
       3.169304008795e-01       7.983025986046e+02 
       3.201570024288e-01       7.846998542974e+02 
       3.233836046232e-01       7.709866833385e+02 
       3.266102074435e-01       7.570493563812e+02 
       3.298368108712e-01       7.428548455765e+02 
       3.330634148887e-01       7.284363245179e+02 
       3.362900194788e-01       7.138882714904e+02 
       3.395166246251e-01       6.993313506235e+02 
       3.427432303119e-01       6.849117554405e+02 
       3.459698365239e-01       6.707655862390e+02 
       3.491964432466e-01       6.570220659450e+02 
       3.524230504658e-01       6.437820993225e+02 
       3.556496581681e-01       6.311274923147e+02 
       3.588762663401e-01       6.191076103542e+02 
       3.621028749695e-01       6.077353244609e+02 
       3.653294840440e-01       5.969896313897e+02 
       3.685560935518e-01       5.868197628833e+02 
       3.717827034816e-01       5.771381606977e+02 
       3.750093138226e-01       5.678489503895e+02 
       3.782359245640e-01       5.588517043851e+02 
       3.814625356958e-01       5.500592979535e+02 
       3.846891472081e-01       5.413959348619e+02 
       3.879157590912e-01       5.328123150906e+02 
       3.911423713361e-01       5.242699120477e+02 
       3.943689839337e-01       5.157524888378e+02 
       3.975955968755e-01       5.072572046458e+02 
       4.008222101532e-01       4.987958392952e+02 
       4.040488237586e-01       4.903918819114e+02 
       4.072754376839e-01       4.820804279243e+02 
       4.105020519215e-01       4.739027440183e+02 
       4.137286664642e-01       4.658992932181e+02 
       4.169552813048e-01       4.581056469274e+02 
       4.201818964364e-01       4.505454836119e+02 
       4.234085118523e-01       4.432311642842e+02 
       4.266351275461e-01       4.361649537117e+02 
       4.298617435115e-01       4.293412318831e+02 
       4.330883597424e-01       4.227486783557e+02 
       4.363149762328e-01       4.163739601959e+02 
       4.395415929771e-01       4.101996782449e+02 
       4.427682099696e-01       4.042029016010e+02 
       4.459948272051e-01       3.983589403353e+02 
       4.492214446781e-01       3.926398389048e+02 
       4.524480623836e-01       3.870191827167e+02 
       4.556746803167e-01       3.814775970586e+02 
       4.589012984726e-01       3.760002877614e+02 
       4.621279168464e-01       3.705803739788e+02 
       4.653545354338e-01       3.652196160683e+02 
       4.685811542303e-01       3.599202196428e+02 
       4.718077732315e-01       3.546873447182e+02 
       4.750343924334e-01       3.495310811893e+02 
       4.782610118317e-01       3.444546858086e+02 
       4.814876314226e-01       3.394704964595e+02 
       4.847142512022e-01       3.345881525367e+02 
       4.879408711667e-01       3.298180339564e+02 
       4.911674913125e-01       3.251692831036e+02 
       4.943941116360e-01       3.206445512421e+02 
       4.976207321337e-01       3.162419820061e+02 
       5.008473528024e-01       3.119554394960e+02 
       5.040739736386e-01       3.077756298832e+02 
       5.073005946392e-01       3.036918319405e+02 
       5.105272158010e-01       2.996933860720e+02 
       5.137538371210e-01       2.957719419698e+02 
       5.169804585963e-01       2.919235579735e+02 
       5.202070802239e-01       2.881370549688e+02 
       5.234337020010e-01       2.844083240313e+02 
       5.266603239248e-01       2.807312836140e+02 
       5.298869459927e-01       2.771019211223e+02 
       5.331135682020e-01       2.735195198021e+02 
       5.363401905502e-01       2.699854083309e+02 
       5.395668130348e-01       2.665043867081e+02 
       5.427934356533e-01       2.630801520663e+02 
       5.460200584034e-01       2.597156447603e+02 
       5.492466812827e-01       2.564143386417e+02 
       5.524733042889e-01       2.531753022180e+02 
       5.556999274199e-01       2.499979690603e+02 
       5.589265506735e-01       2.468817815406e+02 
       5.621531740475e-01       2.438254365281e+02 
       5.653797975400e-01       2.408297197957e+02 
       5.686064211488e-01       2.378933195121e+02 
       5.718330448719e-01       2.350149007935e+02 
       5.750596687076e-01       2.321905740007e+02 
       5.782862926538e-01       2.294176380042e+02 
       5.815129167088e-01       2.266905788552e+02 
       5.847395408706e-01       2.240065869836e+02 
       5.879661651377e-01       2.213635432913e+02 
       5.911927895081e-01       2.187607158936e+02 
       5.944194139803e-01       2.161982257089e+02 
       5.976460385526e-01       2.136740314094e+02 
       6.008726632234e-01       2.111884087662e+02 
       6.040992879911e-01       2.087389024281e+02 
       6.073259128541e-01       2.063248486194e+02 
       6.105525378109e-01       2.039455260012e+02 
       6.137791628601e-01       2.016021567127e+02 
       6.170057880002e-01       1.992962832250e+02 
       6.202324132297e-01       1.970283816120e+02 
       6.234590385473e-01       1.947994791002e+02 
       6.266856639517e-01       1.926092774491e+02 
       6.299122894414e-01       1.904557087753e+02 
       6.331389150151e-01       1.883373605305e+02 
       6.363655406717e-01       1.862529272297e+02 
       6.395921664098e-01       1.842017184776e+02 
       6.428187922282e-01       1.821834376081e+02 
       6.460454181257e-01       1.801973242789e+02 
       6.492720441011e-01       1.782429709345e+02 
       6.524986701532e-01       1.763188701389e+02 
       6.557252962810e-01       1.744228986211e+02 
       6.589519224833e-01       1.725529921685e+02 
       6.621785487590e-01       1.707091840061e+02 
       6.654051751070e-01       1.688907071918e+02 
       6.686318015263e-01       1.670979278338e+02 
       6.718584280159e-01       1.653317775005e+02 
       6.750850545747e-01       1.635919305227e+02 
       6.783116812018e-01       1.618775227531e+02 
       6.815383078962e-01       1.601873964158e+02 
       6.847649346569e-01       1.585215548975e+02 
       6.879915614830e-01       1.568786697426e+02 
       6.912181883736e-01       1.552599029413e+02 
       6.944448153278e-01       1.536645659297e+02 
       6.976714423447e-01       1.520940211784e+02 
       7.008980694234e-01       1.505470492318e+02 
       7.041246965631e-01       1.490231959111e+02 
       7.073513237629e-01       1.475207252621e+02 
       7.105779510221e-01       1.460398132779e+02 
       7.138045783397e-01       1.445791878055e+02 
       7.170312057151e-01       1.431381851937e+02 
       7.202578331474e-01       1.417168466172e+02 
       7.234844606359e-01       1.403163654814e+02 
       7.267110881799e-01       1.389354112396e+02 
       7.299377157785e-01       1.375728317682e+02 
       7.331643434311e-01       1.362290232713e+02 
       7.363909711370e-01       1.349029140799e+02 
       7.396175988954e-01       1.335927436325e+02 
       7.428442267057e-01       1.323003557050e+02 
       7.460708545672e-01       1.310246589503e+02 
       7.492974824792e-01       1.297676822761e+02 
       7.525241104412e-01       1.285275438592e+02 
       7.557507384523e-01       1.273042109757e+02 
       8.253930966535e-01       1.044304914532e+02 
       9.259285909445e-01       8.043342934253e+01 
       1.085452134229e+00       5.577907148260e+01 
       1.338300667629e+00       3.415224940774e+01 
       1.682428338004e+00       1.977759345306e+01 
       2.118009419426e+00       1.129765996095e+01 
       2.666415735156e+00       6.387158003111e+00 
       3.356818527326e+00       3.570520014227e+00 
       4.225984146832e+00       1.970184858469e+00 
       5.320198832286e+00       1.068889691657e+00 
       6.697733505763e+00       5.663881247957e-01 
       8.431946911830e+00       2.897034424093e-01 
       1.061519223820e+01       1.404747905504e-01 
       1.336373525975e+01       6.274592568843e-02 
       1.682394591499e+01       2.471551456478e-02 
       2.118009303903e+01       8.138511905979e-03 
       2.666415735101e+01       2.101926256766e-03 
       3.356818527326e+01       3.909076283386e-04 
       4.225984146832e+01       4.803206969653e-05 
       5.320198832286e+01       3.809259694225e-06 
       6.697733505763e+01       1.843629406579e-07 
       8.431946911830e+01       6.093074134232e-09 
       1.061519223820e+02       2.235681165640e-10 
       1.336373525975e+02       3.653692712080e-11 
       1.682394591499e+02       2.105417266307e-11 
       2.118009303903e+02       8.549595544577e-12 
       2.666415735101e+02       1.781983454188e-12 
       3.356818527326e+02       2.075018099724e-13 
       4.225984146832e+02       1.478954299250e-14 
       5.320198832286e+02       6.564480674240e-16 
       6.697733505763e+02       1.722140703486e-17 
       8.431946911830e+02       2.367952154311e-19 
       1.061519223820e+03       4.903164915025e-21 
       1.336373525975e+03       2.711230199483e-21 
       1.682394591499e+03       2.314169946210e-22 
       2.118009303903e+03       3.281180460475e-25 
