# Matter power spectrum P(k) at redshift z=0
# for k=1.03549e-05 to 532.9 h/Mpc,
# number of wavenumbers equal to 631
#    1:k (h/Mpc)              2:P (Mpc/h)^3        
       1.035488693039e-05       4.923349466689e+01 
       2.308264461892e-05       1.068014240532e+02 
       3.585418200988e-05       1.634294011648e+02 
       4.870304788631e-05       2.196944322841e+02 
       6.166333357666e-05       2.759280369017e+02 
       7.476996977703e-05       3.323804319531e+02 
       8.805903265829e-05       3.892666490302e+02 
       1.015680632403e-04       4.467854629606e+02 
       1.153364040462e-04       5.051290918875e+02 
       1.294055570830e-04       5.644891064084e+02 
       1.438195672030e-04       6.250605320503e+02 
       1.586254348573e-04       6.870450332160e+02 
       1.738735621005e-04       7.506536585304e+02 
       1.896182353967e-04       8.161093410745e+02 
       2.059181482136e-04       8.836492967856e+02 
       2.228369654681e-04       9.535274016544e+02 
       2.404439304604e-04       1.026016575760e+03 
       2.588145128066e-04       1.101411197985e+03 
       2.780310928253e-04       1.180029541610e+03 
       2.981836735618e-04       1.262216150914e+03 
       3.193706058134e-04       1.348344184580e+03 
       3.416993037940e-04       1.438817541101e+03 
       3.652869190924e-04       1.534072624306e+03 
       3.902609280857e-04       1.634579588077e+03 
       4.167595729022e-04       1.740842921714e+03 
       4.449320787419e-04       1.853400713874e+03 
       4.749385518446e-04       1.972822620721e+03 
       5.069494446152e-04       2.099705859650e+03 
       5.411444606421e-04       2.234668796544e+03 
       5.777107673647e-04       2.378341672582e+03 
       6.168403942197e-04       2.531354289488e+03 
       6.587267263248e-04       2.694319882155e+03 
       7.035600645611e-04       2.867815932718e+03 
       7.515223156322e-04       3.052361877746e+03 
       8.027809972482e-04       3.248394919660e+03 
       8.574828815586e-04       3.456245146396e+03 
       9.157477311955e-04       3.676112393844e+03 
       9.776626753612e-04       3.908046467249e+03 
       1.043277795842e-03       4.151933538704e+03 
       1.112603422109e-03       4.407490186866e+03 
       1.185609469147e-03       4.674266523173e+03 
       1.262226915914e-03       4.951658183591e+03 
       1.342351263143e-03       5.238926274652e+03 
       1.425847581341e-03       5.535223419369e+03 
       1.512556608961e-03       5.839623219383e+03 
       1.602301309166e-03       6.151149853811e+03 
       1.694893336545e-03       6.468807432819e+03 
       1.790138976679e-03       6.791604409997e+03 
       1.887844266239e-03       7.118575563144e+03 
       1.987819146633e-03       7.448797783930e+03 
       2.089880626781e-03       7.781403094183e+03 
       2.193855019549e-03       8.115585914865e+03 
       2.299579370229e-03       8.450606735544e+03 
       2.406902219710e-03       8.785795242489e+03 
       2.515683847280e-03       9.120546680767e+03 
       2.625796126489e-03       9.454320002943e+03 
       2.737122108794e-03       9.786635487233e+03 
       2.849555428478e-03       1.011706896106e+04 
       2.962999601874e-03       1.044524589621e+04 
       3.077367275601e-03       1.077083887151e+04 
       3.192579463299e-03       1.109356169702e+04 
       3.308564798103e-03       1.141316554936e+04 
       3.425258818671e-03       1.172943510098e+04 
       3.542603299518e-03       1.204218207853e+04 
       3.660545631326e-03       1.235124974167e+04 
       3.779038253264e-03       1.265650065292e+04 
       3.898038136947e-03       1.295782032451e+04 
       4.017506320061e-03       1.325511367714e+04 
       4.137407486727e-03       1.354830149567e+04 
       4.257709591174e-03       1.383732214946e+04 
       4.378383521050e-03       1.412212253408e+04 
       4.499402796725e-03       1.440266769382e+04 
       4.620743303034e-03       1.467892635222e+04 
       4.742383050127e-03       1.495084763115e+04 
       4.864301960332e-03       1.521848485938e+04 
       4.986481678198e-03       1.548179959663e+04 
       5.108905401163e-03       1.574074387697e+04 
       5.231557728525e-03       1.599544931762e+04 
       5.354424526666e-03       1.624576853870e+04 
       5.477492808684e-03       1.649183663823e+04 
       5.600750626800e-03       1.673361059706e+04 
       5.724186976087e-03       1.697114511768e+04 
       5.847791708254e-03       1.720441555615e+04 
       5.971555454340e-03       1.743348349144e+04 
       6.095469555321e-03       1.765832058363e+04 
       6.219525999753e-03       1.787904739190e+04 
       6.343717367671e-03       1.809561799541e+04 
       6.468036780047e-03       1.830810321924e+04 
       6.592477853215e-03       1.851652625661e+04 
       6.717034657720e-03       1.872094823356e+04 
       6.841701681105e-03       1.892137488042e+04 
       6.966473794245e-03       1.911784126633e+04 
       7.091346220825e-03       1.931038646822e+04 
       7.216314509655e-03       1.949906134615e+04 
       7.341374509525e-03       1.968388878005e+04 
       7.466522346332e-03       1.986492644934e+04 
       7.591754402262e-03       2.004218249965e+04 
       7.717067296817e-03       2.021572866440e+04 
       7.842457869495e-03       2.038557810743e+04 
       7.967923163984e-03       2.055178086253e+04 
       8.093460413695e-03       2.071437414103e+04 
       8.219067028532e-03       2.087339349237e+04 
       8.344740582763e-03       2.102887304372e+04 
       8.470478803901e-03       2.118089250045e+04 
       8.596279562492e-03       2.132943756854e+04 
       8.722140862738e-03       2.147455899067e+04 
       8.848060833865e-03       2.161633967010e+04 
       8.974037722186e-03       2.175475923039e+04 
       9.100069883781e-03       2.188987964846e+04 
       9.226155777753e-03       2.202174382403e+04 
       9.352293960001e-03       2.215037066093e+04 
       9.478483077474e-03       2.227580912848e+04 
       9.604721862854e-03       2.239809699493e+04 
       9.731009129646e-03       2.251725917425e+04 
       9.857343767630e-03       2.263334031251e+04 
       9.983724738648e-03       2.274636604133e+04 
       1.011015107270e-02       2.285639101569e+04 
       1.023662186434e-02       2.296342264382e+04 
       1.036313626929e-02       2.306750728814e+04 
       1.048969350137e-02       2.316869142517e+04 
       1.061629282956e-02       2.326699784899e+04 
       1.074293357533e-02       2.336245170838e+04 
       1.086961511017e-02       2.345509207679e+04 
       1.099633685322e-02       2.354496499565e+04 
       1.112309826915e-02       2.363208386751e+04 
       1.124989886614e-02       2.371649768464e+04 
       1.137673819400e-02       2.379822242185e+04 
       1.150361584245e-02       2.387729245953e+04 
       1.163053143951e-02       2.395374322423e+04 
       1.175748464996e-02       2.402760263098e+04 
       1.188447517398e-02       2.409891183140e+04 
       1.201150274583e-02       2.416769325947e+04 
       1.213856713263e-02       2.423396444923e+04 
       1.226566813326e-02       2.429779054585e+04 
       1.239280557729e-02       2.435916514590e+04 
       1.251997932402e-02       2.441813312269e+04 
       1.264718926157e-02       2.447473041777e+04 
       1.277443530606e-02       2.452897226437e+04 
       1.290171740082e-02       2.458091516597e+04 
       1.302903551568e-02       2.463053963435e+04 
       1.315638964630e-02       2.467790923253e+04 
       1.328377981357e-02       2.472303710698e+04 
       1.341120606305e-02       2.476595544607e+04 
       1.353866846442e-02       2.480669650037e+04 
       1.366616711106e-02       2.484527568216e+04 
       1.379370211955e-02       2.488173052315e+04 
       1.392127362936e-02       2.491608141983e+04 
       1.404888180239e-02       2.494835603163e+04 
       1.417652682275e-02       2.497858954109e+04 
       1.430420889639e-02       2.500679484035e+04 
       1.443192825089e-02       2.503299593387e+04 
       1.455968513521e-02       2.505722650511e+04 
       1.468747981950e-02       2.507951271032e+04 
       1.481531259493e-02       2.509987803361e+04 
       1.494318377352e-02       2.511835588080e+04 
       1.507109368808e-02       2.513494812734e+04 
       1.519904269204e-02       2.514969452731e+04 
       1.532703115946e-02       2.516262016478e+04 
       1.545505948490e-02       2.517374794892e+04 
       1.558312808345e-02       2.518310166023e+04 
       1.571123739071e-02       2.519070838955e+04 
       1.583938786281e-02       2.519657448097e+04 
       1.596757997644e-02       2.520073254028e+04 
       1.609581422889e-02       2.520322439083e+04 
       1.622409113817e-02       2.520406516636e+04 
       1.635241124306e-02       2.520326211756e+04 
       1.648077510324e-02       2.520082022542e+04 
       1.660918329944e-02       2.519682687023e+04 
       1.673763643353e-02       2.519124803423e+04 
       1.686613512876e-02       2.518412123078e+04 
       1.699468002990e-02       2.517546217629e+04 
       1.712327180342e-02       2.516531130368e+04 
       1.725191113776e-02       2.515367936800e+04 
       1.738059874354e-02       2.514060416435e+04 
       1.750933535379e-02       2.512607288819e+04 
       1.763812172423e-02       2.511012625092e+04 
       1.776695863358e-02       2.509279102541e+04 
       1.789584688382e-02       2.507407539463e+04 
       1.802478730054e-02       2.505401922798e+04 
       1.815378073323e-02       2.503260482886e+04 
       1.828282805568e-02       2.500990362235e+04 
       1.841193016631e-02       2.498589246428e+04 
       1.854108798858e-02       2.496059382182e+04 
       1.867030247137e-02       2.493407648809e+04 
       1.879957458938e-02       2.490633077335e+04 
       1.892890534364e-02       2.487732785626e+04 
       1.905829576185e-02       2.484717867493e+04 
       1.918774689897e-02       2.481583436731e+04 
       1.931725983761e-02       2.478330266956e+04 
       1.944683568858e-02       2.474968483302e+04 
       1.957647559144e-02       2.471492939680e+04 
       1.970618071497e-02       2.467909140690e+04 
       1.983595225782e-02       2.464213779738e+04 
       1.996579144902e-02       2.460415384374e+04 
       2.009569954864e-02       2.456509533804e+04 
       2.022567784837e-02       2.452501742603e+04 
       2.035572767219e-02       2.448394258776e+04 
       2.048585037703e-02       2.444190103036e+04 
       2.061604735346e-02       2.439889911969e+04 
       2.074632002639e-02       2.435487881733e+04 
       2.087666985581e-02       2.430994387325e+04 
       2.100709833756e-02       2.426407331658e+04 
       2.113760700409e-02       2.421732852233e+04 
       2.126819742528e-02       2.416970914827e+04 
       2.139887120927e-02       2.412121711444e+04 
       2.152963000330e-02       2.407180951229e+04 
       2.166047549464e-02       2.402164296626e+04 
       2.179140941146e-02       2.397064064926e+04 
       2.192243352378e-02       2.391882892613e+04 
       2.205354964445e-02       2.386623014699e+04 
       2.218475963017e-02       2.381285495451e+04 
       2.231606538249e-02       2.375874013827e+04 
       2.244746884887e-02       2.370387451440e+04 
       2.257897202382e-02       2.364825876765e+04 
       2.271057695002e-02       2.359197650727e+04 
       2.284228571945e-02       2.353493006253e+04 
       2.297410047466e-02       2.347730353386e+04 
       2.310602340994e-02       2.341889956425e+04 
       2.323805677268e-02       2.335995510442e+04 
       2.337020286464e-02       2.330034039258e+04 
       2.350246404333e-02       2.324009240187e+04 
       2.363484272343e-02       2.317924132514e+04 
       2.376734137821e-02       2.311779900197e+04 
       2.389996254110e-02       2.305578619079e+04 
       2.403270880715e-02       2.299319831846e+04 
       2.416558283471e-02       2.293005557489e+04 
       2.429858734702e-02       2.286638537104e+04 
       2.443172513395e-02       2.280222391350e+04 
       2.456499905376e-02       2.273751754719e+04 
       2.469841203488e-02       2.267229335987e+04 
       2.483196707784e-02       2.260664408954e+04 
       2.496566725719e-02       2.254044831605e+04 
       2.509951572348e-02       2.247386671921e+04 
       2.523351570538e-02       2.240684022613e+04 
       2.536767051178e-02       2.233930618741e+04 
       2.550198353404e-02       2.227143461262e+04 
       2.563645824825e-02       2.220310329803e+04 
       2.577109821762e-02       2.213441858940e+04 
       2.590590709493e-02       2.206527462076e+04 
       2.604088862504e-02       2.199581135559e+04 
       2.617604664755e-02       2.192595251429e+04 
       2.631138509951e-02       2.185576330473e+04 
       2.644690801822e-02       2.178524787190e+04 
       2.658261954414e-02       2.171438284814e+04 
       2.671852392392e-02       2.164324304928e+04 
       2.685462551353e-02       2.157176513297e+04 
       2.699092878149e-02       2.149995452781e+04 
       2.712743831221e-02       2.142792508437e+04 
       2.726415880954e-02       2.135564586570e+04 
       2.740109510028e-02       2.128297464667e+04 
       2.753825213803e-02       2.121008796091e+04 
       2.767563500700e-02       2.113701799043e+04 
       2.781324892606e-02       2.106364360641e+04 
       2.795109925298e-02       2.099010730967e+04 
       2.808919148871e-02       2.091626577142e+04 
       2.822753128192e-02       2.084228673814e+04 
       2.836612443374e-02       2.076811768268e+04 
       2.850497690257e-02       2.069379152484e+04 
       2.864409480920e-02       2.061920160385e+04 
       2.878348444204e-02       2.054447662270e+04 
       2.892315226267e-02       2.046956845950e+04 
       2.906310491151e-02       2.039449720658e+04 
       2.920334921377e-02       2.031931620303e+04 
       2.934389218562e-02       2.024396521239e+04 
       2.948474104068e-02       2.016846996886e+04 
       2.962590319673e-02       2.009280469223e+04 
       2.976738628268e-02       2.001718240406e+04 
       2.990919814588e-02       1.994136505598e+04 
       3.005134685977e-02       1.986544067304e+04 
       3.019384073178e-02       1.978942365000e+04 
       3.033668831167e-02       1.971332515395e+04 
       3.047989840014e-02       1.963713292945e+04 
       3.062348005792e-02       1.956089973591e+04 
       3.076744261520e-02       1.948455324237e+04 
       3.091179568153e-02       1.940813868487e+04 
       3.105654915612e-02       1.933173597928e+04 
       3.120171323870e-02       1.925521334642e+04 
       3.134729844080e-02       1.917867902780e+04 
       3.149331559762e-02       1.910213286935e+04 
       3.163977588045e-02       1.902553172084e+04 
       3.178669080964e-02       1.894890877624e+04 
       3.193407226830e-02       1.887222086462e+04 
       3.208193251655e-02       1.879554254562e+04 
       3.223028420656e-02       1.871889660062e+04 
       3.237914039833e-02       1.864215297582e+04 
       3.252851457622e-02       1.856545820140e+04 
       3.267842066636e-02       1.848883405716e+04 
       3.282887305495e-02       1.841214816679e+04 
       3.297988660748e-02       1.833544290910e+04 
       3.313147668904e-02       1.825881716944e+04 
       3.328365918559e-02       1.818215726153e+04 
       3.343645052649e-02       1.810551191908e+04 
       3.358986770814e-02       1.802896761943e+04 
       3.374392831900e-02       1.795240834406e+04 
       3.389865056595e-02       1.787585074206e+04 
       3.405405330217e-02       1.779933622867e+04 
       3.421015605649e-02       1.772289617345e+04 
       3.436697906459e-02       1.764651359697e+04 
       3.452454330183e-02       1.757014568188e+04 
       3.468287051814e-02       1.749381847988e+04 
       3.484198327488e-02       1.741754125626e+04 
       3.500190498399e-02       1.734132991015e+04 
       3.516265994940e-02       1.726516323065e+04 
       3.532427341113e-02       1.718902873484e+04 
       3.548677159200e-02       1.711296207552e+04 
       3.565018174732e-02       1.703699218234e+04 
       3.581453221780e-02       1.696105315351e+04 
       3.597985248573e-02       1.688507359186e+04 
       3.614617323498e-02       1.680931972202e+04 
       3.631352641485e-02       1.673352074678e+04 
       3.648194530825e-02       1.665778270187e+04 
       3.665146460449e-02       1.658215069958e+04 
       3.682212047706e-02       1.650656630009e+04 
       3.699395066683e-02       1.643098113349e+04 
       3.716699457113e-02       1.635552333143e+04 
       3.734129333920e-02       1.628011375392e+04 
       3.751688997453e-02       1.620475061233e+04 
       3.769382944481e-02       1.612941113976e+04 
       3.787215879995e-02       1.605413534273e+04 
       3.805192729919e-02       1.597891874929e+04 
       3.823318654784e-02       1.590380764572e+04 
       3.841599064477e-02       1.582869650824e+04 
       3.860039634149e-02       1.575362843900e+04 
       3.878646321405e-02       1.567859764743e+04 
       3.897425384900e-02       1.560360077554e+04 
       3.916383404466e-02       1.552867467184e+04 
       3.935527302945e-02       1.545373212730e+04 
       3.954864369875e-02       1.537883434948e+04 
       3.974402287252e-02       1.530398058906e+04 
       3.994149157555e-02       1.522914571965e+04 
       4.014113534300e-02       1.515428274909e+04 
       4.034304455381e-02       1.507948894292e+04 
       4.054731479514e-02       1.500464753531e+04 
       4.075404726139e-02       1.492983663908e+04 
       4.096334919157e-02       1.485498788852e+04 
       4.117533434967e-02       1.478011697082e+04 
       4.139012355304e-02       1.470523103926e+04 
       4.160784525462e-02       1.463028487033e+04 
       4.182863618559e-02       1.455532055494e+04 
       4.205264206609e-02       1.448027709072e+04 
       4.228001839269e-02       1.440518785076e+04 
       4.251093131257e-02       1.433002296715e+04 
       4.274555859609e-02       1.425473821795e+04 
       4.298409072090e-02       1.417936970861e+04 
       4.322673208329e-02       1.410389103130e+04 
       4.347370235461e-02       1.402830757281e+04 
       4.372523800381e-02       1.395253848356e+04 
       4.398159401075e-02       1.387664052858e+04 
       4.424304579890e-02       1.380054284813e+04 
       4.450989142157e-02       1.372425962048e+04 
       4.478245404158e-02       1.364776144112e+04 
       4.506108475204e-02       1.357098095589e+04 
       4.534616579454e-02       1.349395514316e+04 
       4.563811424245e-02       1.341663530302e+04 
       4.593738623002e-02       1.333898570292e+04 
       4.624448182475e-02       1.326097943175e+04 
       4.655995066038e-02       1.318260593398e+04 
       4.688439847335e-02       1.310376278876e+04 
       4.721849471624e-02       1.302446349704e+04 
       4.756298146079e-02       1.294466765344e+04 
       4.791868385172e-02       1.286428786517e+04 
       4.828652243350e-02       1.278330405097e+04 
       4.866752774954e-02       1.270156571147e+04 
       4.906285771111e-02       1.261918622419e+04 
       4.947381835719e-02       1.253583268042e+04 
       4.990188878491e-02       1.245164003563e+04 
       5.034875123153e-02       1.236637130463e+04 
       5.081632754609e-02       1.227993613036e+04 
       5.130682361492e-02       1.219216604747e+04 
       5.182278371737e-02       1.210297226681e+04 
       5.236715730209e-02       1.201197312819e+04 
       5.294338130087e-02       1.191917885395e+04 
       5.355548183290e-02       1.182408286779e+04 
       5.420819995298e-02       1.172640719557e+04 
       5.490714683329e-02       1.162563836556e+04 
       5.565899413065e-02       1.152123347136e+04 
       5.647170461269e-02       1.141242690630e+04 
       5.735480504667e-02       1.129821042679e+04 
       5.831969529378e-02       1.117731043269e+04 
       5.937996979177e-02       1.104798758143e+04 
       6.055169234668e-02       1.090788775032e+04 
       6.185350148550e-02       1.075384445175e+04 
       6.330632210008e-02       1.058169349294e+04 
       6.493232949191e-02       1.038596814457e+04 
       6.675272619165e-02       1.015990847631e+04 
       6.878404416397e-02       9.895907064265e+03 
       7.103336492303e-02       9.586749488332e+03 
       7.349409106054e-02       9.227772984217e+03 
       7.614483000624e-02       8.819529789000e+03 
       7.895298610598e-02       8.369485837673e+03 
       8.188171901997e-02       7.891853057342e+03 
       8.489675249227e-02       7.405124164084e+03 
       8.797034588867e-02       6.928960366015e+03 
       9.108216565615e-02       6.480923394230e+03 
       9.421828679922e-02       6.074514444843e+03 
       9.736959233299e-02       5.718212533647e+03 
       1.005302831227e-01       5.415382509468e+03 
       1.036967368335e-01       5.164868728608e+03 
       1.068667161071e-01       4.961783756317e+03 
       1.100388484536e-01       4.798589413526e+03 
       1.132122953652e-01       4.665900301826e+03 
       1.163865457616e-01       4.553552947563e+03 
       1.195612885058e-01       4.451486156022e+03 
       1.227363342555e-01       4.350549112198e+03 
       1.259115677539e-01       4.243376570234e+03 
       1.290869187759e-01       4.124918539169e+03 
       1.322623444605e-01       3.992710159114e+03 
       1.354378185762e-01       3.846918358160e+03 
       1.386133250017e-01       3.689972165002e+03 
       1.417888537671e-01       3.525954598657e+03 
       1.449643986507e-01       3.359912070199e+03 
       1.481399557184e-01       3.197105542894e+03 
       1.513155224369e-01       3.042389600868e+03 
       1.544910971344e-01       2.899712255299e+03 
       1.576666786721e-01       2.771828936242e+03 
       1.608422662439e-01       2.660167349750e+03 
       1.640178592545e-01       2.564856322139e+03 
       1.671934572441e-01       2.484873785723e+03 
       1.703690598421e-01       2.418243057121e+03 
       1.735446667390e-01       2.362328258373e+03 
       1.767202776678e-01       2.314088840120e+03 
       1.798958923930e-01       2.270385078583e+03 
       1.830715107030e-01       2.228848919586e+03 
       1.862471324056e-01       2.186322233361e+03 
       1.894227573241e-01       2.140705881957e+03 
       1.925983852953e-01       2.090740557529e+03 
       1.957740161680e-01       2.036003667639e+03 
       1.989496498010e-01       1.976868822731e+03 
       2.021252860627e-01       1.914359336867e+03 
       2.053009248296e-01       1.849954731877e+03 
       2.084765659862e-01       1.785311157119e+03 
       2.116522094241e-01       1.722064878335e+03 
       2.148278550412e-01       1.661647950914e+03 
       2.180035027416e-01       1.605201060370e+03 
       2.211791524349e-01       1.553506272019e+03 
       2.243548040357e-01       1.506981211022e+03 
       2.275304574638e-01       1.465685865717e+03 
       2.307061126430e-01       1.429372954483e+03 
       2.338817695017e-01       1.397468776669e+03 
       2.370574279718e-01       1.369178998578e+03 
       2.402330879890e-01       1.343568039873e+03 
       2.434087494924e-01       1.319646369821e+03 
       2.465844124242e-01       1.296446914070e+03 
       2.497600767296e-01       1.273171904186e+03 
       2.529357423564e-01       1.249208005369e+03 
       2.561114092553e-01       1.224159806633e+03 
       2.592870773792e-01       1.197872179012e+03 
       2.624627466834e-01       1.170401203232e+03 
       2.656384171253e-01       1.141960867068e+03 
       2.688140886644e-01       1.112934344530e+03 
       2.719897612619e-01       1.083791661403e+03 
       2.751654348811e-01       1.055048425198e+03 
       2.783411094868e-01       1.027203125703e+03 
       2.815167850453e-01       1.000684321291e+03 
       2.846924615247e-01       9.758072423294e+02 
       2.878681388943e-01       9.527455213200e+02 
       2.910438171247e-01       9.315376909097e+02 
       2.942194961881e-01       9.120971311398e+02 
       2.973951760574e-01       8.942322824673e+02 
       3.005708567072e-01       8.777030605091e+02 
       3.037465381127e-01       8.622224762361e+02 
       3.069222202504e-01       8.474934926719e+02 
       3.100979030976e-01       8.332264871090e+02 
       3.132735866328e-01       8.191563406074e+02 
       3.164492708350e-01       8.050690746521e+02 
       3.196249556843e-01       7.908056184518e+02 
       3.228006411615e-01       7.762887707994e+02 
       3.259763272481e-01       7.615100739447e+02 
       3.291520139265e-01       7.465382207402e+02 
       3.323277011796e-01       7.314791571865e+02 
       3.355033889909e-01       7.164755559121e+02 
       3.386790773448e-01       7.016737674441e+02 
       3.418547662260e-01       6.872137454922e+02 
       3.450304556199e-01       6.732164418522e+02 
       3.482061455124e-01       6.597812754689e+02 
       3.513818358900e-01       6.469735097268e+02 
       3.545575267395e-01       6.348337820418e+02 
       3.577332180483e-01       6.233594435582e+02 
       3.609089098042e-01       6.125141870320e+02 
       3.640846019955e-01       6.022276239263e+02 
       3.672602946108e-01       5.924055585838e+02 
       3.704359876393e-01       5.829450546796e+02 
       3.736116810702e-01       5.737463018106e+02 
       3.767873748935e-01       5.647225210764e+02 
       3.799630690991e-01       5.558092598557e+02 
       3.831387636777e-01       5.469583434183e+02 
       3.863144586198e-01       5.381420296839e+02 
       3.894901539167e-01       5.293482203503e+02 
       3.926658495596e-01       5.205803852280e+02 
       3.958415455402e-01       5.118559483442e+02 
       3.990172418504e-01       5.032054985293e+02 
       4.021929384824e-01       4.946676964040e+02 
       4.053686354286e-01       4.862866744012e+02 
       4.085443326815e-01       4.781030642065e+02 
       4.117200302342e-01       4.701462546457e+02 
       4.148957280797e-01       4.624388555425e+02 
       4.180714262112e-01       4.549884626425e+02 
       4.212471246223e-01       4.477922102331e+02 
       4.244228233068e-01       4.408424708411e+02 
       4.275985222584e-01       4.341255152712e+02 
       4.307742214712e-01       4.276275206309e+02 
       4.339499209396e-01       4.213264483614e+02 
       4.371256206578e-01       4.151984116893e+02 
       4.403013206206e-01       4.092162616543e+02 
       4.434770208225e-01       4.033511251400e+02 
       4.466527212586e-01       3.975799576084e+02 
       4.498284219237e-01       3.918804850370e+02 
       4.530041228131e-01       3.862452061741e+02 
       4.561798239221e-01       3.806690037219e+02 
       4.593555252461e-01       3.751543063370e+02 
       4.625312267807e-01       3.697055946264e+02 
       4.657069285215e-01       3.643295112872e+02 
       4.688826304644e-01       3.590334147819e+02 
       4.720583326051e-01       3.538259468589e+02 
       4.752340349399e-01       3.487174546399e+02 
       4.784097374648e-01       3.437198664649e+02 
       4.815854401759e-01       3.388415256190e+02 
       4.847611430697e-01       3.340903420792e+02 
       4.879368461426e-01       3.294677779785e+02 
       4.911125493910e-01       3.249694289003e+02 
       4.942882528117e-01       3.205871645796e+02 
       4.974639564012e-01       3.163101956620e+02 
       5.006396601563e-01       3.121274080927e+02 
       5.038153640740e-01       3.080304664237e+02 
       5.069910681511e-01       3.040096739468e+02 
       5.101667723847e-01       3.000599131869e+02 
       5.133424767718e-01       2.961720519607e+02 
       5.165181813097e-01       2.923416837203e+02 
       5.196938859954e-01       2.885624275531e+02 
       5.228695908264e-01       2.848317171868e+02 
       5.260452958000e-01       2.811499346791e+02 
       5.292210009136e-01       2.775198859310e+02 
       5.323967061648e-01       2.739458793972e+02 
       5.355724115509e-01       2.704322022307e+02 
       5.387481170698e-01       2.669830102842e+02 
       5.419238227189e-01       2.635981404377e+02 
       5.450995284961e-01       2.602771446019e+02 
       5.482752343991e-01       2.570200197121e+02 
       5.514509404257e-01       2.538253414232e+02 
       5.546266465738e-01       2.506930051386e+02 
       5.578023528413e-01       2.476226974404e+02 
       5.609780592262e-01       2.446132391960e+02 
       5.641537657265e-01       2.416626237040e+02 
       5.673294723402e-01       2.387665825407e+02 
       5.705051790655e-01       2.359209626392e+02 
       5.736808859004e-01       2.331214988412e+02 
       5.768565928433e-01       2.303654467643e+02 
       5.800322998922e-01       2.276514242805e+02 
       5.832080070455e-01       2.249787166810e+02 
       5.863837143015e-01       2.223473628347e+02 
       5.895594216584e-01       2.197553813778e+02 
       5.927351291148e-01       2.172017248890e+02 
       5.959108366689e-01       2.146862992882e+02 
       5.990865443192e-01       2.122064481478e+02 
       6.022622520642e-01       2.097627779808e+02 
       6.054379599024e-01       2.073570003833e+02 
       6.086136678323e-01       2.049899667356e+02 
       6.117893758526e-01       2.026631725656e+02 
       6.149650839617e-01       2.003753242632e+02 
       6.181407921584e-01       1.981291701047e+02 
       6.213165004412e-01       1.959187536368e+02 
       6.244922088089e-01       1.937434894757e+02 
       6.276679172602e-01       1.916042149173e+02 
       6.308436257938e-01       1.894984107131e+02 
       6.340193344084e-01       1.874267080964e+02 
       6.371950431029e-01       1.853879624445e+02 
       6.403707518761e-01       1.833813676558e+02 
       6.435464607267e-01       1.814052390302e+02 
       6.467221696537e-01       1.794574024182e+02 
       6.498978786559e-01       1.775361984198e+02 
       6.530735877323e-01       1.756415205984e+02 
       6.562492968816e-01       1.737731950753e+02 
       6.594250061030e-01       1.719319619675e+02 
       6.626007153954e-01       1.701178011585e+02 
       6.657764247576e-01       1.683308372370e+02 
       6.689521341888e-01       1.665698247974e+02 
       6.721278436880e-01       1.648336407170e+02 
       6.753035532541e-01       1.631218493846e+02 
       6.784792628863e-01       1.614340030344e+02 
       6.816549725837e-01       1.597715516059e+02 
       6.848306823452e-01       1.581335262470e+02 
       6.880063921701e-01       1.565205334690e+02 
       6.911821020574e-01       1.549315989866e+02 
       6.943578120064e-01       1.533664068737e+02 
       6.975335220160e-01       1.518237612335e+02 
       7.007092320856e-01       1.503014305097e+02 
       7.038849422143e-01       1.487998756752e+02 
       7.070606524014e-01       1.473191749736e+02 
       7.102363626459e-01       1.458589226613e+02 
       7.134120729472e-01       1.444200536409e+02 
       7.165877833045e-01       1.430016553222e+02 
       7.197634937171e-01       1.416017549172e+02 
       7.229392041842e-01       1.402200772875e+02 
       7.261149147051e-01       1.388564005497e+02 
       7.292906252791e-01       1.375102921051e+02 
       7.324663359055e-01       1.361813657544e+02 
       7.356420465836e-01       1.348715198369e+02 
       7.388177573129e-01       1.335796872237e+02 
       7.419934680925e-01       1.323053446667e+02 
       7.451691789219e-01       1.310488038111e+02 
       7.483448898004e-01       1.298074847391e+02 
       8.185974810127e-01       1.060907963810e+02 
       9.207766832137e-01       8.119512480608e+01 
       1.083785342301e+00       5.575991399487e+01 
       1.340054337287e+00       3.388978468475e+01 
       1.685202217976e+00       1.959453501174e+01 
       2.121515134661e+00       1.118441218799e+01 
       2.670829228528e+00       6.317320352304e+00 
       3.362374786322e+00       3.528566955330e+00 
       4.232979062477e+00       1.944824523392e+00 
       5.329004909344e+00       1.053499816682e+00 
       6.708819699949e+00       5.570114322381e-01 
       8.445903603412e+00       2.840673502672e-01 
       1.063276267190e+01       1.370055263298e-01 
       1.338585512523e+01       6.068997286767e-02 
       1.685179317575e+01       2.368747276319e-02 
       2.121515066325e+01       7.685965841258e-03 
       2.670829228500e+01       1.935815796765e-03 
       3.362374786322e+01       3.495556610490e-04 
       4.232979062477e+01       4.249378334782e-05 
       5.329004909344e+01       3.177774844283e-06 
       6.708819699949e+01       1.485566137829e-07 
       8.445903603412e+01       4.822069759688e-09 
       1.063276267190e+02       1.869782252260e-10 
       1.338585512523e+02       3.559829159231e-11 
       1.685179317575e+02       2.078334330183e-11 
       2.121515066325e+02       8.029529865321e-12 
       2.670829228500e+02       1.595085335267e-12 
       3.362374786322e+02       1.785673598616e-13 
       4.232979062477e+02       1.228990549161e-14 
       5.329004909344e+02       5.257730150882e-16 
