# Matter power spectrum P(k) at redshift z=0
# for k=1.04891e-05 to 532.02 h/Mpc,
# number of wavenumbers equal to 629
#    1:k (h/Mpc)              2:P (Mpc/h)^3        
       1.048912248189e-05       4.733716358499e+01 
       2.342123705210e-05       1.028547382781e+02 
       3.639918491839e-05       1.574698371839e+02 
       4.945816293613e-05       2.117444001052e+02 
       6.263395465631e-05       2.660029249284e+02 
       7.596325192725e-05       3.204915005996e+02 
       8.948398685729e-05       3.754224875153e+02 
       1.032356785857e-04       4.309928766171e+02 
       1.172597993434e-04       4.873937731325e+02 
       1.316001643185e-04       5.448161906172e+02 
       1.463033498471e-04       6.034550735390e+02 
       1.614191443827e-04       6.635125621121e+02 
       1.770010365119e-04       7.252006997679e+02 
       1.931067438874e-04       7.887439978826e+02 
       2.097987862585e-04       8.543818948513e+02 
       2.271451046410e-04       9.223712002008e+02 
       2.452197269150e-04       9.929885491106e+02 
       2.641034775335e-04       1.066532892203e+03 
       2.838847252846e-04       1.143327998011e+03 
       3.046601578296e-04       1.223724904472e+03 
       3.265355646375e-04       1.308104260486e+03 
       3.496266005408e-04       1.396878436337e+03 
       3.740594900526e-04       1.490493237708e+03 
       3.999716175740e-04       1.589428963625e+03 
       4.275119307200e-04       1.694200539660e+03 
       4.568410638349e-04       1.805356511370e+03 
       4.881310678311e-04       1.923476106605e+03 
       5.215646135672e-04       2.049164305238e+03 
       5.573335235123e-04       2.183044131849e+03 
       5.956364866911e-04       2.325745813629e+03 
       6.366758326681e-04       2.477892475995e+03 
       6.806532898080e-04       2.640082136599e+03 
       7.277647375801e-04       2.812866433300e+03 
       7.781940832929e-04       2.996726586095e+03 
       8.321065421505e-04       3.192047934141e+03 
       8.896417554989e-04       3.399095099804e+03 
       9.509073132966e-04       3.617989753309e+03 
       1.015973314698e-03       3.848693398942e+03 
       1.084868571743e-03       4.090997767257e+03 
       1.157578920946e-03       4.344524026443e+03 
       1.234047870839e-03       4.608731189329e+03 
       1.314179524573e-03       4.882934035815e+03 
       1.397843437847e-03       5.166327530679e+03 
       1.484880863293e-03       5.458016176935e+03 
       1.575111730993e-03       5.757044830320e+03 
       1.668341727033e-03       6.062428882308e+03 
       1.764368935363e-03       6.373181601180e+03 
       1.862989663871e-03       6.688336153052e+03 
       1.964003242934e-03       7.006964471403e+03 
       2.067215732972e-03       7.328190450116e+03 
       2.172442589440e-03       7.651198699380e+03 
       2.279510404943e-03       7.975239903343e+03 
       2.388257883353e-03       8.299632955572e+03 
       2.498536208457e-03       8.623762579585e+03 
       2.610208959469e-03       8.947079004089e+03 
       2.723151705703e-03       9.269093470668e+03 
       2.837251388959e-03       9.589373777769e+03 
       2.952405578663e-03       9.907539361813e+03 
       3.068521663641e-03       1.022325864671e+04 
       3.185516026605e-03       1.053624048606e+04 
       3.303313233211e-03       1.084623379026e+04 
       3.421845256471e-03       1.115302231326e+04 
       3.541050749135e-03       1.145641733260e+04 
       3.660874370684e-03       1.175626144599e+04 
       3.781266171407e-03       1.205241676560e+04 
       3.902181033226e-03       1.234476988343e+04 
       4.023578165108e-03       1.263322473026e+04 
       4.145420649802e-03       1.291770403101e+04 
       4.267675038067e-03       1.319814187845e+04 
       4.390310986313e-03       1.347448781472e+04 
       4.513300933564e-03       1.374670352350e+04 
       4.636619813816e-03       1.401475883124e+04 
       4.760244800073e-03       1.427862338705e+04 
       4.884155076644e-03       1.453829154253e+04 
       5.008331636576e-03       1.479376008103e+04 
       5.132757101384e-03       1.504507415552e+04 
       5.257415560559e-03       1.529214951839e+04 
       5.382292428582e-03       1.553502139200e+04 
       5.507374317427e-03       1.577377936663e+04 
       5.632648922786e-03       1.600831258567e+04 
       5.758104922421e-03       1.623879054994e+04 
       5.883731885264e-03       1.646513346623e+04 
       6.009520190031e-03       1.668737585729e+04 
       6.135460952276e-03       1.690552342444e+04 
       6.261545958921e-03       1.711969077238e+04 
       6.387767609436e-03       1.732982993182e+04 
       6.514118862917e-03       1.753601791291e+04 
       6.640593190421e-03       1.773824888454e+04 
       6.767184531975e-03       1.793660378070e+04 
       6.893887257755e-03       1.813110126840e+04 
       7.020696132993e-03       1.832175321080e+04 
       7.147606286204e-03       1.850860224744e+04 
       7.274613180390e-03       1.869171977658e+04 
       7.401712586916e-03       1.887111007829e+04 
       7.528900561771e-03       1.904682324992e+04 
       7.656173423978e-03       1.921889406970e+04 
       7.783527735935e-03       1.938735704345e+04 
       7.910960285496e-03       1.955226476409e+04 
       8.038468069613e-03       1.971364497907e+04 
       8.166048279397e-03       1.987153083878e+04 
       8.293698286449e-03       2.002596350200e+04 
       8.421415630354e-03       2.017699266889e+04 
       8.549198007209e-03       2.032465266044e+04 
       8.677043259114e-03       2.046897766042e+04 
       8.804949364511e-03       2.060999905541e+04 
       8.932914429305e-03       2.074776571102e+04 
       9.060936678708e-03       2.088230647623e+04 
       9.189014449715e-03       2.101366065996e+04 
       9.317146184182e-03       2.114186342581e+04 
       9.445330422438e-03       2.126695573409e+04 
       9.573565797384e-03       2.138896913966e+04 
       9.701851029058e-03       2.150792978790e+04 
       9.830184919592e-03       2.162388992256e+04 
       9.958566348563e-03       2.173686534283e+04 
       1.008699426868e-02       2.184690751263e+04 
       1.021546770179e-02       2.195404277419e+04 
       1.034398573521e-02       2.205829992539e+04 
       1.047254751823e-02       2.215972339601e+04 
       1.060115225901e-02       2.225833693001e+04 
       1.072979922158e-02       2.235417918927e+04 
       1.085848772311e-02       2.244728081869e+04 
       1.098721713137e-02       2.253767553176e+04 
       1.111598686235e-02       2.262539373448e+04 
       1.124479637808e-02       2.271046099367e+04 
       1.137364518456e-02       2.279292519792e+04 
       1.150253282987e-02       2.287280257367e+04 
       1.163145890243e-02       2.295012043585e+04 
       1.176042302929e-02       2.302492657261e+04 
       1.188942487467e-02       2.309723672786e+04 
       1.201846413848e-02       2.316708268935e+04 
       1.214754055505e-02       2.323449841132e+04 
       1.227665389183e-02       2.329950783705e+04 
       1.240580394833e-02       2.336214851146e+04 
       1.253499055498e-02       2.342244371147e+04 
       1.266421357221e-02       2.348042303708e+04 
       1.279347288948e-02       2.353611088433e+04 
       1.292276842445e-02       2.358954128765e+04 
       1.305210012223e-02       2.364074578496e+04 
       1.318146795459e-02       2.368973548542e+04 
       1.331087191933e-02       2.373654869669e+04 
       1.344031203965e-02       2.378121186117e+04 
       1.356978836358e-02       2.382375126885e+04 
       1.369930096346e-02       2.386418192719e+04 
       1.382884993545e-02       2.390255480242e+04 
       1.395843539908e-02       2.393886882918e+04 
       1.408805749689e-02       2.397315943583e+04 
       1.421771639402e-02       2.400545979114e+04 
       1.434741227793e-02       2.403578684395e+04 
       1.447714535807e-02       2.406417372004e+04 
       1.460691586563e-02       2.409062673370e+04 
       1.473672405331e-02       2.411519812582e+04 
       1.486657019512e-02       2.413788982176e+04 
       1.499645458622e-02       2.415873265386e+04 
       1.512637754274e-02       2.417775550678e+04 
       1.525633940169e-02       2.419497749199e+04 
       1.538634052085e-02       2.421041773140e+04 
       1.551638127872e-02       2.422411134642e+04 
       1.564646207441e-02       2.423608383324e+04 
       1.577658332771e-02       2.424632387394e+04 
       1.590674547898e-02       2.425490361055e+04 
       1.603694898926e-02       2.426180415689e+04 
       1.616719434023e-02       2.426706804137e+04 
       1.629748203433e-02       2.427072258894e+04 
       1.642781259478e-02       2.427277405482e+04 
       1.655818656571e-02       2.427326869510e+04 
       1.668860451226e-02       2.427219492482e+04 
       1.681906702073e-02       2.426959846728e+04 
       1.694957469869e-02       2.426548269211e+04 
       1.708012817517e-02       2.425989130271e+04 
       1.721072810087e-02       2.425281514900e+04 
       1.734137514831e-02       2.424432505790e+04 
       1.747207001207e-02       2.423439771426e+04 
       1.760281340905e-02       2.422306445072e+04 
       1.773360607869e-02       2.421033693155e+04 
       1.786444878323e-02       2.419625197703e+04 
       1.799534230803e-02       2.418082788395e+04 
       1.812628746186e-02       2.416408320563e+04 
       1.825728507720e-02       2.414601893642e+04 
       1.838833601060e-02       2.412665608680e+04 
       1.851944114301e-02       2.410606251723e+04 
       1.865060138016e-02       2.408420368252e+04 
       1.878181765294e-02       2.406113218989e+04 
       1.891309091783e-02       2.403684394854e+04 
       1.904442215726e-02       2.401137536519e+04 
       1.917581238011e-02       2.398475263893e+04 
       1.930726262214e-02       2.395693535132e+04 
       1.943877394643e-02       2.392802030633e+04 
       1.957034744394e-02       2.389795674581e+04 
       1.970198423397e-02       2.386682702419e+04 
       1.983368546468e-02       2.383463477445e+04 
       1.996545231367e-02       2.380133556970e+04 
       2.009728598855e-02       2.376702841966e+04 
       2.022918772748e-02       2.373169895941e+04 
       2.036115879982e-02       2.369533022439e+04 
       2.049320050673e-02       2.365799983634e+04 
       2.062531418185e-02       2.361966988049e+04 
       2.075750119193e-02       2.358037711591e+04 
       2.088976293755e-02       2.354020355223e+04 
       2.102210085381e-02       2.349905645292e+04 
       2.115451641110e-02       2.345699979760e+04 
       2.128701111583e-02       2.341406719186e+04 
       2.141958651124e-02       2.337026347474e+04 
       2.155224417817e-02       2.332561631363e+04 
       2.168498573595e-02       2.328012026489e+04 
       2.181781284322e-02       2.323377626693e+04 
       2.195072719884e-02       2.318659733262e+04 
       2.208373054280e-02       2.313864134460e+04 
       2.221682465716e-02       2.308996194159e+04 
       2.235001136704e-02       2.304050533127e+04 
       2.248329254161e-02       2.299030534417e+04 
       2.261667009514e-02       2.293933843647e+04 
       2.275014598806e-02       2.288766094829e+04 
       2.288372222808e-02       2.283527315013e+04 
       2.301740087130e-02       2.278222242657e+04 
       2.315118402341e-02       2.272847855344e+04 
       2.328507384088e-02       2.267403094953e+04 
       2.341907253223e-02       2.261899785652e+04 
       2.355318235928e-02       2.256334848214e+04 
       2.368740563853e-02       2.250700908825e+04 
       2.382174474249e-02       2.245011900957e+04 
       2.395620210111e-02       2.239261890468e+04 
       2.409078020322e-02       2.233452390741e+04 
       2.422548159807e-02       2.227589765549e+04 
       2.436030889686e-02       2.221669739727e+04 
       2.449526477433e-02       2.215695395319e+04 
       2.463035197046e-02       2.209673208984e+04 
       2.476557329213e-02       2.203596600147e+04 
       2.490093161493e-02       2.197467905902e+04 
       2.503642988493e-02       2.191295297858e+04 
       2.517207112062e-02       2.185073901439e+04 
       2.530785841481e-02       2.178803980355e+04 
       2.544379493668e-02       2.172492817134e+04 
       2.557988393381e-02       2.166127244816e+04 
       2.571612873437e-02       2.159731739818e+04 
       2.585253274932e-02       2.153291558984e+04 
       2.598909947470e-02       2.146804727359e+04 
       2.612583249403e-02       2.140285992183e+04 
       2.626273548073e-02       2.133728720357e+04 
       2.639981220067e-02       2.127130248430e+04 
       2.653706651483e-02       2.120499495237e+04 
       2.667450238197e-02       2.113829750590e+04 
       2.681212386150e-02       2.107130481076e+04 
       2.694993511635e-02       2.100395470530e+04 
       2.708794041602e-02       2.093631442813e+04 
       2.722614413968e-02       2.086837458085e+04 
       2.736455077948e-02       2.080011369413e+04 
       2.750316494381e-02       2.073154036850e+04 
       2.764199136088e-02       2.066275303133e+04 
       2.778103488227e-02       2.059366098984e+04 
       2.792030048671e-02       2.052432316280e+04 
       2.805979328396e-02       2.045474095611e+04 
       2.819951851882e-02       2.038484465560e+04 
       2.833948157537e-02       2.031483372803e+04 
       2.847968798128e-02       2.024457265632e+04 
       2.862014341235e-02       2.017406910388e+04 
       2.876085369716e-02       2.010345120991e+04 
       2.890182482202e-02       2.003250368090e+04 
       2.904306293597e-02       1.996149523675e+04 
       2.918457435609e-02       1.989015317271e+04 
       2.932636557297e-02       1.981875519695e+04 
       2.946844325642e-02       1.974716488363e+04 
       2.961081426140e-02       1.967545831449e+04 
       2.975348563422e-02       1.960355474441e+04 
       2.989646461897e-02       1.953153844576e+04 
       3.003975866420e-02       1.945935992681e+04 
       3.018337542997e-02       1.938705331412e+04 
       3.032732279508e-02       1.931471005095e+04 
       3.047160886471e-02       1.924216507448e+04 
       3.061624197831e-02       1.916960077943e+04 
       3.076123071792e-02       1.909685063071e+04 
       3.090658391679e-02       1.902400626548e+04 
       3.105231066838e-02       1.895116579592e+04 
       3.119842033584e-02       1.887823660143e+04 
       3.134492256180e-02       1.880518272630e+04 
       3.149182727873e-02       1.873207103451e+04 
       3.163914471968e-02       1.865897481991e+04 
       3.178688542958e-02       1.858568620185e+04 
       3.193506027705e-02       1.851248287248e+04 
       3.208368046673e-02       1.843913373216e+04 
       3.223275755228e-02       1.836573916086e+04 
       3.238230344995e-02       1.829235389896e+04 
       3.253233045282e-02       1.821897409119e+04 
       3.268285124574e-02       1.814555558570e+04 
       3.283387892104e-02       1.807207812336e+04 
       3.298542699498e-02       1.799858643469e+04 
       3.313750942507e-02       1.792510234562e+04 
       3.329014062828e-02       1.785161765271e+04 
       3.344333550016e-02       1.777814367977e+04 
       3.359710943501e-02       1.770459877533e+04 
       3.375147834701e-02       1.763112668374e+04 
       3.390645869266e-02       1.755764038657e+04 
       3.406206749421e-02       1.748416808767e+04 
       3.421832236457e-02       1.741067512968e+04 
       3.437524153343e-02       1.733726900801e+04 
       3.453284387496e-02       1.726382535633e+04 
       3.469114893700e-02       1.719042948120e+04 
       3.485017697188e-02       1.711704085096e+04 
       3.500994896916e-02       1.704367904942e+04 
       3.517048669009e-02       1.697035256782e+04 
       3.533181270424e-02       1.689708579989e+04 
       3.549395042828e-02       1.682384175368e+04 
       3.565692416701e-02       1.675061564392e+04 
       3.582075915706e-02       1.667735697471e+04 
       3.598548161314e-02       1.660422315421e+04 
       3.615111877726e-02       1.653110140332e+04 
       3.631769897104e-02       1.645802416103e+04 
       3.648525165136e-02       1.638500502563e+04 
       3.665380746969e-02       1.631203525132e+04 
       3.682339833519e-02       1.623907566080e+04 
       3.699405748214e-02       1.616616689991e+04 
       3.716581954186e-02       1.609328366417e+04 
       3.733872061952e-02       1.602044746419e+04 
       3.751279837629e-02       1.594765108126e+04 
       3.768809211729e-02       1.587492043053e+04 
       3.786464288571e-02       1.580218955289e+04 
       3.804249356383e-02       1.572955825261e+04 
       3.822168898129e-02       1.565690266107e+04 
       3.840227603152e-02       1.558429384931e+04 
       3.858430379685e-02       1.551176218078e+04 
       3.876782368319e-02       1.543920456235e+04 
       3.895288956512e-02       1.536668387257e+04 
       3.913955794244e-02       1.529418268595e+04 
       3.932788810916e-02       1.522174505772e+04 
       3.951794233621e-02       1.514925730215e+04 
       3.970978606918e-02       1.507685706712e+04 
       3.990348814259e-02       1.500444159377e+04 
       4.009912101238e-02       1.493201936746e+04 
       4.029676100847e-02       1.485961332850e+04 
       4.049648860944e-02       1.478720913893e+04 
       4.069838874182e-02       1.471479255784e+04 
       4.090255110644e-02       1.464236076190e+04 
       4.110907053503e-02       1.456988946417e+04 
       4.131804738022e-02       1.449740954944e+04 
       4.152958794294e-02       1.442493830511e+04 
       4.174380494138e-02       1.435238939855e+04 
       4.196081802656e-02       1.427976015496e+04 
       4.218075434987e-02       1.420710357874e+04 
       4.240374918921e-02       1.413441547571e+04 
       4.262994664079e-02       1.406158953168e+04 
       4.285950038505e-02       1.398872068412e+04 
       4.309257453620e-02       1.391572501305e+04 
       4.332934458651e-02       1.384265700609e+04 
       4.356999845806e-02       1.376943153904e+04 
       4.381473767662e-02       1.369606221310e+04 
       4.406377868506e-02       1.362254004114e+04 
       4.431735431597e-02       1.354886115990e+04 
       4.457571544704e-02       1.347501007083e+04 
       4.483913286650e-02       1.340093177587e+04 
       4.510789938074e-02       1.332663862357e+04 
       4.538233220204e-02       1.325216053214e+04 
       4.566277566139e-02       1.317731124331e+04 
       4.594960429960e-02       1.310219326130e+04 
       4.624322640041e-02       1.302681317258e+04 
       4.654408804150e-02       1.295106035926e+04 
       4.685267775491e-02       1.287488630791e+04 
       4.716953190708e-02       1.279833772902e+04 
       4.749524093178e-02       1.272131229510e+04 
       4.783045657835e-02       1.264383573014e+04 
       4.817590037347e-02       1.256574407911e+04 
       4.853237353920e-02       1.248710537673e+04 
       4.890076866704e-02       1.240781636603e+04 
       4.928208351817e-02       1.232783535656e+04 
       4.967743741006e-02       1.224707073598e+04 
       5.008809076383e-02       1.216539007994e+04 
       5.051546853132e-02       1.208280388422e+04 
       5.096118840612e-02       1.199913804642e+04 
       5.142709495780e-02       1.191431699705e+04 
       5.191530112908e-02       1.182816338190e+04 
       5.242823891470e-02       1.174056013462e+04 
       5.296872151761e-02       1.165128982502e+04 
       5.354001986569e-02       1.156011465778e+04 
       5.414595707498e-02       1.146676550631e+04 
       5.479102524083e-02       1.137091477738e+04 
       5.548052973874e-02       1.127217994196e+04 
       5.622076680195e-02       1.116998394338e+04 
       5.701924001860e-02       1.106366316117e+04 
       5.788491953349e-02       1.095244473324e+04 
       5.882854213377e-02       1.083513743507e+04 
       5.986293729096e-02       1.071033149638e+04 
       6.100333713226e-02       1.057603562227e+04 
       6.226757730963e-02       1.042964817332e+04 
       6.367600944849e-02       1.026772756361e+04 
       6.525082234422e-02       1.008566919733e+04 
       6.701434742723e-02       9.877725600189e+03 
       6.898594283968e-02       9.637146470028e+03 
       7.117748121104e-02       9.356986635204e+03 
       7.358852675444e-02       9.031750695794e+03 
       7.620354776983e-02       8.659773959233e+03 
       7.899351077615e-02       8.245256113366e+03 
       8.192187064174e-02       7.798965622239e+03 
       8.495200476817e-02       7.336733692106e+03 
       8.805264493155e-02       6.876749751620e+03 
       9.119999250275e-02       6.436420351420e+03 
       9.437732828062e-02       6.030114601026e+03 
       9.757352148501e-02       5.667831724126e+03 
       1.007814162878e-01       5.354773262726e+03 
       1.039965130978e-01       5.091633930268e+03 
       1.072160213260e-01       4.875377084165e+03 
       1.104382248693e-01       4.699958806034e+03 
       1.136620737675e-01       4.557296296997e+03 
       1.168869275459e-01       4.438187373327e+03 
       1.201123961542e-01       4.333134033033e+03 
       1.233382422209e-01       4.233172552901e+03 
       1.265643212915e-01       4.130669694031e+03 
       1.297905454028e-01       4.019915175728e+03 
       1.330168609206e-01       3.897535165003e+03 
       1.362432350703e-01       3.762608925952e+03 
       1.394696477561e-01       3.616471579439e+03 
       1.426960865929e-01       3.462264829801e+03 
       1.459225438897e-01       3.304304515415e+03 
       1.491490148183e-01       3.147414750105e+03 
       1.523754962999e-01       2.996291685020e+03 
       1.556019863292e-01       2.854978654526e+03 
       1.588284835628e-01       2.726531055499e+03 
       1.620549870688e-01       2.612818348325e+03 
       1.652814961732e-01       2.514474216883e+03 
       1.685080103673e-01       2.431000494827e+03 
       1.717345292492e-01       2.360930404579e+03 
       1.749610524890e-01       2.302050115239e+03 
       1.781875798063e-01       2.251673046430e+03 
       1.814141109565e-01       2.206898923672e+03 
       1.846406457214e-01       2.165179826523e+03 
       1.878671839039e-01       2.123948290012e+03 
       1.910937253238e-01       2.080719120333e+03 
       1.943202698150e-01       2.033990767757e+03 
       1.975468172237e-01       1.983026064715e+03 
       2.007733674069e-01       1.927855141558e+03 
       2.039999202311e-01       1.869176248507e+03 
       2.072264755715e-01       1.808189750905e+03 
       2.104530333112e-01       1.746395259224e+03 
       2.136795933405e-01       1.685308781351e+03 
       2.169061555565e-01       1.626351687772e+03 
       2.201327198621e-01       1.570702213497e+03 
       2.233592861662e-01       1.519224603937e+03 
       2.265858543828e-01       1.472453666672e+03 
       2.298124244306e-01       1.430593600525e+03 
       2.330389962332e-01       1.393529072027e+03 
       2.362655697182e-01       1.360856723409e+03 
       2.394921448170e-01       1.331929771596e+03 
       2.427187214649e-01       1.305924101307e+03 
       2.459452996005e-01       1.281926065826e+03 
       2.491718791657e-01       1.259027012973e+03 
       2.523984601053e-01       1.236409628971e+03 
       2.556250423670e-01       1.213420155100e+03 
       2.588516259008e-01       1.189605203939e+03 
       2.620782106597e-01       1.164723277282e+03 
       2.653047965987e-01       1.138727796063e+03 
       2.685313836749e-01       1.111763313640e+03 
       2.717579718475e-01       1.084123693925e+03 
       2.749845610779e-01       1.056211873818e+03 
       2.782111513289e-01       1.028474785264e+03 
       2.814377425653e-01       1.001405253194e+03 
       2.846643347533e-01       9.754222662169e+02 
       2.878909278609e-01       9.508733792782e+02 
       2.911175218572e-01       9.279722420121e+02 
       2.943441167128e-01       9.068120675854e+02 
       2.975707123997e-01       8.873564008233e+02 
       3.007973088910e-01       8.694702136548e+02 
       3.040239061608e-01       8.529445310722e+02 
       3.072505041847e-01       8.375253342577e+02 
       3.104771029389e-01       8.229462483528e+02 
       3.137037024007e-01       8.089294761481e+02 
       3.169303025485e-01       7.952185927213e+02 
       3.201569033615e-01       7.815899626386e+02 
       3.233835048195e-01       7.678735620668e+02 
       3.266101069034e-01       7.539607151168e+02 
       3.298367095948e-01       7.398179474649e+02 
       3.330633128759e-01       7.254750651431e+02 
       3.362899167296e-01       7.110212313634e+02 
       3.395165211395e-01       6.965745708071e+02 
       3.427431260899e-01       6.822664222456e+02 
       3.459697315656e-01       6.682353033857e+02 
       3.491963375519e-01       6.545966044475e+02 
       3.524229440348e-01       6.414508031773e+02 
       3.556495510006e-01       6.288748644968e+02 
       3.588761584363e-01       6.169186172912e+02 
       3.621027663293e-01       6.055943700945e+02 
       3.653293746674e-01       5.948809118749e+02 
       3.685559834388e-01       5.847269167174e+02 
       3.717825926323e-01       5.750532818599e+02 
       3.750092022369e-01       5.657648364796e+02 
       3.782358122420e-01       5.567709650112e+02 
       3.814624226374e-01       5.479804443612e+02 
       3.846890334132e-01       5.393249590021e+02 
       3.879156445600e-01       5.307520922907e+02 
       3.911422560685e-01       5.222290395726e+02 
       3.943688679298e-01       5.137403132926e+02 
       3.975954801352e-01       5.052796141611e+02 
       4.008220926765e-01       4.968604972886e+02 
       4.040487055455e-01       4.885021061552e+02 
       4.072753187344e-01       4.802386678927e+02 
       4.105019322357e-01       4.721104789723e+02 
       4.137285460420e-01       4.641548977066e+02 
       4.169551601462e-01       4.564062139522e+02 
       4.201817745414e-01       4.488868601442e+02 
       4.234083892210e-01       4.416080028467e+02 
       4.266350041784e-01       4.345733348960e+02 
       4.298616194074e-01       4.277750829685e+02 
       4.330882349019e-01       4.212045383810e+02 
       4.363148506560e-01       4.148491184004e+02 
       4.395414666639e-01       4.086882836830e+02 
       4.427680829201e-01       4.027041093752e+02 
       4.459946994191e-01       3.968718833713e+02 
       4.492213161558e-01       3.911667800443e+02 
       4.524479331250e-01       3.855600581919e+02 
       4.556745503217e-01       3.800344131657e+02 
       4.589011677412e-01       3.745741703033e+02 
       4.621277853787e-01       3.691749903668e+02 
       4.653544032297e-01       3.638355087534e+02 
       4.685810212898e-01       3.585607685540e+02 
       4.718076395546e-01       3.533531992929e+02 
       4.750342580201e-01       3.482201991442e+02 
       4.782608766821e-01       3.431695075552e+02 
       4.814874955366e-01       3.382097998415e+02 
       4.847141145798e-01       3.333503791401e+02 
       4.879407338079e-01       3.286034155017e+02 
       4.911673532174e-01       3.239727009962e+02 
       4.943939728045e-01       3.194696943393e+02 
       4.976205925659e-01       3.150822961384e+02 
       5.008472124981e-01       3.108088686574e+02 
       5.040738325980e-01       3.066440731463e+02 
       5.073004528622e-01       3.025731170200e+02 
       5.105270732877e-01       2.985900656740e+02 
       5.137536938713e-01       2.946786879578e+02 
       5.169803146102e-01       2.908415741832e+02 
       5.202069355014e-01       2.870702013731e+02 
       5.234335565421e-01       2.833531525215e+02 
       5.266601777296e-01       2.796874368974e+02 
       5.298867990611e-01       2.760742132754e+02 
       5.331134205341e-01       2.725037534083e+02 
       5.363400421459e-01       2.689872112131e+02 
       5.395666638941e-01       2.655201899686e+02 
       5.427932857763e-01       2.621115579945e+02 
       5.460199077900e-01       2.587609775580e+02 
       5.492465299329e-01       2.554754438843e+02 
       5.524731522028e-01       2.522489662156e+02 
       5.556997745974e-01       2.490854312439e+02 
       5.589263971146e-01       2.459809922012e+02 
       5.621530197523e-01       2.429374978931e+02 
       5.653796425083e-01       2.399524800686e+02 
       5.686062653808e-01       2.370276391883e+02 
       5.718328883676e-01       2.341591802531e+02 
       5.750595114669e-01       2.313463697341e+02 
       5.782861346767e-01       2.285826626686e+02 
       5.815127579953e-01       2.258647814346e+02 
       5.847393814208e-01       2.231914316710e+02 
       5.879660049515e-01       2.205581928938e+02 
       5.911926285855e-01       2.179645849757e+02 
       5.944192523214e-01       2.154122053628e+02 
       5.976458761573e-01       2.128991458968e+02 
       6.008725000917e-01       2.104207974948e+02 
       6.040991241230e-01       2.079837872199e+02 
       6.073257482497e-01       2.055767172003e+02 
       6.105523724701e-01       2.032099707319e+02 
       6.137789967829e-01       2.008778930090e+02 
       6.170056211866e-01       1.985815050452e+02 
       6.202322456798e-01       1.963192870436e+02 
       6.234588702611e-01       1.940997546241e+02 
       6.266854949290e-01       1.919186444831e+02 
       6.299121196824e-01       1.897732178186e+02 
       6.331387445198e-01       1.876633299788e+02 
       6.363653694400e-01       1.855881954842e+02 
       6.395919944417e-01       1.835444727430e+02 
       6.428186195237e-01       1.815340980208e+02 
       6.460452446848e-01       1.795556565453e+02 
       6.492718699239e-01       1.776086744425e+02 
       6.524984952397e-01       1.756917911237e+02 
       6.557251206311e-01       1.738029886894e+02 
       6.589517460970e-01       1.719399682068e+02 
       6.621783716363e-01       1.701032342286e+02 
       6.654049972479e-01       1.682925324814e+02 
       6.686316229309e-01       1.665060171787e+02 
       6.718582486841e-01       1.647479271479e+02 
       6.750848745066e-01       1.630139110507e+02 
       6.783115003973e-01       1.613075255156e+02 
       6.815381263553e-01       1.596242965822e+02 
       6.847647523796e-01       1.579653832284e+02 
       6.879913784694e-01       1.563283896885e+02 
       6.912180046236e-01       1.547155783959e+02 
       6.944446308414e-01       1.531270859486e+02 
       6.976712571220e-01       1.515627566055e+02 
       7.008978834643e-01       1.500210771824e+02 
       7.041245098676e-01       1.485036664482e+02 
       7.073511363311e-01       1.470085736349e+02 
       7.105777628539e-01       1.455330068708e+02 
       7.138043894351e-01       1.440770902303e+02 
       7.170310160742e-01       1.426404740314e+02 
       7.202576427701e-01       1.412262728766e+02 
       7.234842695223e-01       1.398309438408e+02 
       7.267108963298e-01       1.384552634643e+02 
       7.299375231921e-01       1.370989748685e+02 
       7.331641501083e-01       1.357618663140e+02 
       7.363907770778e-01       1.344370851768e+02 
       7.396174040999e-01       1.331337311080e+02 
       7.428440311738e-01       1.318474433653e+02 
       7.460706582990e-01       1.305757450161e+02 
       7.492972854746e-01       1.293234155896e+02 
       7.525239127002e-01       1.280887672487e+02 
       7.557505399750e-01       1.268706810497e+02 
       8.253928725681e-01       1.040866974275e+02 
       9.259283256049e-01       8.018647351777e+01 
       1.085451798258e+00       5.563071530190e+01 
       1.338300230682e+00       3.409059152563e+01 
       1.682427785048e+00       1.977303370771e+01 
       2.118008723217e+00       1.132645812932e+01 
       2.666414858679e+00       6.433673507118e+00 
       3.356817423908e+00       3.626273438659e+00 
       4.225982757711e+00       2.029008889435e+00 
       5.320197083486e+00       1.127319936622e+00 
       6.697731304154e+00       6.217790125055e-01 
       8.431944140169e+00       3.401350736960e-01 
       1.061518874889e+01       1.844926221891e-01 
       1.336373086697e+01       9.881700505977e-02 
       1.682394038480e+01       5.203338460073e-02 
       2.118008607694e+01       2.671646120662e-02 
       2.666414858624e+01       1.318422972626e-02 
       3.356817423908e+01       6.130131067710e-03 
       4.225982757711e+01       2.590080921044e-03 
       5.320197083486e+01       9.558475048121e-04 
       6.697731304154e+01       2.893492016644e-04 
       8.431944140169e+01       6.617399839192e-05 
       1.061518874889e+02       1.144749353686e-05 
       1.336373086697e+02       1.430483355045e-06 
       1.682394038480e+02       8.478394303338e-08 
       2.118008607694e+02       3.796430274478e-09 
       2.666414858624e+02       1.250616650368e-10 
       3.356817423908e+02       5.617755271254e-12 
       4.225982757711e+02       1.266111703614e-12 
       5.320197083486e+02       6.665165161590e-13 
