# Matter power spectrum P(k) at redshift z=0
# for k=1.05578e-05 to 538.247 h/Mpc,
# number of wavenumbers equal to 629
#    1:k (h/Mpc)              2:P (Mpc/h)^3        
       1.055778761616e-05       4.663756074702e+01 
       2.359456721317e-05       1.014177102053e+02 
       3.667825601467e-05       1.553093943456e+02 
       4.984491558622e-05       2.088698635939e+02 
       6.313121788535e-05       2.624217324779e+02 
       7.657478018321e-05       3.162102431594e+02 
       9.021451093809e-05       3.704474720056e+02 
       1.040909713241e-04       4.253304902553e+02 
       1.182467571538e-04       4.810507859532e+02 
       1.327269059673e-04       5.378000158475e+02 
       1.475793340623e-04       5.957740772333e+02 
       1.628553081626e-04       6.551763223712e+02 
       1.786099562084e-04       7.162203430642e+02 
       1.949028213130e-04       7.791325648523e+02 
       2.117984621573e-04       8.441547286122e+02 
       2.293671018311e-04       9.115463879091e+02 
       2.476853251847e-04       9.815874401553e+02 
       2.668368218663e-04       1.054580618029e+03 
       2.869131680795e-04       1.130854089602e+03 
       3.080146343153e-04       1.210763916430e+03 
       3.302509984637e-04       1.294696412576e+03 
       3.537423333407e-04       1.383070276652e+03 
       3.786197243649e-04       1.476338245210e+03 
       4.050258566619e-04       1.574988052005e+03 
       4.331153913867e-04       1.679542425375e+03 
       4.630550293291e-04       1.790557709380e+03 
       4.950231377306e-04       1.908620631807e+03 
       5.292087969840e-04       2.034342761563e+03 
       5.658101126741e-04       2.168352140058e+03 
       6.050316423657e-04       2.311281505362e+03 
       6.470808143044e-04       2.463753100669e+03 
       6.921632754294e-04       2.626359488847e+03 
       7.404772047474e-04       2.799641316043e+03 
       7.922067644373e-04       2.984062489011e+03 
       8.475150233238e-04       3.179984183787e+03 
       9.065368502720e-04       3.387640072212e+03 
       9.693724013153e-04       3.607114826435e+03 
       1.036081872442e-03       3.838328355393e+03 
       1.106682127778e-03       4.081028272949e+03 
       1.181145632469e-03       4.334791728435e+03 
       1.259401846137e-03       4.599036172889e+03 
       1.341340921542e-03       4.873040076238e+03 
       1.426819272827e-03       5.155968910855e+03 
       1.515666387591e-03       5.446906230423e+03 
       1.607692188025e-03       5.744883363076e+03 
       1.702694294302e-03       6.048912117021e+03 
       1.800464676543e-03       6.358008119260e+03 
       1.900795355918e-03       6.671213364764e+03 
       2.003482989486e-03       6.987614107792e+03 
       2.108332318748e-03       7.306352612608e+03 
       2.215158565365e-03       7.626633996793e+03 
       2.323788918283e-03       7.947732886076e+03 
       2.434063281745e-03       8.268990013526e+03 
       2.545834453423e-03       8.589814650471e+03 
       2.658967885987e-03       8.909680901359e+03 
       2.773341161940e-03       9.228121200702e+03 
       2.888843285942e-03       9.544725517667e+03 
       3.005373874702e-03       9.859132251794e+03 
       3.122842303400e-03       1.017102654243e+04 
       3.241166850347e-03       1.048013328999e+04 
       3.360273867925e-03       1.078621573001e+04 
       3.480096997556e-03       1.108906676295e+04 
       3.600576438852e-03       1.138851045813e+04 
       3.721658277691e-03       1.168439540939e+04 
       3.843293874289e-03       1.197659377151e+04 
       3.965439309830e-03       1.226499730137e+04 
       4.088054888759e-03       1.254951740788e+04 
       4.211104692908e-03       1.283008010531e+04 
       4.334556183232e-03       1.310662732332e+04 
       4.458379844837e-03       1.337911115416e+04 
       4.582548871028e-03       1.364750042905e+04 
       4.707038882345e-03       1.391176627122e+04 
       4.831827676837e-03       1.417186876296e+04 
       4.956895008108e-03       1.442784634725e+04 
       5.082222388023e-03       1.467967102375e+04 
       5.207792911252e-03       1.492730603739e+04 
       5.333591099149e-03       1.517088415648e+04 
       5.459602760718e-03       1.541023111385e+04 
       5.585814868700e-03       1.564553357035e+04 
       5.712215449015e-03       1.587665995374e+04 
       5.838793482026e-03       1.610375853859e+04 
       5.965538814248e-03       1.632677139285e+04 
       6.092442079324e-03       1.654575474524e+04 
       6.219494627186e-03       1.676068836371e+04 
       6.346688460499e-03       1.697168449730e+04 
       6.474016177546e-03       1.717869762457e+04 
       6.601470920856e-03       1.738179930717e+04 
       6.729046330923e-03       1.758102344571e+04 
       6.856736504468e-03       1.777641102990e+04 
       6.984535956750e-03       1.796798012810e+04 
       7.112439587485e-03       1.815575496573e+04 
       7.240442649999e-03       1.833978315166e+04 
       7.368540723260e-03       1.852010973048e+04 
       7.496729686508e-03       1.869675512395e+04 
       7.625005696193e-03       1.886978298631e+04 
       7.753365165011e-03       1.903919171882e+04 
       7.881804742794e-03       1.920504571295e+04 
       8.010321299109e-03       1.936736962784e+04 
       8.138911907357e-03       1.952622323377e+04 
       8.267573830254e-03       1.968162010273e+04 
       8.396304506551e-03       1.983359538324e+04 
       8.525101538871e-03       1.998220809077e+04 
       8.653962682563e-03       2.012749016686e+04 
       8.782885835476e-03       2.026946317239e+04 
       8.911869028569e-03       2.040817562487e+04 
       9.040910417278e-03       2.054368065871e+04 
       9.170008273579e-03       2.067598568330e+04 
       9.299160978673e-03       2.080513836395e+04 
       9.428367016249e-03       2.093117736185e+04 
       9.557624966272e-03       2.105412690416e+04 
       9.686933499241e-03       2.117404102426e+04 
       9.816291370896e-03       2.129093840272e+04 
       9.945697417317e-03       2.140485724703e+04 
       1.007515055040e-02       2.151583611262e+04 
       1.020464975364e-02       2.162388370712e+04 
       1.033419407829e-02       2.172909389702e+04 
       1.046378263972e-02       2.183142657528e+04 
       1.059341461409e-02       2.193096094857e+04 
       1.072308923528e-02       2.202771643840e+04 
       1.085280579197e-02       2.212171789576e+04 
       1.098256362502e-02       2.221301400040e+04 
       1.111236212495e-02       2.230162258816e+04 
       1.124220072967e-02       2.238758561974e+04 
       1.137207892232e-02       2.247092574968e+04 
       1.150199622926e-02       2.255167127308e+04 
       1.163195221829e-02       2.262985676797e+04 
       1.176194649685e-02       2.270551925983e+04 
       1.189197871045e-02       2.277867912885e+04 
       1.202204854122e-02       2.284936524317e+04 
       1.215215570645e-02       2.291761973180e+04 
       1.228229995736e-02       2.298346018006e+04 
       1.241248107791e-02       2.304691313291e+04 
       1.254269888363e-02       2.310801319298e+04 
       1.267295322066e-02       2.316679595582e+04 
       1.280324396474e-02       2.322327731250e+04 
       1.293357102035e-02       2.327749083714e+04 
       1.306393431988e-02       2.332946836589e+04 
       1.319433382285e-02       2.337923153849e+04 
       1.332476951524e-02       2.342680911369e+04 
       1.345524140882e-02       2.347223033889e+04 
       1.358574954056e-02       2.351551513176e+04 
       1.371629397205e-02       2.355668140807e+04 
       1.384687478905e-02       2.359577540558e+04 
       1.397749210098e-02       2.363280601777e+04 
       1.410814604050e-02       2.366781594483e+04 
       1.423883676317e-02       2.370081821782e+04 
       1.436956444705e-02       2.373183716330e+04 
       1.450032929243e-02       2.376090586274e+04 
       1.463113152150e-02       2.378804737017e+04 
       1.476197137819e-02       2.381327424573e+04 
       1.489284912785e-02       2.383662842534e+04 
       1.502376505714e-02       2.385812262485e+04 
       1.515471947383e-02       2.387778438791e+04 
       1.528571270666e-02       2.389563965097e+04 
       1.541674510529e-02       2.391170261130e+04 
       1.554781704012e-02       2.392601515439e+04 
       1.567892890232e-02       2.393857492372e+04 
       1.581008110375e-02       2.394943032729e+04 
       1.594127407693e-02       2.395859365674e+04 
       1.607250827507e-02       2.396607986140e+04 
       1.620378417211e-02       2.397192115973e+04 
       1.633510226271e-02       2.397613850784e+04 
       1.646646306239e-02       2.397874488611e+04 
       1.659786710756e-02       2.397975896075e+04 
       1.672931495563e-02       2.397925418411e+04 
       1.686080718517e-02       2.397717956879e+04 
       1.699234439600e-02       2.397359362996e+04 
       1.712392720938e-02       2.396851453758e+04 
       1.725555626821e-02       2.396195797048e+04 
       1.738723223714e-02       2.395395171217e+04 
       1.751895580286e-02       2.394452048072e+04 
       1.765072767431e-02       2.393365800082e+04 
       1.778254858289e-02       2.392141306599e+04 
       1.791441928277e-02       2.390782125772e+04 
       1.804634055112e-02       2.389284440173e+04 
       1.817831318844e-02       2.387656143269e+04 
       1.831033801886e-02       2.385893636186e+04 
       1.844241589044e-02       2.384005858348e+04 
       1.857454767559e-02       2.381985650570e+04 
       1.870673427133e-02       2.379845529001e+04 
       1.883897659975e-02       2.377581725013e+04 
       1.897127560836e-02       2.375189926207e+04 
       1.910363227053e-02       2.372685180083e+04 
       1.923604758590e-02       2.370064024952e+04 
       1.936852258084e-02       2.367322616902e+04 
       1.950105830890e-02       2.364469697025e+04 
       1.963365585131e-02       2.361503192111e+04 
       1.976631631747e-02       2.358429588850e+04 
       1.989904084547e-02       2.355242645699e+04 
       2.003183060265e-02       2.351952395520e+04 
       2.016468678613e-02       2.348556823855e+04 
       2.029761062338e-02       2.345057805731e+04 
       2.043060337288e-02       2.341460053044e+04 
       2.056366632466e-02       2.337760181638e+04 
       2.069680080098e-02       2.333958829970e+04 
       2.083000815700e-02       2.330067932711e+04 
       2.096328978141e-02       2.326081814359e+04 
       2.109664709722e-02       2.322000135100e+04 
       2.123008156240e-02       2.317829637276e+04 
       2.136359467067e-02       2.313567269896e+04 
       2.149718795229e-02       2.309216415414e+04 
       2.163086297484e-02       2.304782026128e+04 
       2.176462134403e-02       2.300255155982e+04 
       2.189846470458e-02       2.295661427186e+04 
       2.203239474108e-02       2.290975219488e+04 
       2.216641317891e-02       2.286212975916e+04 
       2.230052178514e-02       2.281371429757e+04 
       2.243472236956e-02       2.276452311324e+04 
       2.256901678557e-02       2.271460682421e+04 
       2.270340693130e-02       2.266393058620e+04 
       2.283789475063e-02       2.261253945058e+04 
       2.297248223426e-02       2.256045024565e+04 
       2.310717142085e-02       2.250764367370e+04 
       2.324196439819e-02       2.245420479501e+04 
       2.337686330435e-02       2.240002828714e+04 
       2.351187032899e-02       2.234525978245e+04 
       2.364698771452e-02       2.228985679517e+04 
       2.378221775753e-02       2.223383945788e+04 
       2.391756281005e-02       2.217719537064e+04 
       2.405302528098e-02       2.211997898850e+04 
       2.418860763753e-02       2.206216872756e+04 
       2.432431240669e-02       2.200379960617e+04 
       2.446014217679e-02       2.194487739924e+04 
       2.459609959904e-02       2.188541163128e+04 
       2.473218738920e-02       2.182541636921e+04 
       2.486840832924e-02       2.176491412345e+04 
       2.500476526909e-02       2.170389746345e+04 
       2.514126112844e-02       2.164241841721e+04 
       2.527789889858e-02       2.158045524949e+04 
       2.541468164432e-02       2.151803669284e+04 
       2.555161250600e-02       2.145518975310e+04 
       2.568869470149e-02       2.139186764061e+04 
       2.582593152834e-02       2.132815314830e+04 
       2.596332636593e-02       2.126402213417e+04 
       2.610088267776e-02       2.119941875877e+04 
       2.623860401380e-02       2.113451513360e+04 
       2.637649401285e-02       2.106921332487e+04 
       2.651455640510e-02       2.100349688733e+04 
       2.665279501466e-02       2.093744781632e+04 
       2.679121376230e-02       2.087103192959e+04 
       2.692981666816e-02       2.080431817608e+04 
       2.706860785466e-02       2.073726606098e+04 
       2.720759154946e-02       2.066989474381e+04 
       2.734677208851e-02       2.060226084175e+04 
       2.748615391928e-02       2.053429144808e+04 
       2.762574160403e-02       2.046602197744e+04 
       2.776553982325e-02       2.039749770674e+04 
       2.790555337923e-02       2.032872688032e+04 
       2.804578719967e-02       2.025967407895e+04 
       2.818624634158e-02       2.019040672247e+04 
       2.832693599521e-02       2.012087816887e+04 
       2.846786148814e-02       2.005115875957e+04 
       2.860902828957e-02       1.998117708183e+04 
       2.875044201477e-02       1.991100476032e+04 
       2.889210842965e-02       1.984059887006e+04 
       2.903403345555e-02       1.977007504027e+04 
       2.917622317424e-02       1.969937629740e+04 
       2.931868383306e-02       1.962846532131e+04 
       2.946142185031e-02       1.955736488366e+04 
       2.960444382081e-02       1.948612272224e+04 
       2.974775652177e-02       1.941472134780e+04 
       2.989136691881e-02       1.934324261687e+04 
       3.003528217228e-02       1.927157195217e+04 
       3.017950964380e-02       1.919979477710e+04 
       3.032405690315e-02       1.912787301566e+04 
       3.046893173537e-02       1.905588501816e+04 
       3.061414214820e-02       1.898373787840e+04 
       3.075969637983e-02       1.891154020970e+04 
       3.090560290702e-02       1.883918750231e+04 
       3.105187045351e-02       1.876682723071e+04 
       3.119850799888e-02       1.869428049253e+04 
       3.134552478770e-02       1.862182950641e+04 
       3.149293033922e-02       1.854917764341e+04 
       3.164073445741e-02       1.847647260314e+04 
       3.178894724146e-02       1.840377241779e+04 
       3.193757909681e-02       1.833099766963e+04 
       3.208664074667e-02       1.825825566505e+04 
       3.223614324406e-02       1.818537769538e+04 
       3.238609798449e-02       1.811245891400e+04 
       3.253651671915e-02       1.803960025757e+04 
       3.268741156882e-02       1.796664684151e+04 
       3.283879503844e-02       1.789373489480e+04 
       3.299068003233e-02       1.782077761046e+04 
       3.314307987032e-02       1.774779000556e+04 
       3.329600830452e-02       1.767482348211e+04 
       3.344947953705e-02       1.760187850697e+04 
       3.360350823867e-02       1.752894047876e+04 
       3.375810956832e-02       1.745597080619e+04 
       3.391329919375e-02       1.738303982733e+04 
       3.406909331321e-02       1.731013078830e+04 
       3.422550867832e-02       1.723725309748e+04 
       3.438256261811e-02       1.716437072850e+04 
       3.454027306451e-02       1.709148265977e+04 
       3.469865857910e-02       1.701871276872e+04 
       3.485773838146e-02       1.694586050109e+04 
       3.501753237905e-02       1.687315764417e+04 
       3.517806119887e-02       1.680050800793e+04 
       3.533934622089e-02       1.672777608842e+04 
       3.550140961345e-02       1.665517481774e+04 
       3.566427437077e-02       1.658261081179e+04 
       3.582796435269e-02       1.651007979412e+04 
       3.599250432680e-02       1.643758745965e+04 
       3.615792001318e-02       1.636521302645e+04 
       3.632423813192e-02       1.629280023005e+04 
       3.649148645356e-02       1.622045256918e+04 
       3.665969385280e-02       1.614819186484e+04 
       3.682889036562e-02       1.607598427181e+04 
       3.699910725017e-02       1.600383917073e+04 
       3.717037705162e-02       1.593168752199e+04 
       3.734273367135e-02       1.585966788743e+04 
       3.751621244090e-02       1.578770768080e+04 
       3.769085020084e-02       1.571571980536e+04 
       3.786668538531e-02       1.564388198723e+04 
       3.804375811231e-02       1.557204541841e+04 
       3.822211028065e-02       1.550027101387e+04 
       3.840178567371e-02       1.542852756252e+04 
       3.858283007098e-02       1.535688462045e+04 
       3.876529136785e-02       1.528524293497e+04 
       3.894921970437e-02       1.521371974829e+04 
       3.913466760402e-02       1.514218292688e+04 
       3.932169012321e-02       1.507069653073e+04 
       3.951034501250e-02       1.499928480200e+04 
       3.970069289091e-02       1.492790628321e+04 
       3.989279743427e-02       1.485656058120e+04 
       4.008672557922e-02       1.478523838749e+04 
       4.028254774434e-02       1.471395077422e+04 
       4.048033807014e-02       1.464266009576e+04 
       4.068017467982e-02       1.457143787884e+04 
       4.088213996315e-02       1.450022667346e+04 
       4.108632088570e-02       1.442900230049e+04 
       4.129280932630e-02       1.435780771322e+04 
       4.150170244587e-02       1.428662277656e+04 
       4.171310309104e-02       1.421540780313e+04 
       4.192712023657e-02       1.414419028515e+04 
       4.214386947119e-02       1.407296782814e+04 
       4.236347353173e-02       1.400170084390e+04 
       4.258606289167e-02       1.393038586604e+04 
       4.281177641060e-02       1.385906277014e+04 
       4.304076205222e-02       1.378767896484e+04 
       4.327317767970e-02       1.371624871307e+04 
       4.350919193845e-02       1.364470435115e+04 
       4.374898523784e-02       1.357311322364e+04 
       4.399275084533e-02       1.350145017682e+04 
       4.424069610850e-02       1.342961912827e+04 
       4.449304382314e-02       1.335769153503e+04 
       4.475003376833e-02       1.328563399135e+04 
       4.501192443319e-02       1.321342275748e+04 
       4.527899496424e-02       1.314102955067e+04 
       4.555154736729e-02       1.306845046209e+04 
       4.582990900390e-02       1.299566682695e+04 
       4.611443543020e-02       1.292268752248e+04 
       4.640551363434e-02       1.284947069652e+04 
       4.670356574016e-02       1.277586783684e+04 
       4.700905325791e-02       1.270207306269e+04 
       4.732248197914e-02       1.262787423151e+04 
       4.764440763309e-02       1.255334160481e+04 
       4.797544244693e-02       1.247834564711e+04 
       4.831626278297e-02       1.240296078225e+04 
       4.866761806462e-02       1.232707417358e+04 
       4.903034125130e-02       1.225067711313e+04 
       4.940536118277e-02       1.217367181136e+04 
       4.979371719058e-02       1.209600884349e+04 
       5.019657647057e-02       1.201765001259e+04 
       5.061525483413e-02       1.193850924416e+04 
       5.105124161215e-02       1.185847860156e+04 
       5.150622968580e-02       1.177744219518e+04 
       5.198215187268e-02       1.169534756661e+04 
       5.248122522066e-02       1.161203110880e+04 
       5.300600517098e-02       1.152729293628e+04 
       5.355945206355e-02       1.144101115531e+04 
       5.414501308336e-02       1.135291295150e+04 
       5.476672348723e-02       1.126272195539e+04 
       5.542933176594e-02       1.117007110175e+04 
       5.613845417307e-02       1.107461472855e+04 
       5.690076450387e-02       1.097577046196e+04 
       5.772422451755e-02       1.087281183226e+04 
       5.861835770279e-02       1.076487320900e+04 
       5.959456174447e-02       1.065071672476e+04 
       6.066643858964e-02       1.052885581872e+04 
       6.185008791393e-02       1.039704680612e+04 
       6.316424920796e-02       1.025246498861e+04 
       6.463007912473e-02       1.009123010027e+04 
       6.627021958696e-02       9.908338470391e+03 
       6.810670992227e-02       9.697542923401e+03 
       7.015740243860e-02       9.451640562824e+03 
       7.243114983655e-02       9.163626778721e+03 
       7.492325225562e-02       8.828595528599e+03 
       7.761373848005e-02       8.446270191820e+03 
       8.047039884198e-02       8.022843228499e+03 
       8.345563689058e-02       7.571003131465e+03 
       8.653367413460e-02       7.108046901973e+03 
       8.967507978440e-02       6.652649570010e+03 
       9.285803464856e-02       6.221943558770e+03 
       9.606748138441e-02       5.829363756327e+03 
       9.929351232014e-02       5.483657298124e+03 
       1.025298054010e-01       5.188618103305e+03 
       1.057724038802e-01       4.943731479548e+03 
       1.090188609104e-01       4.744771707859e+03 
       1.122676744183e-01       4.584830968657e+03 
       1.155179263562e-01       4.455181224730e+03 
       1.187690570516e-01       4.346209268179e+03 
       1.220207257674e-01       4.248263381044e+03 
       1.252727251623e-01       4.152504887235e+03 
       1.285249290480e-01       4.051655356382e+03 
       1.317772605652e-01       3.940567347786e+03 
       1.350296728294e-01       3.816581599791e+03 
       1.382821371703e-01       3.679529322321e+03 
       1.415346359894e-01       3.531445992885e+03 
       1.447871584231e-01       3.376053675579e+03 
       1.480396977094e-01       3.218052744485e+03 
       1.512922495887e-01       3.062474069471e+03 
       1.545448113320e-01       2.914001927018e+03 
       1.577973811506e-01       2.776543591277e+03 
       1.610499578362e-01       2.652869934742e+03 
       1.643025405423e-01       2.544515271941e+03 
       1.675551286505e-01       2.451766409104e+03 
       1.708077216882e-01       2.373783434994e+03 
       1.740603192784e-01       2.308803065802e+03 
       1.773129211088e-01       2.254375960705e+03 
       1.805655269119e-01       2.207650592519e+03 
       1.838181364530e-01       2.165650320275e+03 
       1.870707495219e-01       2.125982388877e+03 
       1.903233659282e-01       2.085777214743e+03 
       1.935759854971e-01       2.042853553760e+03 
       1.968286080676e-01       1.995911231975e+03 
       2.000812334904e-01       1.944435715781e+03 
       2.033338616263e-01       1.888691205448e+03 
       2.065864923455e-01       1.829582281844e+03 
       2.098391255266e-01       1.768458685392e+03 
       2.130917610557e-01       1.706891993701e+03 
       2.163443988259e-01       1.646462151940e+03 
       2.195970387369e-01       1.588555523857e+03 
       2.228496806942e-01       1.534289508057e+03 
       2.261023246088e-01       1.484463302991e+03 
       2.293549703969e-01       1.439526130085e+03 
       2.326076179792e-01       1.399577234177e+03 
       2.358602672810e-01       1.364409204307e+03 
       2.391129182318e-01       1.333523922737e+03 
       2.423655707646e-01       1.306187517572e+03 
       2.456182248162e-01       1.281530457471e+03 
       2.488708803266e-01       1.258598190323e+03 
       2.521235372391e-01       1.236479918077e+03 
       2.553761954997e-01       1.214380098174e+03 
       2.586288550572e-01       1.191691775949e+03 
       2.618815158630e-01       1.168012829513e+03 
       2.651341778709e-01       1.143167611613e+03 
       2.683868410370e-01       1.117165440421e+03 
       2.716395053193e-01       1.090215005751e+03 
       2.748921706780e-01       1.062652882853e+03 
       2.781448370751e-01       1.034914181727e+03 
       2.813975044745e-01       1.007488202763e+03 
       2.846501728415e-01       9.808511733052e+02 
       2.879028421433e-01       9.554306553782e+02 
       2.911555123482e-01       9.315387856797e+02 
       2.944081834261e-01       9.093594037581e+02 
       2.976608553484e-01       8.889499666420e+02 
       3.009135280875e-01       8.702287040322e+02 
       3.041662016170e-01       8.530413844001e+02 
       3.074188759117e-01       8.371585271096e+02 
       3.106715509475e-01       8.223107052111e+02 
       3.139242267011e-01       8.082149798807e+02 
       3.171769031505e-01       7.945950395283e+02 
       3.204295802743e-01       7.811945717301e+02 
       3.236822580520e-01       7.678017590525e+02 
       3.269349364642e-01       7.542618477938e+02 
       3.301876154918e-01       7.404817507291e+02 
       3.334402951169e-01       7.264527289405e+02 
       3.366929753220e-01       7.122261969873e+02 
       3.399456560903e-01       6.979008527689e+02 
       3.431983374059e-01       6.836135457667e+02 
       3.464510192532e-01       6.694955729442e+02 
       3.497037016174e-01       6.556879440649e+02 
       3.529563844839e-01       6.423063356504e+02 
       3.562090678392e-01       6.294446756798e+02 
       3.594617516697e-01       6.171777661130e+02 
       3.627144359627e-01       6.055404845968e+02 
       3.659671207057e-01       5.945386725589e+02 
       3.692198058869e-01       5.841429436602e+02 
       3.724724914947e-01       5.742878236789e+02 
       3.757251775180e-01       5.648882861625e+02 
       3.789778639460e-01       5.558459673690e+02 
       3.822305507684e-01       5.470645003318e+02 
       3.854832379751e-01       5.384616193916e+02 
       3.887359255564e-01       5.299689014131e+02 
       3.919886135031e-01       5.215403805379e+02 
       3.952413018059e-01       5.131491681237e+02 
       3.984939904562e-01       5.047794271304e+02 
       4.017466794455e-01       4.964332157920e+02 
       4.049993687656e-01       4.881251654543e+02 
       4.082520584086e-01       4.798831176614e+02 
       4.115047483667e-01       4.717429965105e+02 
       4.147574386326e-01       4.637463790176e+02 
       4.180101291989e-01       4.559324059348e+02 
       4.212628200588e-01       4.483328182093e+02 
       4.245155112055e-01       4.409678004668e+02 
       4.277682026323e-01       4.338446031256e+02 
       4.310208943329e-01       4.269652837713e+02 
       4.342735863012e-01       4.203215014683e+02 
       4.375262785312e-01       4.139028037584e+02 
       4.407789710170e-01       4.076918126236e+02 
       4.440316637529e-01       4.016737668103e+02 
       4.472843567336e-01       3.958216890428e+02 
       4.505370499537e-01       3.901131999707e+02 
       4.537897434080e-01       3.845192914149e+02 
       4.570424370916e-01       3.790157614074e+02 
       4.602951309995e-01       3.735856040446e+02 
       4.635478251269e-01       3.682158109528e+02 
       4.668005194694e-01       3.629024035070e+02 
       4.700532140224e-01       3.576478000078e+02 
       4.733059087815e-01       3.524541007162e+02 
       4.765586037426e-01       3.473298859120e+02 
       4.798112989014e-01       3.422791727359e+02 
       4.830639942541e-01       3.373133987000e+02 
       4.863166897966e-01       3.324397062184e+02 
       4.895693855253e-01       3.276691674168e+02 
       4.928220814363e-01       3.230127056248e+02 
       4.960747775261e-01       3.184757816473e+02 
       4.993274737912e-01       3.140607744707e+02 
       5.025801702282e-01       3.097655231486e+02 
       5.058328668338e-01       3.055814732015e+02 
       5.090855636047e-01       3.014993111429e+02 
       5.123382605377e-01       2.975082042027e+02 
       5.155909576298e-01       2.935992369154e+02 
       5.188436548779e-01       2.897642037897e+02 
       5.220963522792e-01       2.859974771353e+02 
       5.253490498308e-01       2.822912154754e+02 
       5.286017475299e-01       2.786391810232e+02 
       5.318544453738e-01       2.750370346735e+02 
       5.351071433599e-01       2.714815544052e+02 
       5.383598414855e-01       2.679720757755e+02 
       5.416125397482e-01       2.645110889956e+02 
       5.448652381454e-01       2.611030947330e+02 
       5.481179366748e-01       2.577525920183e+02 
       5.513706353340e-01       2.544619804747e+02 
       5.546233341208e-01       2.512330286541e+02 
       5.578760330329e-01       2.480653449497e+02 
       5.611287320681e-01       2.449582603198e+02 
       5.643814312243e-01       2.419103730577e+02 
       5.676341304993e-01       2.389213473383e+02 
       5.708868298913e-01       2.359930901950e+02 
       5.741395293981e-01       2.331221651501e+02 
       5.773922290178e-01       2.303075010712e+02 
       5.806449287485e-01       2.275450885375e+02 
       5.838976285884e-01       2.248313396349e+02 
       5.871503285356e-01       2.221620384300e+02 
       5.904030285884e-01       2.195343917703e+02 
       5.936557287450e-01       2.169464108982e+02 
       5.969084290037e-01       2.143982943298e+02 
       6.001611293629e-01       2.118892211023e+02 
       6.034138298209e-01       2.094185530977e+02 
       6.066665303761e-01       2.069844106442e+02 
       6.099192310270e-01       2.045855968971e+02 
       6.131719317720e-01       2.022211905876e+02 
       6.164246326097e-01       1.998920103807e+02 
       6.196773335386e-01       1.975978197287e+02 
       6.229300345572e-01       1.953405816818e+02 
       6.261827356641e-01       1.931215735514e+02 
       6.294354368581e-01       1.909409807756e+02 
       6.326881381377e-01       1.887976159126e+02 
       6.359408395016e-01       1.866897330448e+02 
       6.391935409485e-01       1.846158462406e+02 
       6.424462424772e-01       1.825760223042e+02 
       6.456989440864e-01       1.805680300678e+02 
       6.489516457749e-01       1.785925169949e+02 
       6.522043475415e-01       1.766485459408e+02 
       6.554570493851e-01       1.747355823100e+02 
       6.587097513045e-01       1.728508284688e+02 
       6.619624532986e-01       1.709943950396e+02 
       6.652151553662e-01       1.691633716576e+02 
       6.684678575064e-01       1.673569997344e+02 
       6.717205597181e-01       1.655759851685e+02 
       6.749732620001e-01       1.638203550356e+02 
       6.782259643516e-01       1.620913201552e+02 
       6.814786667715e-01       1.603872738094e+02 
       6.847313692588e-01       1.587079252537e+02 
       6.879840718126e-01       1.570536308166e+02 
       6.912367744320e-01       1.554220150017e+02 
       6.944894771159e-01       1.538132514464e+02 
       6.977421798636e-01       1.522276801363e+02 
       7.009948826740e-01       1.506657270937e+02 
       7.042475855465e-01       1.491282148648e+02 
       7.075002884800e-01       1.476133058804e+02 
       7.107529914737e-01       1.461211789423e+02 
       7.140056945269e-01       1.446506253706e+02 
       7.172583976387e-01       1.431999330411e+02 
       7.205111008083e-01       1.417682416270e+02 
       7.237638040349e-01       1.403568880600e+02 
       7.270165073178e-01       1.389646286923e+02 
       7.302692106563e-01       1.375934492166e+02 
       7.335219140495e-01       1.362408602231e+02 
       7.367746174967e-01       1.349070644941e+02 
       7.400273209973e-01       1.335897104409e+02 
       7.432800245505e-01       1.322897999189e+02 
       7.465327281556e-01       1.310071287324e+02 
       7.497854318121e-01       1.297407239053e+02 
       7.530381355191e-01       1.284916983452e+02 
       7.562908392760e-01       1.272597212080e+02 
       7.595435430823e-01       1.260454549720e+02 
       7.627962469372e-01       1.248474754384e+02 
       8.333526886220e-01       1.023382848263e+02 
       9.353631158015e-01       7.872130626937e+01 
       1.097412711648e+00       5.448418708519e+01 
       1.353860874704e+00       3.330803694778e+01 
       1.702118515770e+00       1.928181460651e+01 
       2.142800633544e+00       1.101278103117e+01 
       2.697626037776e+00       6.224498741208e+00 
       3.396109970414e+00       3.479290353802e+00 
       4.275449143001e+00       1.919385500271e+00 
       5.382471572958e+00       1.041018466877e+00 
       6.776130241456e+00       5.513595309984e-01 
       8.530642554596e+00       2.818317369471e-01 
       1.073944269091e+01       1.365496387570e-01 
       1.352015731210e+01       6.086390467985e-02 
       1.702086961166e+01       2.396061003806e-02 
       2.142800528495e+01       7.859770594492e-03 
       2.697626037728e+01       2.016737565132e-03 
       3.396109970414e+01       3.732271073962e-04 
       4.275449143001e+01       4.663789553553e-05 
       5.382471572958e+01       3.586222314226e-06 
       6.776130241456e+01       1.723314162823e-07 
       8.530642554596e+01       5.673359916666e-09 
       1.073944269091e+02       2.104079010654e-10 
       1.352015731210e+02       3.547158206509e-11 
       1.702086961166e+02       2.050956195906e-11 
       2.142800528495e+02       8.243004922794e-12 
       2.697626037728e+02       1.700757108029e-12 
       3.396109970414e+02       1.963748732570e-13 
       4.275449143001e+02       1.389026129767e-14 
       5.382471572958e+02       6.116106573264e-16 
