# Matter power spectrum P(k) at redshift z=0
# for k=1.05592e-05 to 538.316 h/Mpc,
# number of wavenumbers equal to 629
#    1:k (h/Mpc)              2:P (Mpc/h)^3        
       1.055924598034e-05       4.646396751271e+01 
       2.359718329658e-05       1.010375600122e+02 
       3.668204372240e-05       1.547261319644e+02 
       4.984989847780e-05       2.080848518389e+02 
       6.313742945851e-05       2.614351528520e+02 
       7.658226430767e-05       3.150213928848e+02 
       9.022332244627e-05       3.690548924334e+02 
       1.041011767688e-04       4.237320290406e+02 
       1.182584357452e-04       4.792436214587e+02 
       1.327401507053e-04       5.357806627293e+02 
       1.475942530828e-04       5.935383796405e+02 
       1.628720263183e-04       6.527194292535e+02 
       1.786286169089e-04       7.135366875236e+02 
       1.949235886486e-04       7.762158184063e+02 
       2.118215233342e-04       8.409977481106e+02 
       2.293926699428e-04       9.081412044494e+02 
       2.477136423439e-04       9.779251362286e+02 
       2.668681627131e-04       1.050651305431e+03 
       2.869478436736e-04       1.126646820976e+03 
       3.080529963992e-04       1.206266593584e+03 
       3.302934440608e-04       1.289895712964e+03 
       3.537893096130e-04       1.377951522092e+03 
       3.786717336028e-04       1.470885322771e+03 
       4.050834612121e-04       1.569183259497e+03 
       4.331792182350e-04       1.673366397575e+03 
       4.631257739528e-04       1.783989214010e+03 
       4.951015667160e-04       1.901636470901e+03 
       5.292957487867e-04       2.026917595756e+03 
       5.659064957945e-04       2.160458329593e+03 
       6.051384301594e-04       2.302888972279e+03 
       6.471990356738e-04       2.454829036214e+03 
       6.922940008001e-04       2.616868277952e+03 
       7.406215270578e-04       2.789544279390e+03 
       7.923657753721e-04       2.973317696281e+03 
       8.476897856756e-04       3.168546309625e+03 
       9.067283680339e-04       3.375460298203e+03 
       9.695815897474e-04       3.594140831135e+03 
       1.036309530742e-03       3.824504447943e+03 
       1.106928916973e-03       4.066295693749e+03 
       1.181412060673e-03       4.319089118926e+03 
       1.259688262422e-03       4.582300355828e+03 
       1.341647518601e-03       4.855206915570e+03 
       1.427146097480e-03       5.136974473770e+03 
       1.516013357402e-03       5.426687560189e+03 
       1.608059111841e-03       5.723380618082e+03 
       1.703080894485e-03       6.026068406360e+03 
       1.800870610980e-03       6.333771158176e+03 
       1.901220238358e-03       6.645535917859e+03 
       2.003926407282e-03       6.960454408582e+03 
       2.108793847594e-03       7.277674105408e+03 
       2.215637780969e-03       7.596405206729e+03 
       2.324285405177e-03       7.915926620374e+03 
       2.434576639612e-03       8.235583345195e+03 
       2.546364301325e-03       8.554787618524e+03 
       2.659513864945e-03       8.873015210497e+03 
       2.773902936218e-03       9.189802254812e+03 
       2.889420543383e-03       9.504739144383e+03 
       3.005966326381e-03       9.817466547432e+03 
       3.123449682807e-03       1.012767055708e+04 
       3.241788912270e-03       1.043507930642e+04 
       3.360910387159e-03       1.073945693161e+04 
       3.480747767523e-03       1.104059993119e+04 
       3.601241270204e-03       1.133833373741e+04 
       3.722336996940e-03       1.163251046846e+04 
       3.843986322484e-03       1.192300385063e+04 
       3.966145341312e-03       1.220970860561e+04 
       4.088774369998e-03       1.249253645163e+04 
       4.211837501419e-03       1.277141660484e+04 
       4.335302206590e-03       1.304629130442e+04 
       4.459138979764e-03       1.331711328642e+04 
       4.583321022568e-03       1.358385176273e+04 
       4.707823963114e-03       1.384647716864e+04 
       4.832625606337e-03       1.410495180201e+04 
       4.957705712115e-03       1.435931195589e+04 
       5.083045798024e-03       1.460953296957e+04 
       5.208628963944e-03       1.485557530329e+04 
       5.334439735980e-03       1.509757527905e+04 
       5.460463927478e-03       1.533536111019e+04 
       5.586688515147e-03       1.556911403596e+04 
       5.713101528538e-03       1.579871850910e+04 
       5.839691951340e-03       1.602431251157e+04 
       5.966449633123e-03       1.624583680787e+04 
       6.093365210329e-03       1.646334980244e+04 
       6.220430035467e-03       1.667683612585e+04 
       6.347636113573e-03       1.688640423733e+04 
       6.474976045116e-03       1.709201702308e+04 
       6.602442974639e-03       1.729373709012e+04 
       6.730030544498e-03       1.749159446628e+04 
       6.857732853136e-03       1.768564271700e+04 
       6.985544417405e-03       1.787589494279e+04 
       7.113460138500e-03       1.806237441474e+04 
       7.241475271116e-03       1.824513224511e+04 
       7.369585395498e-03       1.842421061608e+04 
       7.497786392068e-03       1.859963301539e+04 
       7.626074418383e-03       1.877146511130e+04 
       7.754445888164e-03       1.893970722056e+04 
       7.882897452207e-03       1.910442461139e+04 
       8.011425980975e-03       1.926563170697e+04 
       8.140028548709e-03       1.942340211516e+04 
       8.268702418913e-03       1.957773493502e+04 
       8.397445031074e-03       1.972869555109e+04 
       8.526253988509e-03       1.987630137295e+04 
       8.655127047218e-03       2.002060976910e+04 
       8.784062105661e-03       2.016164355136e+04 
       8.913057195376e-03       2.029943788424e+04 
       9.042110472343e-03       2.043405434317e+04 
       9.171220209051e-03       2.056549837955e+04 
       9.300384787188e-03       2.069381781165e+04 
       9.429602690903e-03       2.081905128228e+04 
       9.558872500596e-03       2.094123118386e+04 
       9.688192887179e-03       2.106038857016e+04 
       9.817562606786e-03       2.117656577008e+04 
       9.946980495870e-03       2.128978794193e+04 
       1.007644546668e-02       2.140009971394e+04 
       1.020595650305e-02       2.150750723858e+04 
       1.033551265656e-02       2.161210171156e+04 
       1.046511304289e-02       2.171385907645e+04 
       1.059475683849e-02       2.181283497378e+04 
       1.072444327753e-02       2.190906529283e+04 
       1.085417164895e-02       2.200257509824e+04 
       1.098394129388e-02       2.209339978201e+04 
       1.111375160310e-02       2.218156871718e+04 
       1.124360201473e-02       2.226711081606e+04 
       1.137349201217e-02       2.235006695604e+04 
       1.150342112200e-02       2.243045816011e+04 
       1.163338891223e-02       2.250832217990e+04 
       1.176339499051e-02       2.258367872758e+04 
       1.189343900257e-02       2.265656921738e+04 
       1.202352063071e-02       2.272702264946e+04 
       1.215363959243e-02       2.279504931141e+04 
       1.228379563914e-02       2.286070643753e+04 
       1.241398855496e-02       2.292399968821e+04 
       1.254421815562e-02       2.298497130842e+04 
       1.267448428743e-02       2.304364115879e+04 
       1.280478682628e-02       2.310004448660e+04 
       1.293512567684e-02       2.315420829057e+04 
       1.306550077164e-02       2.320615572559e+04 
       1.319591207038e-02       2.325591318427e+04 
       1.332635955919e-02       2.330350926000e+04 
       1.345684324999e-02       2.334898160904e+04 
       1.358736317990e-02       2.339233352665e+04 
       1.371791941068e-02       2.343361077008e+04 
       1.384851202821e-02       2.347282042345e+04 
       1.397914114207e-02       2.351000799275e+04 
       1.410980688507e-02       2.354518196698e+04 
       1.424050941290e-02       2.357837831287e+04 
       1.437124890378e-02       2.360962196105e+04 
       1.450202555813e-02       2.363893487010e+04 
       1.463283959829e-02       2.366633848097e+04 
       1.476369126833e-02       2.369186209258e+04 
       1.489458083373e-02       2.371552589016e+04 
       1.502550858129e-02       2.373735988975e+04 
       1.515647481893e-02       2.375738933410e+04 
       1.528747987554e-02       2.377561654690e+04 
       1.541852410089e-02       2.379208216288e+04 
       1.554960786555e-02       2.380681913415e+04 
       1.568073156081e-02       2.381982365616e+04 
       1.581189559868e-02       2.383114650824e+04 
       1.594310041182e-02       2.384079631406e+04 
       1.607434645358e-02       2.384879029786e+04 
       1.620563419804e-02       2.385515797763e+04 
       1.633696414003e-02       2.385992840769e+04 
       1.646833679518e-02       2.386310621496e+04 
       1.659975270006e-02       2.386472762731e+04 
       1.673121241223e-02       2.386479725399e+04 
       1.686271651041e-02       2.386335212727e+04 
       1.699426559456e-02       2.386041425343e+04 
       1.712586028612e-02       2.385600143091e+04 
       1.725750122810e-02       2.385011222553e+04 
       1.738918908535e-02       2.384281336766e+04 
       1.752092454469e-02       2.383408928207e+04 
       1.765270831523e-02       2.382396406071e+04 
       1.778454112853e-02       2.381246161701e+04 
       1.791642373891e-02       2.379960891088e+04 
       1.804835692372e-02       2.378542172724e+04 
       1.818034148363e-02       2.376992180959e+04 
       1.831237824293e-02       2.375311890074e+04 
       1.844446804988e-02       2.373504492617e+04 
       1.857661177702e-02       2.371569689986e+04 
       1.870881032159e-02       2.369514870427e+04 
       1.884106460585e-02       2.367334015136e+04 
       1.897337557749e-02       2.365033705427e+04 
       1.910574421007e-02       2.362617590322e+04 
       1.923817150343e-02       2.360084295624e+04 
       1.937065848411e-02       2.357436465270e+04 
       1.950320620589e-02       2.354674879814e+04 
       1.963581575017e-02       2.351802873069e+04 
       1.976848822658e-02       2.348823556602e+04 
       1.990122477342e-02       2.345730463213e+04 
       2.003402655822e-02       2.342540273391e+04 
       2.016689477834e-02       2.339241870699e+04 
       2.029983066147e-02       2.335841497800e+04 
       2.043283546630e-02       2.332345109887e+04 
       2.056591048310e-02       2.328744706020e+04 
       2.069905703436e-02       2.325046726186e+04 
       2.083227647549e-02       2.321256979544e+04 
       2.096557019542e-02       2.317376940005e+04 
       2.109893961740e-02       2.313398723865e+04 
       2.123238619967e-02       2.309332543456e+04 
       2.136591143621e-02       2.305177642069e+04 
       2.149951685753e-02       2.300936114266e+04 
       2.163320403149e-02       2.296607503745e+04 
       2.176697456407e-02       2.292194289743e+04 
       2.190083010029e-02       2.287702730575e+04 
       2.203477232502e-02       2.283126374463e+04 
       2.216880296393e-02       2.278472511858e+04 
       2.230292378441e-02       2.273742158912e+04 
       2.243713659652e-02       2.268934326259e+04 
       2.257144325402e-02       2.264055739981e+04 
       2.270584565534e-02       2.259099895085e+04 
       2.284034574469e-02       2.254066526841e+04 
       2.297494551311e-02       2.248973663933e+04 
       2.310964699960e-02       2.243806535084e+04 
       2.324445229231e-02       2.238575855687e+04 
       2.337936352968e-02       2.233275270377e+04 
       2.351438290171e-02       2.227908951562e+04 
       2.364951265123e-02       2.222484597798e+04 
       2.378475507518e-02       2.216995448269e+04 
       2.392011252600e-02       2.211445911577e+04 
       2.405558741300e-02       2.205837399359e+04 
       2.419118220380e-02       2.200169087542e+04 
       2.432689942582e-02       2.194447257698e+04 
       2.446274166782e-02       2.188669480052e+04 
       2.459871158146e-02       2.182836856433e+04 
       2.473481188296e-02       2.176952864623e+04 
       2.487104535475e-02       2.171015860535e+04 
       2.500741484725e-02       2.165032768073e+04 
       2.514392328063e-02       2.159000682429e+04 
       2.528057364669e-02       2.152919162046e+04 
       2.541736901076e-02       2.146793831617e+04 
       2.555431251371e-02       2.140617468689e+04 
       2.569140737394e-02       2.134400097739e+04 
       2.582865688957e-02       2.128141575582e+04 
       2.596606444055e-02       2.121841737364e+04 
       2.610363349097e-02       2.115495223838e+04 
       2.624136759139e-02       2.109117340449e+04 
       2.637927038123e-02       2.102698202603e+04 
       2.651734559131e-02       2.096242302498e+04 
       2.665559704641e-02       2.089746569603e+04 
       2.679402866794e-02       2.083220013675e+04 
       2.693264447675e-02       2.076656096521e+04 
       2.707144859594e-02       2.070063643949e+04 
       2.721044525390e-02       2.063434317428e+04 
       2.734963878733e-02       2.056778516788e+04 
       2.748903364445e-02       2.050092920992e+04 
       2.762863438831e-02       2.043373680678e+04 
       2.776844570021e-02       2.036633022720e+04 
       2.790847238324e-02       2.029855152373e+04 
       2.804871936598e-02       2.023066564113e+04 
       2.818919170631e-02       2.016240681860e+04 
       2.832989459535e-02       2.009394058797e+04 
       2.847083336163e-02       2.002523153333e+04 
       2.861201347531e-02       1.995637485181e+04 
       2.875344055260e-02       1.988726124292e+04 
       2.889512036044e-02       1.981788732229e+04 
       2.903705882121e-02       1.974835278020e+04 
       2.917926201774e-02       1.967863613533e+04 
       2.932173619846e-02       1.960873422471e+04 
       2.946448778280e-02       1.953868807008e+04 
       2.960752336676e-02       1.946841430721e+04 
       2.975084972873e-02       1.939800478453e+04 
       2.989447383558e-02       1.932748325881e+04 
       3.003840284892e-02       1.925677617094e+04 
       3.018264413170e-02       1.918590355412e+04 
       3.032720525504e-02       1.911495960228e+04 
       3.047209400537e-02       1.904388115778e+04 
       3.061731839188e-02       1.897273659729e+04 
       3.076288665425e-02       1.890140308586e+04 
       3.090880727077e-02       1.883004471891e+04 
       3.105508896676e-02       1.875854025541e+04 
       3.120174072342e-02       1.868692702802e+04 
       3.134877178704e-02       1.861528876488e+04 
       3.149619167860e-02       1.854353497365e+04 
       3.164401020386e-02       1.847172067954e+04 
       3.179223746389e-02       1.839990286830e+04 
       3.194088386605e-02       1.832799707649e+04 
       3.208996013553e-02       1.825599809647e+04 
       3.223947732744e-02       1.818391463807e+04 
       3.238944683939e-02       1.811190201638e+04 
       3.253988042480e-02       1.803976011489e+04 
       3.269079020673e-02       1.796760784536e+04 
       3.284218869248e-02       1.789543209977e+04 
       3.299408878884e-02       1.782326711073e+04 
       3.314650381818e-02       1.775103790212e+04 
       3.329944753523e-02       1.767880253014e+04 
       3.345293414486e-02       1.760655146227e+04 
       3.360697832067e-02       1.753434874905e+04 
       3.376159522453e-02       1.746210562025e+04 
       3.391680052727e-02       1.738988492260e+04 
       3.407261043031e-02       1.731760582673e+04 
       3.422904168856e-02       1.724539906295e+04 
       3.438611163450e-02       1.717315283252e+04 
       3.454383820361e-02       1.710094511763e+04 
       3.470223996120e-02       1.702876169105e+04 
       3.486133613071e-02       1.695660301223e+04 
       3.502114662362e-02       1.688445692218e+04 
       3.518169207113e-02       1.681232472869e+04 
       3.534299385757e-02       1.674028029121e+04 
       3.550507415585e-02       1.666811971219e+04 
       3.566795596494e-02       1.659612013969e+04 
       3.583166314964e-02       1.652411955457e+04 
       3.599622048273e-02       1.645213618604e+04 
       3.616165368970e-02       1.638021633855e+04 
       3.632798949630e-02       1.630830217681e+04 
       3.649525567898e-02       1.623647753782e+04 
       3.666348111865e-02       1.616464292014e+04 
       3.683269585778e-02       1.609285470935e+04 
       3.700293116132e-02       1.602109603170e+04 
       3.717421958155e-02       1.594939444840e+04 
       3.734659502735e-02       1.587775545235e+04 
       3.752009283809e-02       1.580611435995e+04 
       3.769474986261e-02       1.573451887968e+04 
       3.787060454369e-02       1.566302185197e+04 
       3.804769700848e-02       1.559151183119e+04 
       3.822606916535e-02       1.552003608904e+04 
       3.840576480781e-02       1.544856867307e+04 
       3.858682972601e-02       1.537721322850e+04 
       3.876931182657e-02       1.530582427593e+04 
       3.895326126142e-02       1.523452021253e+04 
       3.913873056660e-02       1.516321051613e+04 
       3.932577481176e-02       1.509191543235e+04 
       3.951445176153e-02       1.502067465673e+04 
       3.970482204980e-02       1.494942897847e+04 
       3.989694936818e-02       1.487822950622e+04 
       4.009090067007e-02       1.480702504644e+04 
       4.028674639185e-02       1.473583836961e+04 
       4.048456069295e-02       1.466462159273e+04 
       4.068442171675e-02       1.459346500865e+04 
       4.088641187451e-02       1.452227729199e+04 
       4.109061815472e-02       1.445107101229e+04 
       4.129713246071e-02       1.437988985821e+04 
       4.150605197962e-02       1.430863390684e+04 
       4.171747958614e-02       1.423737627254e+04 
       4.193152428514e-02       1.416605390184e+04 
       4.214830169766e-02       1.409472955101e+04 
       4.236793459529e-02       1.402338203128e+04 
       4.259055348894e-02       1.395190410681e+04 
       4.281629727856e-02       1.388039209641e+04 
       4.304531397143e-02       1.380881391717e+04 
       4.327776147789e-02       1.373709738887e+04 
       4.351380849447e-02       1.366528540856e+04 
       4.375363548601e-02       1.359338902672e+04 
       4.399743578028e-02       1.352141847500e+04 
       4.424541679060e-02       1.344923614722e+04 
       4.449780138450e-02       1.337695166972e+04 
       4.475482941953e-02       1.330438573360e+04 
       4.501675947084e-02       1.323174178340e+04 
       4.528387077946e-02       1.315886738849e+04 
       4.555646545522e-02       1.308574995224e+04 
       4.583487097453e-02       1.301239093551e+04 
       4.611944302060e-02       1.293875247126e+04 
       4.641056872251e-02       1.286480249360e+04 
       4.670867036095e-02       1.279057069082e+04 
       4.701420962109e-02       1.271604233993e+04 
       4.732769249023e-02       1.264097730632e+04 
       4.764967491731e-02       1.256556488101e+04 
       4.798076937695e-02       1.248971837394e+04 
       4.832165251104e-02       1.241334710968e+04 
       4.867307406011e-02       1.233642771953e+04 
       4.903586734452e-02       1.225892427243e+04 
       4.941096161660e-02       1.218076871138e+04 
       4.979939668132e-02       1.210189421472e+04 
       5.020234028017e-02       1.202220191132e+04 
       5.062110885626e-02       1.194163324933e+04 
       5.105719247527e-02       1.186015908660e+04 
       5.151228487719e-02       1.177754527993e+04 
       5.198831988839e-02       1.169378265625e+04 
       5.248751574775e-02       1.160867678210e+04 
       5.301242930997e-02       1.152206451295e+04 
       5.356602260094e-02       1.143372718165e+04 
       5.415174482691e-02       1.134349798470e+04 
       5.477363367916e-02       1.125100445534e+04 
       5.543644059248e-02       1.115595402719e+04 
       5.614578539151e-02       1.105788369483e+04 
       5.690834620905e-02       1.095629225619e+04 
       5.773209006601e-02       1.085042260290e+04 
       5.862654679877e-02       1.073938944530e+04 
       5.960312165623e-02       1.062206088295e+04 
       6.067542538799e-02       1.049680302137e+04 
       6.185956747607e-02       1.036153215505e+04 
       6.317429746748e-02       1.021349296796e+04 
       6.464078064872e-02       1.004898437387e+04 
       6.628166309791e-02       9.863144949514e+03 
       6.811897921388e-02       9.649979854599e+03 
       7.017056209099e-02       9.402703966053e+03 
       7.244522819325e-02       9.114688551571e+03 
       7.493822868442e-02       8.781387855681e+03 
       7.762954372763e-02       8.402678339765e+03 
       8.048693126431e-02       7.984602539094e+03 
       8.347278665817e-02       7.539401580446e+03 
       8.655134325339e-02       7.083641253455e+03 
       8.969319161909e-02       6.635289707813e+03 
       9.287653444495e-02       6.210755900838e+03 
       9.608633230685e-02       5.823018723686e+03 
       9.931269053415e-02       5.480527794510e+03 
       1.025492958597e-01       5.187066008122e+03 
       1.057921972287e-01       4.942176763310e+03 
       1.090389513869e-01       4.741885416024e+03 
       1.122880584939e-01       4.579603798372e+03 
       1.155386018768e-01       4.446973068308e+03 
       1.187900227044e-01       4.334767895094e+03 
       1.220419807530e-01       4.233725791550e+03 
       1.252942689938e-01       4.135349844018e+03 
       1.285467614286e-01       4.032612272231e+03 
       1.317993813137e-01       3.920549588819e+03 
       1.350520818348e-01       3.796555743550e+03 
       1.383048343642e-01       3.660400611386e+03 
       1.415576213295e-01       3.513972067410e+03 
       1.448104318828e-01       3.360756089902e+03 
       1.480632592720e-01       3.205218078076e+03 
       1.513160992432e-01       3.052111299049e+03 
       1.545689490712e-01       2.905920515786e+03 
       1.578218069694e-01       2.770367985188e+03 
       1.610746717311e-01       2.648127841631e+03 
       1.643275425107e-01       2.540677050121e+03 
       1.675804186901e-01       2.448303810306e+03 
       1.708332997973e-01       2.370223136299e+03 
       1.740861854557e-01       2.304747257239e+03 
       1.773390753529e-01       2.249546471946e+03 
       1.805919692217e-01       2.201881269153e+03 
       1.838448668275e-01       2.158891317009e+03 
       1.870977679601e-01       2.118310621025e+03 
       1.903506724291e-01       2.077367251293e+03 
       1.936035800600e-01       2.033944304104e+03 
       1.968564906918e-01       1.986797622160e+03 
       2.001094041751e-01       1.935416421982e+03 
       2.033623203709e-01       1.880041134435e+03 
       2.066152391493e-01       1.821520965466e+03 
       2.098681603890e-01       1.761144222907e+03 
       2.131210839761e-01       1.700408209197e+03 
       2.163740098039e-01       1.640803058892e+03 
       2.196269377720e-01       1.583654395123e+03 
       2.228798677858e-01       1.530039557794e+03 
       2.261327997565e-01       1.480715334358e+03 
       2.293857336002e-01       1.436108805492e+03 
       2.326386692378e-01       1.396333375016e+03 
       2.358916065946e-01       1.361180762415e+03 
       2.391445455998e-01       1.330185582317e+03 
       2.423974861868e-01       1.302651585837e+03 
       2.456504282922e-01       1.277733027569e+03 
       2.489033718562e-01       1.254526751608e+03 
       2.521563168219e-01       1.232151949937e+03 
       2.554092631354e-01       1.209848913594e+03 
       2.586622107455e-01       1.187029261648e+03 
       2.619151596038e-01       1.163309717855e+03 
       2.651681096638e-01       1.138499601995e+03 
       2.684210608818e-01       1.112630088266e+03 
       2.716740132157e-01       1.085878416198e+03 
       2.749269666259e-01       1.058564334141e+03 
       2.781799210743e-01       1.031109987089e+03 
       2.814328765247e-01       1.003969126562e+03 
       2.846858329426e-01       9.776081484748e+02 
       2.879387902949e-01       9.524329595942e+02 
       2.911917485503e-01       9.287377935719e+02 
       2.944447076786e-01       9.067052456549e+02 
       2.976976676510e-01       8.863874864630e+02 
       3.009506284401e-01       8.677142534986e+02 
       3.042035900194e-01       8.505304355284e+02 
       3.074565523638e-01       8.346155927228e+02 
       3.107095154491e-01       8.197154246395e+02 
       3.139624792522e-01       8.055590939376e+02 
       3.172154437508e-01       7.918796278204e+02 
       3.204684089237e-01       7.784338635271e+02 
       3.237213747505e-01       7.650159735381e+02 
       3.269743412116e-01       7.514688842441e+02 
       3.302273082880e-01       7.377146924336e+02 
       3.334802759617e-01       7.237387960955e+02 
       3.367332442154e-01       7.095862361715e+02 
       3.399862130323e-01       6.953541800786e+02 
       3.432391823962e-01       6.811672443555e+02 
       3.464921522918e-01       6.671579770695e+02 
       3.497451227041e-01       6.534546075175e+02 
       3.529980936188e-01       6.401705896543e+02 
       3.562510650220e-01       6.273952578454e+02 
       3.595040369004e-01       6.151974012627e+02 
       3.627570092413e-01       6.036148880818e+02 
       3.660099820321e-01       5.926532484832e+02 
       3.692629552610e-01       5.822794739077e+02 
       3.725159289164e-01       5.724367275607e+02 
       3.757689029872e-01       5.630389176835e+02 
       3.790218774627e-01       5.539942324046e+02 
       3.822748523325e-01       5.452103465312e+02 
       3.855278275865e-01       5.366061749388e+02 
       3.887808032151e-01       5.281177352650e+02 
       3.920337792090e-01       5.197003600918e+02 
       3.952867555590e-01       5.113258291822e+02 
       3.985397322564e-01       5.029811294272e+02 
       4.017927092927e-01       4.946682953737e+02 
       4.050456866598e-01       4.863988092260e+02 
       4.082986643497e-01       4.781987341118e+02 
       4.115516423547e-01       4.701045721820e+02 
       4.148046206674e-01       4.621532534624e+02 
       4.180575992805e-01       4.543823187660e+02 
       4.213105781871e-01       4.468232809346e+02 
       4.245635573805e-01       4.394939159904e+02 
       4.278165368539e-01       4.324022162412e+02 
       4.310695166012e-01       4.255500140950e+02 
       4.343224966160e-01       4.189272742160e+02 
       4.375754768924e-01       4.125254851917e+02 
       4.408284574247e-01       4.063292563669e+02 
       4.440814382071e-01       4.003219549525e+02 
       4.473344192342e-01       3.944807326389e+02 
       4.505874005006e-01       3.887812115758e+02 
       4.538403820012e-01       3.831979627996e+02 
       4.570933637311e-01       3.777070196991e+02 
       4.603463456852e-01       3.722901135085e+02 
       4.635993278588e-01       3.669351143760e+02 
       4.668523102475e-01       3.616406350098e+02 
       4.701052928466e-01       3.564051122277e+02 
       4.733582756518e-01       3.512331543734e+02 
       4.766112586590e-01       3.461307221843e+02 
       4.798642418639e-01       3.411031150108e+02 
       4.831172252625e-01       3.361584030468e+02 
       4.863702088511e-01       3.313067027858e+02 
       4.896231926257e-01       3.265570938151e+02 
       4.928761765826e-01       3.219193553379e+02 
       4.961291607184e-01       3.173995669160e+02 
       4.993821450294e-01       3.130010566741e+02 
       5.026351295122e-01       3.087195619131e+02 
       5.058881141636e-01       3.045481840720e+02 
       5.091410989802e-01       3.004777010240e+02 
       5.123940839590e-01       2.964969812031e+02 
       5.156470690969e-01       2.925993781264e+02 
       5.189000543908e-01       2.887741196664e+02 
       5.221530398378e-01       2.850177295885e+02 
       5.254060254350e-01       2.813222483997e+02 
       5.286590111798e-01       2.776812326806e+02 
       5.319119970694e-01       2.740907996172e+02 
       5.351649831010e-01       2.705473591839e+02 
       5.384179692722e-01       2.670504977946e+02 
       5.416709555805e-01       2.636026708903e+02 
       5.449239420233e-01       2.602078159804e+02 
       5.481769285982e-01       2.568699207580e+02 
       5.514299153030e-01       2.535924112188e+02 
       5.546829021352e-01       2.503758279075e+02 
       5.579358890928e-01       2.472200210839e+02 
       5.611888761735e-01       2.441243057316e+02 
       5.644418633751e-01       2.410880048203e+02 
       5.676948506956e-01       2.381099170480e+02 
       5.709478381329e-01       2.351907194152e+02 
       5.742008256851e-01       2.323292721255e+02 
       5.774538133502e-01       2.295232715335e+02 
       5.807068011263e-01       2.267694136560e+02 
       5.839597890115e-01       2.240642650830e+02 
       5.872127770041e-01       2.214031538370e+02 
       5.904657651022e-01       2.187838020033e+02 
       5.937187533041e-01       2.162046002628e+02 
       5.969717416081e-01       2.136649223984e+02 
       6.002247300125e-01       2.111639317597e+02 
       6.034777185158e-01       2.087014382333e+02 
       6.067307071162e-01       2.062759180275e+02 
       6.099836958124e-01       2.038855210903e+02 
       6.132366846026e-01       2.015297616984e+02 
       6.164896734855e-01       1.992087814175e+02 
       6.197426624596e-01       1.969227044280e+02 
       6.229956515234e-01       1.946740268591e+02 
       6.262486406755e-01       1.924631174469e+02 
       6.295016299146e-01       1.902900918336e+02 
       6.327546192393e-01       1.881529780924e+02 
       6.360076086484e-01       1.860535369231e+02 
       6.392605981404e-01       1.839872060859e+02 
       6.425135877142e-01       1.819537134539e+02 
       6.457665773685e-01       1.799523862853e+02 
       6.490195671021e-01       1.779830561909e+02 
       6.522725569138e-01       1.760459620926e+02 
       6.555255468025e-01       1.741391395835e+02 
       6.587785367669e-01       1.722612280741e+02 
       6.620315268060e-01       1.704098932338e+02 
       6.652845169187e-01       1.685857888862e+02 
       6.685375071040e-01       1.667856993585e+02 
       6.717904973606e-01       1.650105816947e+02 
       6.750434876877e-01       1.632612517787e+02 
       6.782964780842e-01       1.615369582539e+02 
       6.815494685491e-01       1.598397614895e+02 
       6.848024590814e-01       1.581670819136e+02 
       6.880554496802e-01       1.565179521008e+02 
       6.913084403444e-01       1.548919508989e+02 
       6.945614310734e-01       1.532890519498e+02 
       6.978144218660e-01       1.517085915328e+02 
       7.010674127214e-01       1.501524082227e+02 
       7.043204036387e-01       1.486198691048e+02 
       7.075733946171e-01       1.471101454500e+02 
       7.108263856558e-01       1.456235315953e+02 
       7.140793767539e-01       1.441573232464e+02 
       7.173323679106e-01       1.427113029359e+02 
       7.205853591251e-01       1.412848109416e+02 
       7.238383503966e-01       1.398778881963e+02 
       7.270913417244e-01       1.384911783486e+02 
       7.303443331076e-01       1.371238945295e+02 
       7.335973245457e-01       1.357763166652e+02 
       7.368503160378e-01       1.344467377523e+02 
       7.401033075832e-01       1.331345302990e+02 
       7.433562991813e-01       1.318391499214e+02 
       7.466092908313e-01       1.305603283103e+02 
       7.498622825325e-01       1.292983764465e+02 
       7.531152742843e-01       1.280534735927e+02 
       7.563682660861e-01       1.268262266258e+02 
       7.596212579372e-01       1.256158872618e+02 
       7.628742498369e-01       1.244220949605e+02 
       8.334408642270e-01       1.019890518153e+02 
       9.354677303565e-01       7.845182191971e+01 
       1.097545487088e+00       5.429657316951e+01 
       1.354033651927e+00       3.319276993190e+01 
       1.702337135528e+00       1.921547339129e+01 
       2.143075889180e+00       1.097428846388e+01 
       2.697972564231e+00       6.203303931010e+00 
       3.396546221374e+00       3.467422002842e+00 
       4.275998350421e+00       1.912873200775e+00 
       5.383162984134e+00       1.037494909419e+00 
       6.777000676557e+00       5.495240785434e-01 
       8.531738367463e+00       2.810049494083e-01 
       1.074082223758e+01       1.361335178968e-01 
       1.352189405845e+01       6.068777863358e-02 
       1.702305604577e+01       2.389765128246e-02 
       2.143075784242e+01       7.861791517496e-03 
       2.697972564183e+01       2.018010546322e-03 
       3.396546221374e+01       3.713033311347e-04 
       4.275998350421e+01       4.588180549085e-05 
       5.383162984134e+01       3.598356500064e-06 
       6.777000676557e+01       1.737752101633e-07 
       8.531738367463e+01       5.768540285868e-09 
       1.074082223758e+02       2.171448276078e-10 
       1.352189405845e+02       3.756786520737e-11 
       1.702305604577e+02       2.258476484279e-11 
       2.143075784242e+02       9.669656300771e-12 
       2.697972564183e+02       2.217609221841e-12 
       3.396546221374e+02       3.055799921019e-13 
       4.275998350421e+02       2.898397225602e-14 
       5.383162984134e+02       2.062549330006e-15 
