# Matter power spectrum P(k) at redshift z=0
# for k=1.04891e-05 to 532.02 h/Mpc,
# number of wavenumbers equal to 629
#    1:k (h/Mpc)              2:P (Mpc/h)^3        
       1.048912248137e-05       4.749496620685e+01 
       2.342123619936e-05       1.031976034180e+02 
       3.639918320624e-05       1.579947291251e+02 
       4.945816035040e-05       2.124501448362e+02 
       6.263395117568e-05       2.668894174709e+02 
       7.596324752298e-05       3.215594372818e+02 
       8.948398149279e-05       3.766732584958e+02 
       1.032356722160e-04       4.324285112373e+02 
       1.172597919147e-04       4.890169183020e+02 
       1.316001557672e-04       5.466301023701e+02 
       1.463033400987e-04       6.054636435199e+02 
       1.614191333512e-04       6.657203073511e+02 
       1.770010240982e-04       7.276128284409e+02 
       1.931067299778e-04       7.913664220155e+02 
       2.097987707233e-04       8.572212826142e+02 
       2.271450873322e-04       9.254350301390e+02 
       2.452197076645e-04       9.962851470860e+02 
       2.641034561504e-04       1.070071543912e+03 
       2.838847015526e-04       1.147118982940e+03 
       3.046601315039e-04       1.227779579772e+03 
       3.265355354420e-04       1.312435178384e+03 
       3.496265681640e-04       1.401499429741e+03 
       3.740594541447e-04       1.495419529719e+03 
       3.999715777429e-04       1.594677228687e+03 
       4.275118865283e-04       1.699789147697e+03 
       4.568410147969e-04       1.811305533609e+03 
       4.881310134105e-04       1.929807512042e+03 
       5.215645531762e-04       2.055902088976e+03 
       5.573334565125e-04       2.190214454164e+03 
       5.956364123964e-04       2.333377180943e+03 
       6.366757503502e-04       2.486015857854e+03 
       6.806531987055e-04       2.648731151013e+03 
       7.277646369109e-04       2.822077496059e+03 
       7.781939722699e-04       3.006539000051e+03 
       8.321064200004e-04       3.202504152722e+03 
       8.896416214828e-04       3.410240710734e+03 
       9.509071667313e-04       3.629873462879e+03 
       1.015973154977e-03       3.861367031138e+03 
       1.084868398350e-03       4.104515964184e+03 
       1.157578733473e-03       4.358943778746e+03 
       1.234047668988e-03       4.624111413310e+03 
       1.314179308157e-03       4.899334674522e+03 
       1.397843206786e-03       5.183808623520e+03 
       1.484880617604e-03       5.476636730008e+03 
       1.575111470776e-03       5.776862195496e+03 
       1.668341452452e-03       6.083497348898e+03 
       1.764368646639e-03       6.395551020366e+03 
       1.862989361259e-03       6.712052510147e+03 
       1.964002926714e-03       7.032068842666e+03 
       2.067215403438e-03       7.354718534095e+03 
       2.172442246887e-03       7.679182243132e+03 
       2.279510049666e-03       8.004705984414e+03 
       2.388257515636e-03       8.330604508418e+03 
       2.498535828573e-03       8.656260891539e+03 
       2.610208567678e-03       8.981122840652e+03 
       2.723151302248e-03       9.304698915884e+03 
       2.837250974067e-03       9.626556328024e+03 
       2.952405152546e-03       9.946311773732e+03 
       3.068521226492e-03       1.026363460063e+04 
       3.185515578606e-03       1.057823033227e+04 
       3.303312774527e-03       1.088984620078e+04 
       3.421844787254e-03       1.119826308918e+04 
       3.541050269525e-03       1.150329026916e+04 
       3.660873880808e-03       1.180476846519e+04 
       3.781265671383e-03       1.210255712382e+04 
       3.902180523163e-03       1.239654006199e+04 
       4.023577645105e-03       1.268662075017e+04 
       4.145420119949e-03       1.297271596138e+04 
       4.267674498448e-03       1.325476709970e+04 
       4.390310437005e-03       1.353271656150e+04 
       4.513300374638e-03       1.380652746657e+04 
       4.636619245336e-03       1.407616800200e+04 
       4.760244222099e-03       1.434160982365e+04 
       4.884154489232e-03       1.460284519763e+04 
       5.008331039776e-03       1.485987089762e+04 
       5.132756495244e-03       1.511273330856e+04 
       5.257414945123e-03       1.536134313299e+04 
       5.382291803889e-03       1.560573677088e+04 
       5.507373683515e-03       1.584600542106e+04 
       5.632648279690e-03       1.608203002905e+04 
       5.758104270174e-03       1.631398338040e+04 
       5.883731223895e-03       1.654178427104e+04 
       6.009519519568e-03       1.676546718410e+04 
       6.135460272745e-03       1.698503664117e+04 
       6.261545270346e-03       1.720060720763e+04 
       6.387766911840e-03       1.741212813554e+04 
       6.514118156321e-03       1.761967687963e+04 
       6.640592474845e-03       1.782325176259e+04 
       6.767183807437e-03       1.802293221220e+04 
       6.893886524273e-03       1.821872784339e+04 
       7.020695390583e-03       1.841066449648e+04 
       7.147605534881e-03       1.859877333504e+04 
       7.274612420168e-03       1.878312740441e+04 
       7.401711817808e-03       1.896373033142e+04 
       7.528899783790e-03       1.914063183955e+04 
       7.656172637135e-03       1.931386875028e+04 
       7.783526940241e-03       1.948346994237e+04 
       7.910959480962e-03       1.964948750162e+04 
       8.038467256249e-03       1.981194967201e+04 
       8.166047457212e-03       1.997089612535e+04 
       8.293697455452e-03       2.012635900324e+04 
       8.421414790551e-03       2.027839277177e+04 
       8.549197158609e-03       2.042702722624e+04 
       8.677042401725e-03       2.057229620488e+04 
       8.804948498338e-03       2.071424725833e+04 
       8.932913554355e-03       2.085290469287e+04 
       9.060935794986e-03       2.098831173734e+04 
       9.189013557228e-03       2.112051361157e+04 
       9.317145282935e-03       2.124953083771e+04 
       9.445329512434e-03       2.137541089409e+04 
       9.573564878630e-03       2.149818741303e+04 
       9.701850101557e-03       2.161788507953e+04 
       9.830183983348e-03       2.173455027506e+04 
       9.958565403580e-03       2.184821594301e+04 
       1.008699331496e-02       2.195890542040e+04 
       1.021546673934e-02       2.206666450442e+04 
       1.034398476403e-02       2.217152404062e+04 
       1.047254653832e-02       2.227351421052e+04 
       1.060115127038e-02       2.237267715169e+04 
       1.072979822423e-02       2.246903682622e+04 
       1.085848671704e-02       2.256262653097e+04 
       1.098721611658e-02       2.265348103411e+04 
       1.111598583885e-02       2.274163120737e+04 
       1.124479534586e-02       2.282710963143e+04 
       1.137364414362e-02       2.290994817759e+04 
       1.150253178023e-02       2.299017298630e+04 
       1.163145784407e-02       2.306781904727e+04 
       1.176042196223e-02       2.314291119293e+04 
       1.188942379890e-02       2.321549311000e+04 
       1.201846305400e-02       2.328557576768e+04 
       1.214753946186e-02       2.335320962443e+04 
       1.227665278994e-02       2.341840609149e+04 
       1.240580283773e-02       2.348120128106e+04 
       1.253498943568e-02       2.354163062281e+04 
       1.266421244420e-02       2.359971427174e+04 
       1.279347175276e-02       2.365548141182e+04 
       1.292276727903e-02       2.370896890354e+04 
       1.305209896810e-02       2.376019328151e+04 
       1.318146679175e-02       2.380919902370e+04 
       1.331087074778e-02       2.385599603014e+04 
       1.344031085940e-02       2.390060643146e+04 
       1.356978717462e-02       2.394308058795e+04 
       1.369929976579e-02       2.398342082062e+04 
       1.382884872907e-02       2.402165930121e+04 
       1.395843418399e-02       2.405783532966e+04 
       1.408805627308e-02       2.409196584918e+04 
       1.421771516150e-02       2.412407115146e+04 
       1.434741103670e-02       2.415418430585e+04 
       1.447714410812e-02       2.418231896136e+04 
       1.460691460696e-02       2.420851906506e+04 
       1.473672278592e-02       2.423280680372e+04 
       1.486656891901e-02       2.425518352072e+04 
       1.499645330138e-02       2.427569673875e+04 
       1.512637624917e-02       2.429437783202e+04 
       1.525633809940e-02       2.431121725007e+04 
       1.538633920983e-02       2.432627022141e+04 
       1.551637995896e-02       2.433954402048e+04 
       1.564646074592e-02       2.435107704156e+04 
       1.577658199048e-02       2.436086737773e+04 
       1.590674413301e-02       2.436895849037e+04 
       1.603694763454e-02       2.437535987723e+04 
       1.616719297677e-02       2.438011163469e+04 
       1.629748066212e-02       2.438322017641e+04 
       1.642781121382e-02       2.438472844555e+04 
       1.655818517599e-02       2.438462639273e+04 
       1.668860311379e-02       2.438296185226e+04 
       1.681906561350e-02       2.437976253142e+04 
       1.694957328269e-02       2.437501793991e+04 
       1.708012675041e-02       2.436877238267e+04 
       1.721072666733e-02       2.436103397132e+04 
       1.734137370599e-02       2.435185907752e+04 
       1.747206856098e-02       2.434122577213e+04 
       1.760281194917e-02       2.432918136809e+04 
       1.773360461002e-02       2.431572139385e+04 
       1.786444730576e-02       2.430090346375e+04 
       1.799534082177e-02       2.428471133034e+04 
       1.812628596680e-02       2.426718668644e+04 
       1.825728357333e-02       2.424833767807e+04 
       1.838833449792e-02       2.422817905751e+04 
       1.851943962151e-02       2.420675082393e+04 
       1.865059984984e-02       2.418406810432e+04 
       1.878181611380e-02       2.416014376752e+04 
       1.891308936985e-02       2.413499370810e+04 
       1.904442060045e-02       2.410865445117e+04 
       1.917581081446e-02       2.408112284558e+04 
       1.930726104763e-02       2.405242063278e+04 
       1.943877236307e-02       2.402262064374e+04 
       1.957034585172e-02       2.399161895200e+04 
       1.970198263288e-02       2.395954562909e+04 
       1.983368385471e-02       2.392642270464e+04 
       1.996545069483e-02       2.389218735813e+04 
       2.009728436082e-02       2.385687994727e+04 
       2.022918609086e-02       2.382058073364e+04 
       2.036115715430e-02       2.378323657985e+04 
       2.049319885230e-02       2.374491091738e+04 
       2.062531251851e-02       2.370558436945e+04 
       2.075749951966e-02       2.366528028627e+04 
       2.088976125635e-02       2.362410531459e+04 
       2.102209916367e-02       2.358191985071e+04 
       2.115451471202e-02       2.353883173843e+04 
       2.128700940780e-02       2.349485924869e+04 
       2.141958479424e-02       2.344998532789e+04 
       2.155224245220e-02       2.340430009518e+04 
       2.168498400100e-02       2.335771032308e+04 
       2.181781109928e-02       2.331032026595e+04 
       2.195072544591e-02       2.326208860629e+04 
       2.208372878086e-02       2.321308801449e+04 
       2.221682288620e-02       2.316328095875e+04 
       2.235000958705e-02       2.311272646477e+04 
       2.248329075258e-02       2.306144841829e+04 
       2.261666829706e-02       2.300938653971e+04 
       2.275014418092e-02       2.295662476088e+04 
       2.288372041187e-02       2.290310631558e+04 
       2.301739904601e-02       2.284894171754e+04 
       2.315118218903e-02       2.279408398074e+04 
       2.328507199739e-02       2.273854322101e+04 
       2.341907067962e-02       2.268235417352e+04 
       2.355318049755e-02       2.262557700616e+04 
       2.368740376766e-02       2.256819352426e+04 
       2.382174286246e-02       2.251016295521e+04 
       2.395620021191e-02       2.245154840348e+04 
       2.409077830484e-02       2.239233394163e+04 
       2.422547969050e-02       2.233260946523e+04 
       2.436030698007e-02       2.227225971339e+04 
       2.449526284832e-02       2.221137648475e+04 
       2.463035003522e-02       2.215002381056e+04 
       2.476557134764e-02       2.208814762772e+04 
       2.490092966116e-02       2.202575898706e+04 
       2.503642792188e-02       2.196287475500e+04 
       2.517206914826e-02       2.189951363698e+04 
       2.530785643314e-02       2.183572533971e+04 
       2.544379294567e-02       2.177152078005e+04 
       2.557988193345e-02       2.170673979051e+04 
       2.571612672464e-02       2.164167498246e+04 
       2.585253073020e-02       2.157614134364e+04 
       2.598909744618e-02       2.151022354400e+04 
       2.612583045608e-02       2.144390622934e+04 
       2.626273343333e-02       2.137721229147e+04 
       2.639981014381e-02       2.131016251325e+04 
       2.653706444848e-02       2.124276659708e+04 
       2.667450030612e-02       2.117505040145e+04 
       2.681212177612e-02       2.110690432493e+04 
       2.694993302142e-02       2.103848671222e+04 
       2.708793831151e-02       2.096972137453e+04 
       2.722614202558e-02       2.090072425506e+04 
       2.736454865576e-02       2.083143220109e+04 
       2.750316281045e-02       2.076176616905e+04 
       2.764198921785e-02       2.069193026149e+04 
       2.778103272954e-02       2.062179341092e+04 
       2.792029832426e-02       2.055139985311e+04 
       2.805979111176e-02       2.048078463208e+04 
       2.819951633684e-02       2.040990760234e+04 
       2.833947938359e-02       2.033881824138e+04 
       2.847968577967e-02       2.026757456672e+04 
       2.862014120087e-02       2.019601487053e+04 
       2.876085147580e-02       2.012434346425e+04 
       2.890182259073e-02       2.005250682365e+04 
       2.904306069473e-02       1.998043171514e+04 
       2.918457210486e-02       1.990816703136e+04 
       2.932636331172e-02       1.983576812008e+04 
       2.946844098511e-02       1.976322323879e+04 
       2.961081198000e-02       1.969053261405e+04 
       2.975348334269e-02       1.961774155081e+04 
       2.989646231727e-02       1.954475015214e+04 
       3.003975635231e-02       1.947165144220e+04 
       3.018337310783e-02       1.939839786055e+04 
       3.032732046266e-02       1.932519057936e+04 
       3.047160652196e-02       1.925171397556e+04 
       3.061623962520e-02       1.917824180657e+04 
       3.076122835440e-02       1.910465552116e+04 
       3.090658154282e-02       1.903094901327e+04 
       3.105230828391e-02       1.895721711620e+04 
       3.119841794082e-02       1.888341659918e+04 
       3.134492015618e-02       1.880951281899e+04 
       3.149182486247e-02       1.873557932474e+04 
       3.163914229272e-02       1.866156761218e+04 
       3.178688299188e-02       1.858751785437e+04 
       3.193505782854e-02       1.851347994916e+04 
       3.208367800736e-02       1.843941821313e+04 
       3.223275508200e-02       1.836532292027e+04 
       3.238230096869e-02       1.829112606441e+04 
       3.253232796053e-02       1.821696906133e+04 
       3.268284874235e-02       1.814277841977e+04 
       3.283387640649e-02       1.806851719305e+04 
       3.298542446919e-02       1.799437248538e+04 
       3.313750688799e-02       1.792014494026e+04 
       3.329013807983e-02       1.784599262003e+04 
       3.344333294028e-02       1.777178952927e+04 
       3.359710686361e-02       1.769760444730e+04 
       3.375147576403e-02       1.762346005660e+04 
       3.390645609800e-02       1.754931648439e+04 
       3.406206488781e-02       1.747519464016e+04 
       3.421831974633e-02       1.740116905458e+04 
       3.437523890327e-02       1.732711094251e+04 
       3.453284123279e-02       1.725304000891e+04 
       3.469114628272e-02       1.717908688916e+04 
       3.485017430541e-02       1.710516523772e+04 
       3.500994629039e-02       1.703125711057e+04 
       3.517048399892e-02       1.695734521877e+04 
       3.533181000057e-02       1.688359760078e+04 
       3.549394771199e-02       1.680980812983e+04 
       3.565692143800e-02       1.673608109471e+04 
       3.582075641520e-02       1.666241401762e+04 
       3.598547885832e-02       1.658877218380e+04 
       3.615111600936e-02       1.651521197199e+04 
       3.631769618991e-02       1.644166828759e+04 
       3.648524885689e-02       1.636825807461e+04 
       3.665380466172e-02       1.629483889004e+04 
       3.682339551359e-02       1.622150521455e+04 
       3.699405464676e-02       1.614823825946e+04 
       3.716581669254e-02       1.607504774834e+04 
       3.733871775610e-02       1.600186295164e+04 
       3.751279549861e-02       1.592875014723e+04 
       3.768808922517e-02       1.585573155592e+04 
       3.786463997897e-02       1.578269406588e+04 
       3.804249064228e-02       1.570978208002e+04 
       3.822168604474e-02       1.563689472021e+04 
       3.840227307977e-02       1.556404421521e+04 
       3.858430082968e-02       1.549124310506e+04 
       3.876782070038e-02       1.541851433901e+04 
       3.895288656644e-02       1.534583190271e+04 
       3.913955492766e-02       1.527320744770e+04 
       3.932788507802e-02       1.520060677152e+04 
       3.951793928845e-02       1.512800246734e+04 
       3.970978300452e-02       1.505548442118e+04 
       3.990348506075e-02       1.498295757655e+04 
       4.009911791307e-02       1.491052131594e+04 
       4.029675789136e-02       1.483806404243e+04 
       4.049648547421e-02       1.476562738769e+04 
       4.069838558811e-02       1.469322433430e+04 
       4.090254793390e-02       1.462081884991e+04 
       4.110906734327e-02       1.454840792085e+04 
       4.131804416884e-02       1.447598589261e+04 
       4.152958471151e-02       1.440363357116e+04 
       4.174380168947e-02       1.433121031897e+04 
       4.196081475369e-02       1.425872876771e+04 
       4.218075105554e-02       1.418626052951e+04 
       4.240374587290e-02       1.411374363302e+04 
       4.262994330194e-02       1.404115674221e+04 
       4.285949702306e-02       1.396853359725e+04 
       4.309257115046e-02       1.389586796832e+04 
       4.332934117635e-02       1.382302668698e+04 
       4.356999502276e-02       1.375013945448e+04 
       4.381473421544e-02       1.367720066223e+04 
       4.406377519719e-02       1.360410697137e+04 
       4.431735080054e-02       1.353083267423e+04 
       4.457571190313e-02       1.345744565212e+04 
       4.483912929314e-02       1.338392295828e+04 
       4.510789577685e-02       1.331015391651e+04 
       4.538232856649e-02       1.323621408863e+04 
       4.566277199294e-02       1.316205840485e+04 
       4.594960059693e-02       1.308764927859e+04 
       4.624322266207e-02       1.301294588773e+04 
       4.654408426593e-02       1.293795400435e+04 
       4.685267394042e-02       1.286260558010e+04 
       4.716952805181e-02       1.278691858840e+04 
       4.749523703370e-02       1.271085029276e+04 
       4.783045263525e-02       1.263433544019e+04 
       4.817589638290e-02       1.255733024887e+04 
       4.853236949847e-02       1.247975192678e+04 
       4.890076457318e-02       1.240166098155e+04 
       4.928207936786e-02       1.232290112082e+04 
       4.967743319962e-02       1.224345817625e+04 
       5.008808648913e-02       1.216322957691e+04 
       5.051546418775e-02       1.208207874198e+04 
       5.096118398843e-02       1.200002466731e+04 
       5.142709046009e-02       1.191688938914e+04 
       5.191529654462e-02       1.183250601261e+04 
       5.242823423578e-02       1.174677365074e+04 
       5.296871673537e-02       1.165950606816e+04 
       5.354001496989e-02       1.157049015969e+04 
       5.414595205371e-02       1.147943132231e+04 
       5.479102008018e-02       1.138599640601e+04 
       5.548052442236e-02       1.128983554017e+04 
       5.622076131054e-02       1.119039029933e+04 
       5.701923432925e-02       1.108697789581e+04 
       5.788491361898e-02       1.097880478824e+04 
       5.882853596168e-02       1.086472829087e+04 
       5.986293082277e-02       1.074326109545e+04 
       6.100333032255e-02       1.061242921097e+04 
       6.226757010570e-02       1.046948421279e+04 
       6.367600179093e-02       1.031089646595e+04 
       6.525081416935e-02       1.013189419020e+04 
       6.701433867260e-02       9.926445039472e+03 
       6.898593345330e-02       9.687462698757e+03 
       7.117747116340e-02       9.407592538371e+03 
       7.358851604928e-02       9.080973179058e+03 
       7.620353644715e-02       8.705721834781e+03 
       7.899349890362e-02       8.286124160586e+03 
       8.192185829806e-02       7.833312716160e+03 
       8.495199202706e-02       7.363838674953e+03 
       8.805263185265e-02       6.896608177350e+03 
       9.119997912966e-02       6.449773751113e+03 
       9.437731464311e-02       6.038247900949e+03 
       9.757350760253e-02       5.672330277994e+03 
       1.007814021727e-01       5.357339122655e+03 
       1.039964987578e-01       5.093908710168e+03 
       1.072160067659e-01       4.878747929286e+03 
       1.104382100919e-01       4.705522034744e+03 
       1.136620587747e-01       4.565792200640e+03 
       1.168869123387e-01       4.449954590525e+03 
       1.201123807333e-01       4.348106370678e+03 
       1.233382265867e-01       4.250957796952e+03 
       1.265643054443e-01       4.150538526274e+03 
       1.297905293427e-01       4.040984592395e+03 
       1.330168446476e-01       3.918817273787e+03 
       1.362432185846e-01       3.783163167452e+03 
       1.394696310577e-01       3.635479903034e+03 
       1.426960696818e-01       3.479141844943e+03 
       1.459225267660e-01       3.318711429870e+03 
       1.491489974818e-01       3.159272184076e+03 
       1.523754787507e-01       3.005757162205e+03 
       1.556019685674e-01       2.862403073671e+03 
       1.588284655884e-01       2.732375980926e+03 
       1.620549688817e-01       2.617615568131e+03 
       1.652814777735e-01       2.518763517586e+03 
       1.685079917549e-01       2.435280143680e+03 
       1.717345104241e-01       2.365621269412e+03 
       1.749610334513e-01       2.307470581249e+03 
       1.781875605560e-01       2.258014914237e+03 
       1.814140914935e-01       2.214234702259e+03 
       1.846406260457e-01       2.173459535136e+03 
       1.878671640156e-01       2.133020709353e+03 
       1.910937052229e-01       2.090343067147e+03 
       1.943202495014e-01       2.043880728834e+03 
       1.975467966975e-01       1.992873144312e+03 
       2.007733466680e-01       1.937379675905e+03 
       2.039998992795e-01       1.878126092396e+03 
       2.072264544073e-01       1.816397021324e+03 
       2.104530119343e-01       1.753763612228e+03 
       2.136795717510e-01       1.691813881056e+03 
       2.169061337543e-01       1.632056075377e+03 
       2.201326978473e-01       1.575705668043e+03 
       2.233592639388e-01       1.523674992095e+03 
       2.265858319427e-01       1.476516437374e+03 
       2.298124017779e-01       1.434435281687e+03 
       2.330389733679e-01       1.397316828911e+03 
       2.362655466402e-01       1.364721357108e+03 
       2.394921215263e-01       1.335974961418e+03 
       2.427186979616e-01       1.310214127818e+03 
       2.459452758846e-01       1.286485583427e+03 
       2.491718552372e-01       1.263846084058e+03 
       2.523984359641e-01       1.241448283391e+03 
       2.556250180131e-01       1.218602295415e+03 
       2.588516013344e-01       1.194844018836e+03 
       2.620781858806e-01       1.169925786668e+03 
       2.653047716069e-01       1.143809694296e+03 
       2.685313584705e-01       1.116653476052e+03 
       2.717579464305e-01       1.088761175866e+03 
       2.749845354482e-01       1.060555072062e+03 
       2.782111254866e-01       1.032521464576e+03 
       2.814377165103e-01       1.005158850251e+03 
       2.846643084857e-01       9.789142861360e+02 
       2.878909013806e-01       9.541463173478e+02 
       2.911174951643e-01       9.310794998404e+02 
       2.943440898073e-01       9.098055997768e+02 
       2.975706852815e-01       8.902883772144e+02 
       3.007972815602e-01       8.723838474872e+02 
       3.040238786174e-01       8.558776649065e+02 
       3.072504764286e-01       8.405039513481e+02 
       3.104770749702e-01       8.259803397824e+02 
       3.137036742194e-01       8.120203379802e+02 
       3.169302741545e-01       7.983551346654e+02 
       3.201568747548e-01       7.847546481464e+02 
       3.233834760002e-01       7.710397458750e+02 
       3.266100778715e-01       7.571037682702e+02 
       3.298366803503e-01       7.429089458787e+02 
       3.330632834187e-01       7.284908265954e+02 
       3.362898870598e-01       7.139425105301e+02 
       3.395164912571e-01       6.993865010929e+02 
       3.427430959948e-01       6.849667279946e+02 
       3.459697012579e-01       6.708216380389e+02 
       3.491963070315e-01       6.570771164360e+02 
       3.524229133018e-01       6.438398652329e+02 
       3.556495200549e-01       6.311835586029e+02 
       3.588761272780e-01       6.191631109684e+02 
       3.621027349584e-01       6.077924766923e+02 
       3.653293430838e-01       5.970482097928e+02 
       3.685559516426e-01       5.868766622932e+02 
       3.717825606235e-01       5.771952273832e+02 
       3.750091700154e-01       5.679057305805e+02 
       3.782357798079e-01       5.589100394110e+02 
       3.814623899906e-01       5.501170288249e+02 
       3.846890005538e-01       5.414558603897e+02 
       3.879156114880e-01       5.328703190239e+02 
       3.911422227838e-01       5.243284520539e+02 
       3.943688344325e-01       5.158128987283e+02 
       3.975954464253e-01       5.073172515008e+02 
       4.008220587539e-01       4.988564968532e+02 
       4.040486714103e-01       4.904509912676e+02 
       4.072752843866e-01       4.821401827394e+02 
       4.105018976752e-01       4.739628260145e+02 
       4.137285112689e-01       4.659599639763e+02 
       4.169551251605e-01       4.581660696464e+02 
       4.201817393430e-01       4.506063076459e+02 
       4.234083538100e-01       4.432922409970e+02 
       4.266349685548e-01       4.362266270103e+02 
       4.298615835711e-01       4.294026787397e+02 
       4.330881988530e-01       4.228104788385e+02 
       4.363148143944e-01       4.164364039315e+02 
       4.395414301897e-01       4.102620171019e+02 
       4.427680462332e-01       4.042655251503e+02 
       4.459946625197e-01       3.984215791803e+02 
       4.492212790437e-01       3.927021970116e+02 
       4.524478958002e-01       3.870822651170e+02 
       4.556745127843e-01       3.815410678764e+02 
       4.589011299911e-01       3.760634363952e+02 
       4.621277474160e-01       3.706444597886e+02 
       4.653543650544e-01       3.652834117132e+02 
       4.685809829018e-01       3.599836096484e+02 
       4.718076009541e-01       3.547527425707e+02 
       4.750342192069e-01       3.495946392132e+02 
       4.782608376562e-01       3.445189253762e+02 
       4.814874562981e-01       3.395345806367e+02 
       4.847140751287e-01       3.346524671643e+02 
       4.879406941442e-01       3.298833325683e+02 
       4.911673133410e-01       3.252330019761e+02 
       4.943939327155e-01       3.207091533801e+02 
       4.976205522642e-01       3.163071168651e+02 
       5.008471719839e-01       3.120215536831e+02 
       5.040737918711e-01       3.078414550478e+02 
       5.073004119226e-01       3.037568054086e+02 
       5.105270321355e-01       2.997594098844e+02 
       5.137536525065e-01       2.958389498244e+02 
       5.169802730327e-01       2.919895468066e+02 
       5.202068937113e-01       2.882026296659e+02 
       5.234335145394e-01       2.844739773760e+02 
       5.266601355142e-01       2.807975849453e+02 
       5.298867566331e-01       2.771685698610e+02 
       5.331133778934e-01       2.735857752841e+02 
       5.363399992926e-01       2.700528438497e+02 
       5.395666208282e-01       2.665715204787e+02 
       5.427932424977e-01       2.631472120719e+02 
       5.460198642988e-01       2.597833353530e+02 
       5.492464862291e-01       2.564819591516e+02 
       5.524731082863e-01       2.532424040023e+02 
       5.556997304683e-01       2.500651631619e+02 
       5.589263527729e-01       2.469490607616e+02 
       5.621529751979e-01       2.438926643283e+02 
       5.653795977413e-01       2.408975674550e+02 
       5.686062204011e-01       2.379618869910e+02 
       5.718328431753e-01       2.350826168571e+02 
       5.750594660619e-01       2.322592499369e+02 
       5.782860890592e-01       2.294864922578e+02 
       5.815127121651e-01       2.267591506878e+02 
       5.847393353780e-01       2.240754971601e+02 
       5.879659586960e-01       2.214323581038e+02 
       5.911925821175e-01       2.188298512723e+02 
       5.944192056407e-01       2.162673554557e+02 
       5.976458292639e-01       2.137437481288e+02 
       6.008724529857e-01       2.112581375331e+02 
       6.040990768044e-01       2.088089208897e+02 
       6.073257007184e-01       2.063947462416e+02 
       6.105523247262e-01       2.040155602206e+02 
       6.137789488264e-01       2.016726442804e+02 
       6.170055730175e-01       1.993667095286e+02 
       6.202321972980e-01       1.970986677157e+02 
       6.234588216666e-01       1.948698954311e+02 
       6.266854461219e-01       1.926792216161e+02 
       6.299120706626e-01       1.905260913435e+02 
       6.331386952874e-01       1.884074446750e+02 
       6.363653199950e-01       1.863239842908e+02 
       6.395919447841e-01       1.842725667536e+02 
       6.428185696535e-01       1.822541793253e+02 
       6.460451946019e-01       1.802683520795e+02 
       6.492718196283e-01       1.783142174412e+02 
       6.524984447315e-01       1.763897672746e+02 
       6.557250699103e-01       1.744941650154e+02 
       6.589516951635e-01       1.726241486114e+02 
       6.621783204902e-01       1.707803666108e+02 
       6.654049458892e-01       1.689626607212e+02 
       6.686315713595e-01       1.671697292929e+02 
       6.718581969001e-01       1.654039741410e+02 
       6.750848225099e-01       1.636632937950e+02 
       6.783114481880e-01       1.619494626512e+02 
       6.815380739334e-01       1.602593937319e+02 
       6.847646997451e-01       1.585942811555e+02 
       6.879913256222e-01       1.569511335858e+02 
       6.912179515638e-01       1.553322731853e+02 
       6.944445775690e-01       1.537372765796e+02 
       6.976712036369e-01       1.521667270620e+02 
       7.008978297666e-01       1.506200429849e+02 
       7.041244559573e-01       1.490956672280e+02 
       7.073510822081e-01       1.475944660702e+02 
       7.105777085182e-01       1.461132890617e+02 
       7.138043348869e-01       1.446520245399e+02 
       7.170309613133e-01       1.432109580821e+02 
       7.202575877966e-01       1.417900931199e+02 
       7.234842143361e-01       1.403893498082e+02 
       7.267108409310e-01       1.390080900611e+02 
       7.299374675807e-01       1.376466002950e+02 
       7.331640942843e-01       1.363026405260e+02 
       7.363907210411e-01       1.349760093871e+02 
       7.396173478506e-01       1.336662065426e+02 
       7.428439747119e-01       1.323738297831e+02 
       7.460706016244e-01       1.310984975611e+02 
       7.492972285874e-01       1.298413052057e+02 
       7.525238556003e-01       1.286011679677e+02 
       7.557504826625e-01       1.273786923009e+02 
       8.253928078611e-01       1.045054730922e+02 
       9.259282489853e-01       8.051116887675e+01 
       1.085451701243e+00       5.585754924076e+01 
       1.338300104510e+00       3.423193913858e+01 
       1.682427625377e+00       1.985798739944e+01 
       2.118008522180e+00       1.137770964551e+01 
       2.666414605589e+00       6.465048893535e+00 
       3.356817105286e+00       3.646267532210e+00 
       4.225982356590e+00       2.042476008486e+00 
       5.320196578505e+00       1.136906434689e+00 
       6.697730668420e+00       6.291021943673e-01 
       8.431943339827e+00       3.461925802843e-01 
       1.061518774132e+01       1.894332271623e-01 
       1.336372959851e+01       1.030767998393e-01 
       1.682393878791e+01       5.571151433492e-02 
       2.118008406657e+01       2.988200972778e-02 
       2.666414605534e+01       1.588624703064e-02 
       3.356817105286e+01       8.319752569464e-03 
       4.225982356590e+01       4.268593616031e-03 
       5.320196578505e+01       2.121103442736e-03 
       6.697730668420e+01       1.002258165261e-03 
       8.431943339827e+01       4.385268220798e-04 
       1.061518774132e+02       1.694416178631e-04 
       1.336372959851e+02       5.508738066103e-05 
       1.682393878791e+02       1.419931619302e-05 
       2.118008406657e+02       2.634338539670e-06 
       2.666414605534e+02       2.903473144463e-07 
       3.356817105286e+02       2.150598250645e-08 
       4.225982356590e+02       1.164645632251e-09 
       5.320196578505e+02       2.217591060587e-11 
