# Matter power spectrum P(k) at redshift z=0
# for k=1.04891e-05 to 532.02 h/Mpc,
# number of wavenumbers equal to 629
#    1:k (h/Mpc)              2:P (Mpc/h)^3        
       1.048912248137e-05       4.733709413720e+01 
       2.342123619936e-05       1.028545883368e+02 
       3.639918320624e-05       1.574696058343e+02 
       4.945816035040e-05       2.117440877652e+02 
       6.263395117568e-05       2.660025331653e+02 
       7.596324752298e-05       3.204910268770e+02 
       8.948398149279e-05       3.754219309820e+02 
       1.032356722160e-04       4.309922372121e+02 
       1.172597919147e-04       4.873930508202e+02 
       1.316001557672e-04       5.448153802046e+02 
       1.463033400987e-04       6.034541807885e+02 
       1.614191333512e-04       6.635115731943e+02 
       1.770010240982e-04       7.251996179783e+02 
       1.931067299778e-04       7.887428194572e+02 
       2.097987707233e-04       8.543806169434e+02 
       2.271450873322e-04       9.223698234241e+02 
       2.452197076645e-04       9.929870553134e+02 
       2.641034561504e-04       1.066531290016e+03 
       2.838847015526e-04       1.143326282341e+03 
       3.046601315039e-04       1.223723057699e+03 
       3.265355354420e-04       1.308102279600e+03 
       3.496265681640e-04       1.396876319405e+03 
       3.740594541447e-04       1.490490986780e+03 
       3.999715777429e-04       1.589426532376e+03 
       4.275118865283e-04       1.694197954381e+03 
       4.568410147969e-04       1.805353749264e+03 
       4.881310134105e-04       1.923473156048e+03 
       5.215645531762e-04       2.049161153519e+03 
       5.573334565125e-04       2.183040758363e+03 
       5.956364123964e-04       2.325742213855e+03 
       6.366757503502e-04       2.477888630714e+03 
       6.806531987055e-04       2.640078036338e+03 
       7.277646369109e-04       2.812862062150e+03 
       7.781939722699e-04       2.996721878195e+03 
       8.321064200004e-04       3.192042901166e+03 
       8.896416214828e-04       3.399089738681e+03 
       9.509071667313e-04       3.617984017126e+03 
       1.015973154977e-03       3.848687294710e+03 
       1.084868398350e-03       4.090991289800e+03 
       1.157578733473e-03       4.344517102897e+03 
       1.234047668988e-03       4.608723839441e+03 
       1.314179308157e-03       4.882926250033e+03 
       1.397843206786e-03       5.166319298295e+03 
       1.484880617604e-03       5.458007342274e+03 
       1.575111470776e-03       5.757035573512e+03 
       1.668341452452e-03       6.062419312207e+03 
       1.764368646639e-03       6.373171275354e+03 
       1.862989361259e-03       6.688325271762e+03 
       1.964002926714e-03       7.006953193271e+03 
       2.067215403438e-03       7.328178485602e+03 
       2.172442246887e-03       7.651186476838e+03 
       2.279510049666e-03       7.975227316976e+03 
       2.388257515636e-03       8.299619310901e+03 
       2.498535828573e-03       8.623748434264e+03 
       2.610208567678e-03       8.947064669563e+03 
       2.723151302248e-03       9.269078396855e+03 
       2.837250974067e-03       9.589358304356e+03 
       2.952405152546e-03       9.907522529198e+03 
       3.068521226492e-03       1.022324184623e+04 
       3.185515578606e-03       1.053622349951e+04 
       3.303312774527e-03       1.084621668633e+04 
       3.421844787254e-03       1.115300446661e+04 
       3.541050269525e-03       1.145639860816e+04 
       3.660873880808e-03       1.175624222581e+04 
       3.781265671383e-03       1.205239724217e+04 
       3.902180523163e-03       1.234474965807e+04 
       4.023577645105e-03       1.263320475270e+04 
       4.145420119949e-03       1.291768078118e+04 
       4.267674498448e-03       1.319812016356e+04 
       4.390310437005e-03       1.347446592866e+04 
       4.513300374638e-03       1.374668155328e+04 
       4.636619245336e-03       1.401473559279e+04 
       4.760244222099e-03       1.427859994328e+04 
       4.884154489232e-03       1.453826725992e+04 
       5.008331039776e-03       1.479373478684e+04 
       5.132756495244e-03       1.504504950363e+04 
       5.257414945123e-03       1.529212368186e+04 
       5.382291803889e-03       1.553499472924e+04 
       5.507373683515e-03       1.577375468400e+04 
       5.632648279690e-03       1.600828659180e+04 
       5.758104270174e-03       1.623876351115e+04 
       5.883731223895e-03       1.646510566783e+04 
       6.009519519568e-03       1.668734828370e+04 
       6.135460272745e-03       1.690549659973e+04 
       6.261545270346e-03       1.711966480576e+04 
       6.387766911840e-03       1.732980300675e+04 
       6.514118156321e-03       1.753598857286e+04 
       6.640592474845e-03       1.773822000723e+04 
       6.767183807437e-03       1.793657680393e+04 
       6.893886524273e-03       1.813106923152e+04 
       7.020695390583e-03       1.832172368974e+04 
       7.147605534881e-03       1.850857222137e+04 
       7.274612420168e-03       1.869168847058e+04 
       7.401711817808e-03       1.887107719014e+04 
       7.528899783790e-03       1.904678902528e+04 
       7.656172637135e-03       1.921886154129e+04 
       7.783526940241e-03       1.938732459329e+04 
       7.910959480962e-03       1.955223056178e+04 
       8.038467256249e-03       1.971360811231e+04 
       8.166047457212e-03       1.987149714790e+04 
       8.293697455452e-03       2.002592991909e+04 
       8.421414790551e-03       2.017696055298e+04 
       8.549197158609e-03       2.032461878127e+04 
       8.677042401725e-03       2.046893860332e+04 
       8.804948498338e-03       2.060996669941e+04 
       8.932913554355e-03       2.074772809564e+04 
       9.060935794986e-03       2.088226548241e+04 
       9.189013557228e-03       2.101362429368e+04 
       9.317145282935e-03       2.114182527899e+04 
       9.445329512434e-03       2.126691574200e+04 
       9.573564878630e-03       2.138892942716e+04 
       9.701850101557e-03       2.150789170361e+04 
       9.830183983348e-03       2.162384845417e+04 
       9.958565403580e-03       2.173683281144e+04 
       1.008699331496e-02       2.184686843222e+04 
       1.021546673934e-02       2.195400077235e+04 
       1.034398476403e-02       2.205826080466e+04 
       1.047254653832e-02       2.215967894993e+04 
       1.060115127038e-02       2.225829710263e+04 
       1.072979822423e-02       2.235413936159e+04 
       1.085848671704e-02       2.244723946303e+04 
       1.098721611658e-02       2.253763214124e+04 
       1.111598583885e-02       2.262534837948e+04 
       1.124479534586e-02       2.271042066005e+04 
       1.137364414362e-02       2.279288117146e+04 
       1.150253178023e-02       2.287275626488e+04 
       1.163145784407e-02       2.295008035962e+04 
       1.176042196223e-02       2.302487848174e+04 
       1.188942379890e-02       2.309719363845e+04 
       1.201846305400e-02       2.316703723042e+04 
       1.214753946186e-02       2.323445867291e+04 
       1.227665278994e-02       2.329946974907e+04 
       1.240580283773e-02       2.336210595321e+04 
       1.253498943568e-02       2.342240227946e+04 
       1.266421244420e-02       2.348037894451e+04 
       1.279347175276e-02       2.353606490850e+04 
       1.292276727903e-02       2.358949654331e+04 
       1.305209896810e-02       2.364069097353e+04 
       1.318146679175e-02       2.368969168472e+04 
       1.331087074778e-02       2.373650915468e+04 
       1.344031085940e-02       2.378116578275e+04 
       1.356978717462e-02       2.382371018800e+04 
       1.369929976579e-02       2.386414593737e+04 
       1.382884872907e-02       2.390250451682e+04 
       1.395843418399e-02       2.393882447395e+04 
       1.408805627308e-02       2.397312282538e+04 
       1.421771516150e-02       2.400541997605e+04 
       1.434741103670e-02       2.403574831280e+04 
       1.447714410812e-02       2.406412179222e+04 
       1.460691460696e-02       2.409058342579e+04 
       1.473672278592e-02       2.411515542004e+04 
       1.486656891901e-02       2.413783960889e+04 
       1.499645330138e-02       2.415868184656e+04 
       1.512637624917e-02       2.417771389570e+04 
       1.525633809940e-02       2.419492667295e+04 
       1.538633920983e-02       2.421037414075e+04 
       1.551637995896e-02       2.422406396747e+04 
       1.564646074592e-02       2.423603381429e+04 
       1.577658199048e-02       2.424628214460e+04 
       1.590674413301e-02       2.425485162213e+04 
       1.603694763454e-02       2.426175185621e+04 
       1.616719297677e-02       2.426702201577e+04 
       1.629748066212e-02       2.427066889846e+04 
       1.642781121382e-02       2.427273423635e+04 
       1.655818517599e-02       2.427320906359e+04 
       1.668860311379e-02       2.427213917717e+04 
       1.681906561350e-02       2.426955221149e+04 
       1.694957328269e-02       2.426543905243e+04 
       1.708012675041e-02       2.425984206710e+04 
       1.721072666733e-02       2.425276931015e+04 
       1.734137370599e-02       2.424427673045e+04 
       1.747206856098e-02       2.423434202680e+04 
       1.760281194917e-02       2.422301226212e+04 
       1.773360461002e-02       2.421028358933e+04 
       1.786444730576e-02       2.419621124588e+04 
       1.799534082177e-02       2.418078070437e+04 
       1.812628596680e-02       2.416403194736e+04 
       1.825728357333e-02       2.414597388807e+04 
       1.838833449792e-02       2.412662049866e+04 
       1.851943962151e-02       2.410601212240e+04 
       1.865059984984e-02       2.408416294368e+04 
       1.878181611380e-02       2.406108526664e+04 
       1.891308936985e-02       2.403679478463e+04 
       1.904442060045e-02       2.401132945737e+04 
       1.917581081446e-02       2.398468297639e+04 
       1.930726104763e-02       2.395687831029e+04 
       1.943877236307e-02       2.392798774472e+04 
       1.957034585172e-02       2.389790878308e+04 
       1.970198263288e-02       2.386676845921e+04 
       1.983368385471e-02       2.383458800951e+04 
       1.996545069483e-02       2.380130727938e+04 
       2.009728436082e-02       2.376696516869e+04 
       2.022918609086e-02       2.373164013769e+04 
       2.036115715430e-02       2.369527992770e+04 
       2.049319885230e-02       2.365794688483e+04 
       2.062531251851e-02       2.361962297404e+04 
       2.075749951966e-02       2.358032986493e+04 
       2.088976125635e-02       2.354017105648e+04 
       2.102209916367e-02       2.349901310163e+04 
       2.115451471202e-02       2.345695884333e+04 
       2.128700940780e-02       2.341402790708e+04 
       2.141958479424e-02       2.337020207637e+04 
       2.155224245220e-02       2.332556995076e+04 
       2.168498400100e-02       2.328004277595e+04 
       2.181781109928e-02       2.323371810581e+04 
       2.195072544591e-02       2.318655943431e+04 
       2.208372878086e-02       2.313863642133e+04 
       2.221682288620e-02       2.308991320349e+04 
       2.235000958705e-02       2.304044552690e+04 
       2.248329075258e-02       2.299025735399e+04 
       2.261666829706e-02       2.293929184732e+04 
       2.275014418092e-02       2.288762945902e+04 
       2.288372041187e-02       2.283521636416e+04 
       2.301739904601e-02       2.278215768257e+04 
       2.315118218903e-02       2.272840901775e+04 
       2.328507199739e-02       2.267398211662e+04 
       2.341907067962e-02       2.261890861655e+04 
       2.355318049755e-02       2.256324789686e+04 
       2.368740376766e-02       2.250698094797e+04 
       2.382174286246e-02       2.245007130072e+04 
       2.395620021191e-02       2.239257767165e+04 
       2.409077830484e-02       2.233448645083e+04 
       2.422547969050e-02       2.227588272569e+04 
       2.436030698007e-02       2.221665897126e+04 
       2.449526284832e-02       2.215689985041e+04 
       2.463035003522e-02       2.209666973356e+04 
       2.476557134764e-02       2.203591586550e+04 
       2.490092966116e-02       2.197464934097e+04 
       2.503642792188e-02       2.191288595469e+04 
       2.517206914826e-02       2.185064545747e+04 
       2.530785643314e-02       2.178797415009e+04 
       2.544379294567e-02       2.172488297259e+04 
       2.557988193345e-02       2.166121952024e+04 
       2.571612672464e-02       2.159726412424e+04 
       2.585253073020e-02       2.153283955227e+04 
       2.598909744618e-02       2.146802675091e+04 
       2.612583045608e-02       2.140281224518e+04 
       2.626273343333e-02       2.133721868259e+04 
       2.639981014381e-02       2.127126436707e+04 
       2.653706444848e-02       2.120496005653e+04 
       2.667450030612e-02       2.113832930987e+04 
       2.681212177612e-02       2.107127087375e+04 
       2.694993302142e-02       2.100393308346e+04 
       2.708793831151e-02       2.093624579122e+04 
       2.722614202558e-02       2.086831799636e+04 
       2.736454865576e-02       2.080009035605e+04 
       2.750316281045e-02       2.073148784360e+04 
       2.764198921785e-02       2.066270579172e+04 
       2.778103272954e-02       2.059361840821e+04 
       2.792029832426e-02       2.052426862844e+04 
       2.805979111176e-02       2.045469047185e+04 
       2.819951633684e-02       2.038484544288e+04 
       2.833947938359e-02       2.031478069317e+04 
       2.847968577967e-02       2.024455197291e+04 
       2.862014120087e-02       2.017400612458e+04 
       2.876085147580e-02       2.010333690050e+04 
       2.890182259073e-02       2.003249512460e+04 
       2.904306069473e-02       1.996140806422e+04 
       2.918457210486e-02       1.989012548285e+04 
       2.932636331172e-02       1.981869972096e+04 
       2.946844098511e-02       1.974711961465e+04 
       2.961081198000e-02       1.967538484549e+04 
       2.975348334269e-02       1.960354016836e+04 
       2.989646231727e-02       1.953148929261e+04 
       3.003975635231e-02       1.945932129712e+04 
       3.018337310783e-02       1.938699096858e+04 
       3.032732046266e-02       1.931469332653e+04 
       3.047160652196e-02       1.924212265941e+04 
       3.061623962520e-02       1.916954294114e+04 
       3.076122835440e-02       1.909684016618e+04 
       3.090658154282e-02       1.902400981816e+04 
       3.105230828391e-02       1.895114070486e+04 
       3.119841794082e-02       1.887819397516e+04 
       3.134492015618e-02       1.880513508899e+04 
       3.149182486247e-02       1.873203463657e+04 
       3.163914229272e-02       1.865884689048e+04 
       3.178688299188e-02       1.858560948984e+04 
       3.193505782854e-02       1.851237050078e+04 
       3.208367800736e-02       1.843909670114e+04 
       3.223275508200e-02       1.836577855952e+04 
       3.238230096869e-02       1.829235037135e+04 
       3.253232796053e-02       1.821894867365e+04 
       3.268284874235e-02       1.814550172022e+04 
       3.283387640649e-02       1.807197526550e+04 
       3.298542446919e-02       1.799854875230e+04 
       3.313750688799e-02       1.792503008674e+04 
       3.329013807983e-02       1.785157213606e+04 
       3.344333294028e-02       1.777805328294e+04 
       3.359710686361e-02       1.770453975552e+04 
       3.375147576403e-02       1.763105318453e+04 
       3.390645609800e-02       1.755755503567e+04 
       3.406206488781e-02       1.748406617505e+04 
       3.421831974633e-02       1.741065836810e+04 
       3.437523890327e-02       1.733720686752e+04 
       3.453284123279e-02       1.726372994337e+04 
       3.469114628272e-02       1.719035494421e+04 
       3.485017430541e-02       1.711699761200e+04 
       3.500994629039e-02       1.704364100995e+04 
       3.517048399892e-02       1.697026804357e+04 
       3.533181000057e-02       1.689704157382e+04 
       3.549394771199e-02       1.682376098618e+04 
       3.565692143800e-02       1.675052789951e+04 
       3.582075641520e-02       1.667734012022e+04 
       3.598547885832e-02       1.660416267838e+04 
       3.615111600936e-02       1.653105131804e+04 
       3.631769618991e-02       1.645794202060e+04 
       3.648524885689e-02       1.638494983650e+04 
       3.665380466172e-02       1.631193298634e+04 
       3.682339551359e-02       1.623898589448e+04 
       3.699405464676e-02       1.616608892669e+04 
       3.716581669254e-02       1.609325223786e+04 
       3.733871775610e-02       1.602040550660e+04 
       3.751279549861e-02       1.594761429035e+04 
       3.768808922517e-02       1.587489925744e+04 
       3.786463997897e-02       1.580215037053e+04 
       3.804249064228e-02       1.572950788918e+04 
       3.822168604474e-02       1.565687304383e+04 
       3.840227307977e-02       1.558425794700e+04 
       3.858430082968e-02       1.551167385036e+04 
       3.876782070038e-02       1.543914311494e+04 
       3.895288656644e-02       1.536664055025e+04 
       3.913955492766e-02       1.529417604235e+04 
       3.932788507802e-02       1.522171673083e+04 
       3.951793928845e-02       1.514923526357e+04 
       3.970978300452e-02       1.507681873503e+04 
       3.990348506075e-02       1.500437361162e+04 
       4.009911791307e-02       1.493199673704e+04 
       4.029675789136e-02       1.485957886103e+04 
       4.049648547421e-02       1.478716041940e+04 
       4.069838558811e-02       1.471475243456e+04 
       4.090254793390e-02       1.464231982949e+04 
       4.110906734327e-02       1.456985920250e+04 
       4.131804416884e-02       1.449736408016e+04 
       4.152958471151e-02       1.442491304457e+04 
       4.174380168947e-02       1.435236784503e+04 
       4.196081475369e-02       1.427973946614e+04 
       4.218075105554e-02       1.420709830865e+04 
       4.240374587290e-02       1.413438170307e+04 
       4.262994330194e-02       1.406156856272e+04 
       4.285949702306e-02       1.398869040573e+04 
       4.309257115046e-02       1.391574023358e+04 
       4.332934117635e-02       1.384258654920e+04 
       4.356999502276e-02       1.376935527704e+04 
       4.381473421544e-02       1.369603956971e+04 
       4.406377519719e-02       1.362253669322e+04 
       4.431735080054e-02       1.354881973650e+04 
       4.457571190313e-02       1.347495416313e+04 
       4.483912929314e-02       1.340091607464e+04 
       4.510789577685e-02       1.332659460176e+04 
       4.538232856649e-02       1.325206207428e+04 
       4.566277199294e-02       1.317727204416e+04 
       4.594960059693e-02       1.310218583068e+04 
       4.624322266207e-02       1.302676176894e+04 
       4.654408426593e-02       1.295100125688e+04 
       4.685267394042e-02       1.287483561629e+04 
       4.716952805181e-02       1.279827908402e+04 
       4.749523703370e-02       1.272128652268e+04 
       4.783045263525e-02       1.264379048077e+04 
       4.817589638290e-02       1.256574351765e+04 
       4.853236949847e-02       1.248706098236e+04 
       4.890076457318e-02       1.240779650633e+04 
       4.928207936786e-02       1.232779143764e+04 
       4.967743319962e-02       1.224702686994e+04 
       5.008808648913e-02       1.216539598704e+04 
       5.051546418775e-02       1.208275884284e+04 
       5.096118398843e-02       1.199912470325e+04 
       5.142709046009e-02       1.191431198148e+04 
       5.191529654462e-02       1.182814485425e+04 
       5.242823423578e-02       1.174051712696e+04 
       5.296871673537e-02       1.165123419455e+04 
       5.354001496989e-02       1.156007439391e+04 
       5.414595205371e-02       1.146673520202e+04 
       5.479102008018e-02       1.137087556956e+04 
       5.548052442236e-02       1.127213570925e+04 
       5.622076131054e-02       1.116995232788e+04 
       5.701923432925e-02       1.106363932847e+04 
       5.788491361898e-02       1.095240279875e+04 
       5.882853596168e-02       1.083510908873e+04 
       5.986293082277e-02       1.071029452897e+04 
       6.100333032255e-02       1.057602389896e+04 
       6.226757010570e-02       1.042962887792e+04 
       6.367600179093e-02       1.026769598027e+04 
       6.525081416935e-02       1.008563969586e+04 
       6.701433867260e-02       9.877692842365e+03 
       6.898593345330e-02       9.637116505172e+03 
       7.117747116340e-02       9.356957086435e+03 
       7.358851604928e-02       9.031723622487e+03 
       7.620353644715e-02       8.659747245336e+03 
       7.899349890362e-02       8.245242063379e+03 
       8.192185829806e-02       7.798937635110e+03 
       8.495199202706e-02       7.336720189339e+03 
       8.805263185265e-02       6.876725876896e+03 
       9.119997912966e-02       6.436393734112e+03 
       9.437731464311e-02       6.030094685419e+03 
       9.757350760253e-02       5.667807607110e+03 
       1.007814021727e-01       5.354746676083e+03 
       1.039964987578e-01       5.091623806673e+03 
       1.072160067659e-01       4.875362316168e+03 
       1.104382100919e-01       4.699936261373e+03 
       1.136620587747e-01       4.557275143325e+03 
       1.168869123387e-01       4.438170063664e+03 
       1.201123807333e-01       4.333111066725e+03 
       1.233382265867e-01       4.233164707782e+03 
       1.265643054443e-01       4.130651910290e+03 
       1.297905293427e-01       4.019903006420e+03 
       1.330168446476e-01       3.897521357526e+03 
       1.362432185846e-01       3.762598985331e+03 
       1.394696310577e-01       3.616455566042e+03 
       1.426960696818e-01       3.462250968233e+03 
       1.459225267660e-01       3.304291880632e+03 
       1.491489974818e-01       3.147400948090e+03 
       1.523754787507e-01       2.996277117306e+03 
       1.556019685674e-01       2.854971403893e+03 
       1.588284655884e-01       2.726524071063e+03 
       1.620549688817e-01       2.612810729190e+03 
       1.652814777735e-01       2.514466170444e+03 
       1.685079917549e-01       2.430991451213e+03 
       1.717345104241e-01       2.360920622344e+03 
       1.749610334513e-01       2.302042126737e+03 
       1.781875605560e-01       2.251663627344e+03 
       1.814140914935e-01       2.206891580752e+03 
       1.846406260457e-01       2.165172425179e+03 
       1.878671640156e-01       2.123942514382e+03 
       1.910937052229e-01       2.080713038755e+03 
       1.943202495014e-01       2.033988049479e+03 
       1.975467966975e-01       1.983023408979e+03 
       2.007733466680e-01       1.927859576721e+03 
       2.039998992795e-01       1.869175791033e+03 
       2.072264544073e-01       1.808189576503e+03 
       2.104530119343e-01       1.746394660197e+03 
       2.136795717510e-01       1.685301702736e+03 
       2.169061337543e-01       1.626349665454e+03 
       2.201326978473e-01       1.570698340777e+03 
       2.233592639388e-01       1.519221422740e+03 
       2.265858319427e-01       1.472450391909e+03 
       2.298124017779e-01       1.430586805884e+03 
       2.330389733679e-01       1.393526976927e+03 
       2.362655466402e-01       1.360854647404e+03 
       2.394921215263e-01       1.331928155270e+03 
       2.427186979616e-01       1.305921798292e+03 
       2.459452758846e-01       1.281921872553e+03 
       2.491718552372e-01       1.259023029124e+03 
       2.523984359641e-01       1.236410761421e+03 
       2.556250180131e-01       1.213420437114e+03 
       2.588516013344e-01       1.189603909688e+03 
       2.620781858806e-01       1.164718978751e+03 
       2.653047716069e-01       1.138724145049e+03 
       2.685313584705e-01       1.111764692221e+03 
       2.717579464305e-01       1.084126200081e+03 
       2.749845354482e-01       1.056209063144e+03 
       2.782111254866e-01       1.028476107877e+03 
       2.814377165103e-01       1.001403901049e+03 
       2.846643084857e-01       9.754209346184e+02 
       2.878909013806e-01       9.508718467103e+02 
       2.911174951643e-01       9.279727428956e+02 
       2.943440898073e-01       9.068125252991e+02 
       2.975706852815e-01       8.873571571728e+02 
       3.007972815602e-01       8.694690959126e+02 
       3.040238786174e-01       8.529434571210e+02 
       3.072504764286e-01       8.375259209873e+02 
       3.104770749702e-01       8.229462999446e+02 
       3.137036742194e-01       8.089300409385e+02 
       3.169302741545e-01       7.952189063087e+02 
       3.201568747548e-01       7.815912425468e+02 
       3.233834760002e-01       7.678737240645e+02 
       3.266100778715e-01       7.539623426812e+02 
       3.298366803503e-01       7.398191507996e+02 
       3.330632834187e-01       7.254767673478e+02 
       3.362898870598e-01       7.110232799435e+02 
       3.395164912571e-01       6.965749086689e+02 
       3.427430959948e-01       6.822686029431e+02 
       3.459697012579e-01       6.682361412333e+02 
       3.491963070315e-01       6.545974681126e+02 
       3.524229133018e-01       6.414544129076e+02 
       3.556495200549e-01       6.288776007450e+02 
       3.588761272780e-01       6.169200033224e+02 
       3.621027349584e-01       6.055954863962e+02 
       3.653293430838e-01       5.948819799066e+02 
       3.685559516426e-01       5.847282581535e+02 
       3.717825606235e-01       5.750550213246e+02 
       3.750091700154e-01       5.657679024594e+02 
       3.782357798079e-01       5.567725429250e+02 
       3.814623899906e-01       5.479812968165e+02 
       3.846890005538e-01       5.393261534011e+02 
       3.879156114880e-01       5.307529822024e+02 
       3.911422227838e-01       5.222309943061e+02 
       3.943688344325e-01       5.137431397266e+02 
       3.975954464253e-01       5.052825541076e+02 
       4.008220587539e-01       4.968630439134e+02 
       4.040486714103e-01       4.885034223284e+02 
       4.072752843866e-01       4.802410949221e+02 
       4.105018976752e-01       4.721128148847e+02 
       4.137285112689e-01       4.641577013011e+02 
       4.169551251605e-01       4.564086416871e+02 
       4.201817393430e-01       4.488895253625e+02 
       4.234083538100e-01       4.416112245109e+02 
       4.266349685548e-01       4.345762193636e+02 
       4.298615835711e-01       4.277779056658e+02 
       4.330881988530e-01       4.212068656855e+02 
       4.363148143944e-01       4.148502579007e+02 
       4.395414301897e-01       4.086906079812e+02 
       4.427680462332e-01       4.027071827408e+02 
       4.459946625197e-01       3.968756800195e+02 
       4.492212790437e-01       3.911691122086e+02 
       4.524478958002e-01       3.855631521998e+02 
       4.556745127843e-01       3.800376697143e+02 
       4.589011299911e-01       3.745778110079e+02 
       4.621277474160e-01       3.691787031985e+02 
       4.653543650544e-01       3.638394418219e+02 
       4.685809829018e-01       3.585629680350e+02 
       4.718076009541e-01       3.533564822896e+02 
       4.750342192069e-01       3.482232794521e+02 
       4.782608376562e-01       3.431724073327e+02 
       4.814874562981e-01       3.382123101795e+02 
       4.847140751287e-01       3.333533730867e+02 
       4.879406941442e-01       3.286059724446e+02 
       4.911673133410e-01       3.239757077341e+02 
       4.943939327155e-01       3.194701491730e+02 
       4.976205522642e-01       3.150846905317e+02 
       5.008471719839e-01       3.108142017474e+02 
       5.040737918711e-01       3.066479537493e+02 
       5.073004119226e-01       3.025762603250e+02 
       5.105270321355e-01       2.985912601753e+02 
       5.137536525065e-01       2.946829618315e+02 
       5.169802730327e-01       2.908457539911e+02 
       5.202068937113e-01       2.870712969879e+02 
       5.234335145394e-01       2.833555141372e+02 
       5.266601355142e-01       2.796924884174e+02 
       5.298867566331e-01       2.760773528258e+02 
       5.331133778934e-01       2.725088968494e+02 
       5.363399992926e-01       2.689906007690e+02 
       5.395666208282e-01       2.655240812808e+02 
       5.427932424977e-01       2.621145324212e+02 
       5.460198642988e-01       2.587652117858e+02 
       5.492464862291e-01       2.554780204961e+02 
       5.524731082863e-01       2.522522012272e+02 
       5.556997304683e-01       2.490881493085e+02 
       5.589263527729e-01       2.459846564239e+02 
       5.621529751979e-01       2.429402878351e+02 
       5.653795977413e-01       2.399566496298e+02 
       5.686062204011e-01       2.370319083446e+02 
       5.718328431753e-01       2.341631385176e+02 
       5.750594660619e-01       2.313499140126e+02 
       5.782860890592e-01       2.285870460338e+02 
       5.815127121651e-01       2.258694533003e+02 
       5.847393353780e-01       2.231954683312e+02 
       5.879659586960e-01       2.205619956483e+02 
       5.911925821175e-01       2.179691742306e+02 
       5.944192056407e-01       2.154163963530e+02 
       5.976458292639e-01       2.129025420360e+02 
       6.008724529857e-01       2.104267043855e+02 
       6.040990768044e-01       2.079872627582e+02 
       6.073257007184e-01       2.055828315269e+02 
       6.105523247262e-01       2.032133196597e+02 
       6.137789488264e-01       2.008799523522e+02 
       6.170055730175e-01       1.985833979713e+02 
       6.202321972980e-01       1.963245253250e+02 
       6.234588216666e-01       1.941046794556e+02 
       6.266854461219e-01       1.919226800793e+02 
       6.299120706626e-01       1.897779734716e+02 
       6.331386952874e-01       1.876675284105e+02 
       6.363653199950e-01       1.855920541819e+02 
       6.395919447841e-01       1.835484417484e+02 
       6.428185696535e-01       1.815376909149e+02 
       6.460451946019e-01       1.795593577135e+02 
       6.492718196283e-01       1.776125951963e+02 
       6.524984447315e-01       1.756954268649e+02 
       6.557250699103e-01       1.738070355508e+02 
       6.589516951635e-01       1.719441877688e+02 
       6.621783204902e-01       1.701075305464e+02 
       6.654049458892e-01       1.682969029470e+02 
       6.686315713595e-01       1.665110041917e+02 
       6.718581969001e-01       1.647522110920e+02 
       6.750848225099e-01       1.630184216881e+02 
       6.783114481880e-01       1.613113865525e+02 
       6.815380739334e-01       1.596280293987e+02 
       6.847646997451e-01       1.579695239473e+02 
       6.879913256222e-01       1.563328903532e+02 
       6.912179515638e-01       1.547204272167e+02 
       6.944445775690e-01       1.531317081720e+02 
       6.976712036369e-01       1.515673108338e+02 
       7.008978297666e-01       1.500266572015e+02 
       7.041244559573e-01       1.485082023725e+02 
       7.073510822081e-01       1.470128115269e+02 
       7.105777085182e-01       1.455373610614e+02 
       7.138043348869e-01       1.440817450057e+02 
       7.170309613133e-01       1.426462513266e+02 
       7.202575877966e-01       1.412308862887e+02 
       7.234842143361e-01       1.398355729669e+02 
       7.267108409310e-01       1.384596791351e+02 
       7.299374675807e-01       1.371034905866e+02 
       7.331640942843e-01       1.357647805533e+02 
       7.363907210411e-01       1.344433481982e+02 
       7.396173478506e-01       1.331386928356e+02 
       7.428439747119e-01       1.318514050018e+02 
       7.460706016244e-01       1.305810999627e+02 
       7.492972285874e-01       1.293288618829e+02 
       7.525238556003e-01       1.280936092943e+02 
       7.557504826625e-01       1.268759426071e+02 
       8.253928078611e-01       1.040923946086e+02 
       9.259282489853e-01       8.019242856664e+01 
       1.085451701243e+00       5.563606487872e+01 
       1.338300104510e+00       3.409603920997e+01 
       1.682427625377e+00       1.977912470350e+01 
       2.118008522180e+00       1.133256063781e+01 
       2.666414605589e+00       6.439450390082e+00 
       3.356817105286e+00       3.631889325366e+00 
       4.225982356590e+00       2.034478421221e+00 
       5.320196578505e+00       1.132506103328e+00 
       6.697730668420e+00       6.267130479629e-01 
       8.431943339827e+00       3.449179364302e-01 
       1.061518774132e+01       1.887707371708e-01 
       1.336372959851e+01       1.027465032527e-01 
       1.682393878791e+01       5.555894582445e-02 
       2.118008406657e+01       2.982224965779e-02 
       2.666414605534e+01       1.587304858976e-02 
       3.356817105286e+01       8.328309510995e-03 
       4.225982356590e+01       4.285589190716e-03 
       5.320196578505e+01       2.139514128725e-03 
       6.697730668420e+01       1.018466978296e-03 
       8.431943339827e+01       4.508758340724e-04 
       1.061518774132e+02       1.774835512395e-04 
       1.336372959851e+02       5.942741128489e-05 
       1.682393878791e+02       1.604995826881e-05 
       2.118008406657e+02       3.206217874216e-06 
       2.666414605534e+02       3.972111639359e-07 
       3.356817105286e+02       3.539657698820e-08 
       4.225982356590e+02       2.565435270896e-09 
       5.320196578505e+02       7.714019598085e-11 
