# Matter power spectrum P(k) at redshift z=0
# for k=1.05578e-05 to 538.247 h/Mpc,
# number of wavenumbers equal to 629
#    1:k (h/Mpc)              2:P (Mpc/h)^3        
       1.055778761616e-05       4.648269906140e+01 
       2.359456721317e-05       1.010809599777e+02 
       3.667825601467e-05       1.547937302296e+02 
       4.984491558622e-05       2.081764233383e+02 
       6.313121788535e-05       2.615505965892e+02 
       7.657478018321e-05       3.151606927757e+02 
       9.021451093809e-05       3.692181002058e+02 
       1.040909713241e-04       4.239192536846e+02 
       1.182467571538e-04       4.794550250087e+02 
       1.327269059673e-04       5.360164572731e+02 
       1.475793340623e-04       5.937988224352e+02 
       1.628553081626e-04       6.530048263341e+02 
       1.786099562084e-04       7.138473845646e+02 
       1.949028213130e-04       7.765522085653e+02 
       2.117984621573e-04       8.413602797780e+02 
       2.293671018311e-04       9.085303394444e+02 
       2.476853251847e-04       9.783414119703e+02 
       2.668368218663e-04       1.051095289216e+03 
       2.869131680795e-04       1.127119121958e+03 
       3.080146343153e-04       1.206767870538e+03 
       3.302509984637e-04       1.290426655749e+03 
       3.537423333407e-04       1.378512882020e+03 
       3.786197243649e-04       1.471477884279e+03 
       4.050258566619e-04       1.569807878271e+03 
       4.331153913867e-04       1.674023951781e+03 
       4.630550293291e-04       1.784680677957e+03 
       4.950231377306e-04       1.902362879673e+03 
       5.292087969840e-04       2.027680077474e+03 
       5.658101126741e-04       2.161258119912e+03 
       6.050316423657e-04       2.303727401981e+03 
       6.470808143044e-04       2.455707671839e+03 
       6.921632754294e-04       2.617788840179e+03 
       7.404772047474e-04       2.790508758820e+03 
       7.922067644373e-04       2.974328387997e+03 
       8.475150233238e-04       3.169605853258e+03 
       9.065368502720e-04       3.376571710990e+03 
       9.693724013153e-04       3.595307527282e+03 
       1.036081872442e-03       3.825730238046e+03 
       1.106682127778e-03       4.067584748259e+03 
       1.181145632469e-03       4.320445943792e+03 
       1.259401846137e-03       4.583729677216e+03 
       1.341340921542e-03       4.856713581033e+03 
       1.426819272827e-03       5.138563279046e+03 
       1.515666387591e-03       5.428363499738e+03 
       1.607692188025e-03       5.725147816927e+03 
       1.702694294302e-03       6.027931245027e+03 
       1.800464676543e-03       6.335733460594e+03 
       1.900795355918e-03       6.647601062962e+03 
       2.003482989486e-03       6.962625175924e+03 
       2.108332318748e-03       7.279952930390e+03 
       2.215158565365e-03       7.598793935972e+03 
       2.323788918283e-03       7.918426779725e+03 
       2.434063281745e-03       8.238195563654e+03 
       2.545834453423e-03       8.557512255647e+03 
       2.658967885987e-03       8.875853062674e+03 
       2.773341161940e-03       9.192752091098e+03 
       2.888843285942e-03       9.507800754618e+03 
       3.005373874702e-03       9.820638808671e+03 
       3.122842303400e-03       1.013095288118e+04 
       3.241166850347e-03       1.043846959116e+04 
       3.360273867925e-03       1.074295417633e+04 
       3.480096997556e-03       1.104420174989e+04 
       3.600576438852e-03       1.134203880887e+04 
       3.721658277691e-03       1.163631634048e+04 
       3.843293874289e-03       1.192690883033e+04 
       3.965439309830e-03       1.221371018106e+04 
       4.088054888759e-03       1.249663337595e+04 
       4.211104692908e-03       1.277560581202e+04 
       4.334556183232e-03       1.305057030308e+04 
       4.458379844837e-03       1.332147950933e+04 
       4.582548871028e-03       1.358830261219e+04 
       4.707038882345e-03       1.385101088101e+04 
       4.831827676837e-03       1.410956496508e+04 
       4.956895008108e-03       1.436400329882e+04 
       5.082222388023e-03       1.461429870545e+04 
       5.207792911252e-03       1.486041531336e+04 
       5.333591099149e-03       1.510248660038e+04 
       5.459602760718e-03       1.534034030702e+04 
       5.585814868700e-03       1.557416351952e+04 
       5.712215449015e-03       1.580382651391e+04 
       5.838793482026e-03       1.602947807284e+04 
       5.965538814248e-03       1.625106160217e+04 
       6.092442079324e-03       1.646863372900e+04 
       6.219494627186e-03       1.668217497402e+04 
       6.346688460499e-03       1.689179739880e+04 
       6.474016177546e-03       1.709745625652e+04 
       6.601470920856e-03       1.729922257241e+04 
       6.729046330923e-03       1.749713086745e+04 
       6.856736504468e-03       1.769122222038e+04 
       6.984535956750e-03       1.788151531134e+04 
       7.112439587485e-03       1.806803495529e+04 
       7.240442649999e-03       1.825082946702e+04 
       7.368540723260e-03       1.842994495941e+04 
       7.496729686508e-03       1.860540247754e+04 
       7.625005696193e-03       1.877726687108e+04 
       7.753365165011e-03       1.894553734347e+04 
       7.881804742794e-03       1.911027885201e+04 
       8.010321299109e-03       1.927151640734e+04 
       8.138911907357e-03       1.942931028002e+04 
       8.267573830254e-03       1.958367409270e+04 
       8.396304506551e-03       1.973464304479e+04 
       8.525101538871e-03       1.988227586539e+04 
       8.653962682563e-03       2.002660444798e+04 
       8.782885835476e-03       2.016765038205e+04 
       8.911869028569e-03       2.030546158596e+04 
       9.040910417278e-03       2.044009149943e+04 
       9.170008273579e-03       2.057154763189e+04 
       9.299160978673e-03       2.069987745613e+04 
       9.428367016249e-03       2.082511968587e+04 
       9.557624966272e-03       2.094729934104e+04 
       9.686933499241e-03       2.106646933671e+04 
       9.816291370896e-03       2.118264939379e+04 
       9.945697417317e-03       2.129587767722e+04 
       1.007515055040e-02       2.140619236020e+04 
       1.020464975364e-02       2.151360278538e+04 
       1.033419407829e-02       2.161820219472e+04 
       1.046378263972e-02       2.171995146970e+04 
       1.059341461409e-02       2.181892889989e+04 
       1.072308923528e-02       2.191515447890e+04 
       1.085280579197e-02       2.200865319658e+04 
       1.098256362502e-02       2.209947329010e+04 
       1.111236212495e-02       2.218763344356e+04 
       1.124220072967e-02       2.227317518011e+04 
       1.137207892232e-02       2.235612160284e+04 
       1.150199622926e-02       2.243650113751e+04 
       1.163195221829e-02       2.251434827095e+04 
       1.176194649685e-02       2.258969931667e+04 
       1.189197871045e-02       2.266257523499e+04 
       1.202204854122e-02       2.273300450922e+04 
       1.215215570645e-02       2.280102859929e+04 
       1.228229995736e-02       2.286666518771e+04 
       1.241248107791e-02       2.292994067286e+04 
       1.254269888363e-02       2.299088907159e+04 
       1.267295322066e-02       2.304954548214e+04 
       1.280324396474e-02       2.310592606514e+04 
       1.293357102035e-02       2.316006397931e+04 
       1.306393431988e-02       2.321199089585e+04 
       1.319433382285e-02       2.326172858375e+04 
       1.332476951524e-02       2.330930548053e+04 
       1.345524140882e-02       2.335475087395e+04 
       1.358574954056e-02       2.339808441439e+04 
       1.371629397205e-02       2.343932426062e+04 
       1.384687478905e-02       2.347851576304e+04 
       1.397749210098e-02       2.351566800304e+04 
       1.410814604050e-02       2.355082283691e+04 
       1.423883676317e-02       2.358399372304e+04 
       1.436956444705e-02       2.361520458103e+04 
       1.450032929243e-02       2.364448803280e+04 
       1.463113152150e-02       2.367186706710e+04 
       1.476197137819e-02       2.369735413901e+04 
       1.489284912785e-02       2.372099075173e+04 
       1.502376505714e-02       2.374278963677e+04 
       1.515471947383e-02       2.376277775162e+04 
       1.528571270666e-02       2.378098086558e+04 
       1.541674510529e-02       2.379741322433e+04 
       1.554781704012e-02       2.381211553684e+04 
       1.567892890232e-02       2.382508709426e+04 
       1.581008110375e-02       2.383637436957e+04 
       1.594127407693e-02       2.384598987607e+04 
       1.607250827507e-02       2.385394836437e+04 
       1.620378417211e-02       2.386028168796e+04 
       1.633510226271e-02       2.386501032620e+04 
       1.646646306239e-02       2.386814805680e+04 
       1.659786710756e-02       2.386971192834e+04 
       1.672931495563e-02       2.386977397174e+04 
       1.686080718517e-02       2.386828554902e+04 
       1.699234439600e-02       2.386530427011e+04 
       1.712392720938e-02       2.386084655786e+04 
       1.725555626821e-02       2.385492840979e+04 
       1.738723223714e-02       2.384757747660e+04 
       1.751895580286e-02       2.383881727013e+04 
       1.765072767431e-02       2.382864288997e+04 
       1.778254858289e-02       2.381710166645e+04 
       1.791441928277e-02       2.380422738300e+04 
       1.804634055112e-02       2.378998507819e+04 
       1.817831318844e-02       2.377445019905e+04 
       1.831033801886e-02       2.375758961961e+04 
       1.844241589044e-02       2.373948818593e+04 
       1.857454767559e-02       2.372007927701e+04 
       1.870673427133e-02       2.369948299817e+04 
       1.883897659975e-02       2.367766281093e+04 
       1.897127560836e-02       2.365457920080e+04 
       1.910363227053e-02       2.363037570244e+04 
       1.923604758590e-02       2.360502122481e+04 
       1.936852258084e-02       2.357847783397e+04 
       1.950105830890e-02       2.355083075588e+04 
       1.963365585131e-02       2.352205971097e+04 
       1.976631631747e-02       2.349222777551e+04 
       1.989904084547e-02       2.346127523514e+04 
       2.003183060265e-02       2.342929926685e+04 
       2.016468678613e-02       2.339628074727e+04 
       2.029761062338e-02       2.336223828602e+04 
       2.043060337288e-02       2.332721654347e+04 
       2.056366632466e-02       2.329118340704e+04 
       2.069680080098e-02       2.325414632708e+04 
       2.083000815700e-02       2.321621990130e+04 
       2.096328978141e-02       2.317734946654e+04 
       2.109664709722e-02       2.313753237864e+04 
       2.123008156240e-02       2.309683435814e+04 
       2.136359467067e-02       2.305522550191e+04 
       2.149718795229e-02       2.301273922120e+04 
       2.163086297484e-02       2.296942294799e+04 
       2.176462134403e-02       2.292519187452e+04 
       2.189846470458e-02       2.288029144267e+04 
       2.203239474108e-02       2.283447593189e+04 
       2.216641317891e-02       2.278790427519e+04 
       2.230052178514e-02       2.274054650805e+04 
       2.243472236956e-02       2.269241782932e+04 
       2.256901678557e-02       2.264356693223e+04 
       2.270340693130e-02       2.259396139788e+04 
       2.283789475063e-02       2.254364517284e+04 
       2.297248223426e-02       2.249263397525e+04 
       2.310717142085e-02       2.244090969133e+04 
       2.324196439819e-02       2.238855519891e+04 
       2.337686330435e-02       2.233546785601e+04 
       2.351187032899e-02       2.228179027818e+04 
       2.364698771452e-02       2.222747975815e+04 
       2.378221775753e-02       2.217255641898e+04 
       2.391756281005e-02       2.211700882065e+04 
       2.405302528098e-02       2.206088984443e+04 
       2.418860763753e-02       2.200417941712e+04 
       2.432431240669e-02       2.194690954256e+04 
       2.446014217679e-02       2.188908837094e+04 
       2.459609959904e-02       2.183072346003e+04 
       2.473218738920e-02       2.177182967760e+04 
       2.486840832924e-02       2.171242809288e+04 
       2.500476526909e-02       2.165251194983e+04 
       2.514126112844e-02       2.159213177436e+04 
       2.527789889858e-02       2.153126731539e+04 
       2.541468164432e-02       2.146994500635e+04 
       2.555161250600e-02       2.140819139639e+04 
       2.568869470149e-02       2.134596296114e+04 
       2.582593152834e-02       2.128333892280e+04 
       2.596332636593e-02       2.122029575338e+04 
       2.610088267776e-02       2.115678045163e+04 
       2.623860401380e-02       2.109295837897e+04 
       2.637649401285e-02       2.102873569958e+04 
       2.651455640510e-02       2.096409748175e+04 
       2.665279501466e-02       2.089912153586e+04 
       2.679121376230e-02       2.083377559293e+04 
       2.692981666816e-02       2.076812749346e+04 
       2.706860785466e-02       2.070213680124e+04 
       2.720759154946e-02       2.063582447102e+04 
       2.734677208851e-02       2.056924182731e+04 
       2.748615391928e-02       2.050232117818e+04 
       2.762574160403e-02       2.043509621586e+04 
       2.776553982325e-02       2.036761004777e+04 
       2.790555337923e-02       2.029987204159e+04 
       2.804578719967e-02       2.023184684460e+04 
       2.818624634158e-02       2.016360025201e+04 
       2.832693599521e-02       2.009508796522e+04 
       2.846786148814e-02       2.002637571142e+04 
       2.860902828957e-02       1.995739796069e+04 
       2.875044201477e-02       1.988822134374e+04 
       2.889210842965e-02       1.981880606954e+04 
       2.903403345555e-02       1.974926336336e+04 
       2.917622317424e-02       1.967953756144e+04 
       2.931868383306e-02       1.960959319716e+04 
       2.946142185031e-02       1.953945309938e+04 
       2.960444382081e-02       1.946916310115e+04 
       2.974775652177e-02       1.939870547510e+04 
       2.989136691881e-02       1.932816071439e+04 
       3.003528217228e-02       1.925741800473e+04 
       3.017950964380e-02       1.918655911056e+04 
       3.032405690315e-02       1.911554868292e+04 
       3.046893173537e-02       1.904446062177e+04 
       3.061414214820e-02       1.897320714023e+04 
       3.075969637983e-02       1.890189206913e+04 
       3.090560290702e-02       1.883041528530e+04 
       3.105187045351e-02       1.875891739918e+04 
       3.119850799888e-02       1.868722923476e+04 
       3.134552478770e-02       1.861561887466e+04 
       3.149293033922e-02       1.854380403080e+04 
       3.164073445741e-02       1.847192609435e+04 
       3.178894724146e-02       1.840003872645e+04 
       3.193757909681e-02       1.832806827901e+04 
       3.208664074667e-02       1.825611612555e+04 
       3.223614324406e-02       1.818402224089e+04 
       3.238609798449e-02       1.811187668866e+04 
       3.253651671915e-02       1.803977645447e+04 
       3.268741156882e-02       1.796757363282e+04 
       3.283879503844e-02       1.789539927953e+04 
       3.299068003233e-02       1.782316753345e+04 
       3.314307987032e-02       1.775089735977e+04 
       3.329600830452e-02       1.767863309953e+04 
       3.344947953705e-02       1.760637903577e+04 
       3.360350823867e-02       1.753411965315e+04 
       3.375810956832e-02       1.746181831623e+04 
       3.391329919375e-02       1.738954167039e+04 
       3.406909331321e-02       1.731727489582e+04 
       3.422550867832e-02       1.724502675171e+04 
       3.438256261811e-02       1.717276206647e+04 
       3.454027306451e-02       1.710047949448e+04 
       3.469865857910e-02       1.702829999173e+04 
       3.485773838146e-02       1.695602722328e+04 
       3.501753237905e-02       1.688388821320e+04 
       3.517806119887e-02       1.681178784203e+04 
       3.533934622089e-02       1.673959528010e+04 
       3.550140961345e-02       1.666751713360e+04 
       3.566427437077e-02       1.659546263729e+04 
       3.582796435269e-02       1.652342677292e+04 
       3.599250432680e-02       1.645141588584e+04 
       3.615792001318e-02       1.637950615039e+04 
       3.632423813192e-02       1.630754610043e+04 
       3.649148645356e-02       1.623563544699e+04 
       3.665969385280e-02       1.616379665638e+04 
       3.682889036562e-02       1.609199522649e+04 
       3.699910725017e-02       1.602024091026e+04 
       3.717037705162e-02       1.594846554586e+04 
       3.734273367135e-02       1.587680513039e+04 
       3.751621244090e-02       1.580518790692e+04 
       3.769085020084e-02       1.573352917023e+04 
       3.786668538531e-02       1.566200199772e+04 
       3.804375811231e-02       1.559046031839e+04 
       3.822211028065e-02       1.551896384487e+04 
       3.840178567371e-02       1.544748214726e+04 
       3.858283007098e-02       1.537608229923e+04 
       3.876529136785e-02       1.530466799541e+04 
       3.894921970437e-02       1.523335245473e+04 
       3.913466760402e-02       1.516200679054e+04 
       3.932169012321e-02       1.509069284556e+04 
       3.951034501250e-02       1.501943412057e+04 
       3.970069289091e-02       1.494818956728e+04 
       3.989279743427e-02       1.487695880886e+04 
       4.008672557922e-02       1.480573165676e+04 
       4.028254774434e-02       1.473451925155e+04 
       4.048033807014e-02       1.466328384952e+04 
       4.068017467982e-02       1.459209491146e+04 
       4.088213996315e-02       1.452089579346e+04 
       4.108632088570e-02       1.444966233020e+04 
       4.129280932630e-02       1.437843626085e+04 
       4.150170244587e-02       1.430719676361e+04 
       4.171310309104e-02       1.423590469673e+04 
       4.192712023657e-02       1.416458645432e+04 
       4.214386947119e-02       1.409323848527e+04 
       4.236347353173e-02       1.402182163886e+04 
       4.258606289167e-02       1.395033136608e+04 
       4.281177641060e-02       1.387880641304e+04 
       4.304076205222e-02       1.380719390939e+04 
       4.327317767970e-02       1.373550705421e+04 
       4.350919193845e-02       1.366367908980e+04 
       4.374898523784e-02       1.359177308046e+04 
       4.399275084533e-02       1.351976427870e+04 
       4.424069610850e-02       1.344755707980e+04 
       4.449304382314e-02       1.337522051978e+04 
       4.475003376833e-02       1.330272103262e+04 
       4.501192443319e-02       1.323003111047e+04 
       4.527899496424e-02       1.315712541230e+04 
       4.555154736729e-02       1.308399419074e+04 
       4.582990900390e-02       1.301061999739e+04 
       4.611443543020e-02       1.293700750491e+04 
       4.640551363434e-02       1.286311516952e+04 
       4.670356574016e-02       1.278879659723e+04 
       4.700905325791e-02       1.271423460320e+04 
       4.732248197914e-02       1.263922304491e+04 
       4.764440763309e-02       1.256382420420e+04 
       4.797544244693e-02       1.248790992798e+04 
       4.831626278297e-02       1.241154860770e+04 
       4.866761806462e-02       1.233462538193e+04 
       4.903034125130e-02       1.225712754201e+04 
       4.940536118277e-02       1.217895494702e+04 
       4.979371719058e-02       1.210005397290e+04 
       5.019657647057e-02       1.202037936642e+04 
       5.061525483413e-02       1.193984242149e+04 
       5.105124161215e-02       1.185833089567e+04 
       5.150622968580e-02       1.177572053058e+04 
       5.198215187268e-02       1.169195441013e+04 
       5.248122522066e-02       1.160686143258e+04 
       5.300600517098e-02       1.152023451618e+04 
       5.355945206355e-02       1.143194401830e+04 
       5.414501308336e-02       1.134170910448e+04 
       5.476672348723e-02       1.124924525393e+04 
       5.542933176594e-02       1.115417765422e+04 
       5.613845417307e-02       1.105615243355e+04 
       5.690076450387e-02       1.095458172106e+04 
       5.772422451755e-02       1.084873593060e+04 
       5.861835770279e-02       1.073775374261e+04 
       5.959456174447e-02       1.062040862109e+04 
       6.066643858964e-02       1.049523779175e+04 
       6.185008791393e-02       1.036005061589e+04 
       6.316424920796e-02       1.021210567787e+04 
       6.463007912473e-02       1.004765777049e+04 
       6.627021958696e-02       9.861904614517e+03 
       6.810670992227e-02       9.648883926076e+03 
       7.015740243860e-02       9.401753618495e+03 
       7.243114983655e-02       9.113904137237e+03 
       7.492325225562e-02       8.780762835319e+03 
       7.761373848005e-02       8.402193128995e+03 
       8.047039884198e-02       7.984221986804e+03 
       8.345563689058e-02       7.539058302396e+03 
       8.653367413460e-02       7.083298961496e+03 
       8.967507978440e-02       6.634864975132e+03 
       9.285803464856e-02       6.210229105617e+03 
       9.606748138441e-02       5.822355424296e+03 
       9.929351232014e-02       5.479738698062e+03 
       1.025298054010e-01       5.186128546280e+03 
       1.057724038802e-01       4.941126896304e+03 
       1.090188609104e-01       4.740750385339e+03 
       1.122676744183e-01       4.578413778959e+03 
       1.155179263562e-01       4.445761004878e+03 
       1.187690570516e-01       4.333568507338e+03 
       1.220207257674e-01       4.232563065292e+03 
       1.252727251623e-01       4.134240127432e+03 
       1.285249290480e-01       4.031581539231e+03 
       1.317772605652e-01       3.919600556752e+03 
       1.350296728294e-01       3.795684878448e+03 
       1.382821371703e-01       3.659600600305e+03 
       1.415346359894e-01       3.513223133511e+03 
       1.447871584231e-01       3.360048821323e+03 
       1.480396977094e-01       3.204522454277e+03 
       1.512922495887e-01       3.051423878566e+03 
       1.545448113320e-01       2.905219681050e+03 
       1.577973811506e-01       2.769650901953e+03 
       1.610499578362e-01       2.647383043499e+03 
       1.643025405423e-01       2.539904385511e+03 
       1.675551286505e-01       2.447509325632e+03 
       1.708077216882e-01       2.369409662836e+03 
       1.740603192784e-01       2.303927388187e+03 
       1.773129211088e-01       2.248721548703e+03 
       1.805655269119e-01       2.201061661584e+03 
       1.838181364530e-01       2.158094100965e+03 
       1.870707495219e-01       2.117535138067e+03 
       1.903233659282e-01       2.076617039657e+03 
       1.935759854971e-01       2.033232383897e+03 
       1.968286080676e-01       1.986120879396e+03 
       2.000812334904e-01       1.934773603959e+03 
       2.033338616263e-01       1.879427901996e+03 
       2.065864923455e-01       1.820935643019e+03 
       2.098391255266e-01       1.760577285255e+03 
       2.130917610557e-01       1.699847469103e+03 
       2.163443988259e-01       1.640251365890e+03 
       2.195970387369e-01       1.583111165350e+03 
       2.228496806942e-01       1.529494292244e+03 
       2.261023246088e-01       1.480166941351e+03 
       2.293549703969e-01       1.435562849989e+03 
       2.326076179792e-01       1.395782047578e+03 
       2.358602672810e-01       1.360631797917e+03 
       2.391129182318e-01       1.329639687108e+03 
       2.423655707646e-01       1.302105513501e+03 
       2.456182248162e-01       1.277197538814e+03 
       2.488708803266e-01       1.254000013855e+03 
       2.521235372391e-01       1.231638153583e+03 
       2.553761954997e-01       1.209346813965e+03 
       2.586288550572e-01       1.186541198661e+03 
       2.618815158630e-01       1.162831800037e+03 
       2.651341778709e-01       1.138045772526e+03 
       2.683868410370e-01       1.112186382940e+03 
       2.716395053193e-01       1.085447929376e+03 
       2.748921706780e-01       1.058147927361e+03 
       2.781448370751e-01       1.030698947355e+03 
       2.813975044745e-01       1.003567808297e+03 
       2.846501728415e-01       9.772100025812e+02 
       2.879028421433e-01       9.520359100281e+02 
       2.911555123482e-01       9.283455650448e+02 
       2.944081834261e-01       9.063161548326e+02 
       2.976608553484e-01       8.860037129072e+02 
       3.009135280875e-01       8.673303125908e+02 
       3.041662016170e-01       8.501485948724e+02 
       3.074188759117e-01       8.342392201700e+02 
       3.106715509475e-01       8.193443729835e+02 
       3.139242267011e-01       8.051931213646e+02 
       3.171769031505e-01       7.915205421750e+02 
       3.204295802743e-01       7.780801686157e+02 
       3.236822580520e-01       7.646677557823e+02 
       3.269349364642e-01       7.511333160688e+02 
       3.301876154918e-01       7.373857128608e+02 
       3.334402951169e-01       7.234150491462e+02 
       3.366929753220e-01       7.092692651506e+02 
       3.399456560903e-01       6.950417797071e+02 
       3.431983374059e-01       6.808627582528e+02 
       3.464510192532e-01       6.668570036862e+02 
       3.497037016174e-01       6.531588787739e+02 
       3.529563844839e-01       6.398786289739e+02 
       3.562090678392e-01       6.271059582941e+02 
       3.594617516697e-01       6.149127384440e+02 
       3.627144359627e-01       6.033327566896e+02 
       3.659671207057e-01       5.923720667776e+02 
       3.692198058869e-01       5.820029315645e+02 
       3.724724914947e-01       5.721625901841e+02 
       3.757251775180e-01       5.627694424808e+02 
       3.789778639460e-01       5.537288635014e+02 
       3.822305507684e-01       5.449481673278e+02 
       3.854832379751e-01       5.363482832940e+02 
       3.887359255564e-01       5.278634638676e+02 
       3.919886135031e-01       5.194494555190e+02 
       3.952413018059e-01       5.110802660601e+02 
       3.984939904562e-01       5.027401677338e+02 
       4.017466794455e-01       4.944305402881e+02 
       4.049993687656e-01       4.861647455978e+02 
       4.082520584086e-01       4.779688961222e+02 
       4.115047483667e-01       4.698769786970e+02 
       4.147574386326e-01       4.619285849537e+02 
       4.180101291989e-01       4.541610387915e+02 
       4.212628200588e-01       4.466045827205e+02 
       4.245155112055e-01       4.392783685318e+02 
       4.277682026323e-01       4.321890679383e+02 
       4.310208943329e-01       4.253385844350e+02 
       4.342735863012e-01       4.187188507771e+02 
       4.375262785312e-01       4.123200119807e+02 
       4.407789710170e-01       4.061255208904e+02 
       4.440316637529e-01       4.001215770477e+02 
       4.472843567336e-01       3.942822653280e+02 
       4.505370499537e-01       3.885862144320e+02 
       4.537897434080e-01       3.830053397752e+02 
       4.570424370916e-01       3.775161754724e+02 
       4.602951309995e-01       3.721021970495e+02 
       4.635478251269e-01       3.667506334994e+02 
       4.668005194694e-01       3.614574816418e+02 
       4.700532140224e-01       3.562249124957e+02 
       4.733059087815e-01       3.510546382724e+02 
       4.765586037426e-01       3.459547267388e+02 
       4.798112989014e-01       3.409286566846e+02 
       4.830639942541e-01       3.359873069595e+02 
       4.863166897966e-01       3.311373093316e+02 
       4.895693855253e-01       3.263893015722e+02 
       4.928220814363e-01       3.217538668656e+02 
       4.960747775261e-01       3.172362849814e+02 
       4.993274737912e-01       3.128388853520e+02 
       5.025801702282e-01       3.085596120977e+02 
       5.058328668338e-01       3.043901250893e+02 
       5.090855636047e-01       3.003214097829e+02 
       5.123382605377e-01       2.963429681739e+02 
       5.155909576298e-01       2.924462075742e+02 
       5.188436548779e-01       2.886232378149e+02 
       5.220963522792e-01       2.848686687200e+02 
       5.253490498308e-01       2.811748667439e+02 
       5.286017475299e-01       2.775357307252e+02 
       5.318544453738e-01       2.739469739129e+02 
       5.351071433599e-01       2.704053726104e+02 
       5.383598414855e-01       2.669101815759e+02 
       5.416125397482e-01       2.634637515644e+02 
       5.448652381454e-01       2.600704065294e+02 
       5.481179366748e-01       2.567344631353e+02 
       5.513706353340e-01       2.534581583805e+02 
       5.546233341208e-01       2.502431241492e+02 
       5.578760330329e-01       2.470888727676e+02 
       5.611287320681e-01       2.439946767302e+02 
       5.643814312243e-01       2.409591055353e+02 
       5.676341304993e-01       2.379818274960e+02 
       5.708868298913e-01       2.350647591810e+02 
       5.741395293981e-01       2.322045429849e+02 
       5.773922290178e-01       2.294001673597e+02 
       5.806449287485e-01       2.266477265591e+02 
       5.838976285884e-01       2.239437302384e+02 
       5.871503285356e-01       2.212840590093e+02 
       5.904030285884e-01       2.186659903235e+02 
       5.936557287450e-01       2.160875902811e+02 
       5.969084290037e-01       2.135490780607e+02 
       6.001611293629e-01       2.110496420246e+02 
       6.034138298209e-01       2.085886371214e+02 
       6.066665303761e-01       2.061641740221e+02 
       6.099192310270e-01       2.037750323386e+02 
       6.131719317720e-01       2.014202553072e+02 
       6.164246326097e-01       1.991006160057e+02 
       6.196773335386e-01       1.968158372332e+02 
       6.229300345572e-01       1.945678263421e+02 
       6.261827356641e-01       1.923578238268e+02 
       6.294354368581e-01       1.901859942065e+02 
       6.326881381377e-01       1.880511443615e+02 
       6.359408395016e-01       1.859515403285e+02 
       6.391935409485e-01       1.838857134015e+02 
       6.424462424772e-01       1.818537456465e+02 
       6.456989440864e-01       1.798534329052e+02 
       6.489516457749e-01       1.778854402563e+02 
       6.522043475415e-01       1.759488550727e+02 
       6.554570493851e-01       1.740431631096e+02 
       6.587097513045e-01       1.721656038554e+02 
       6.619624532986e-01       1.703162964071e+02 
       6.652151553662e-01       1.684923552047e+02 
       6.684678575064e-01       1.666930290191e+02 
       6.717205597181e-01       1.649190144508e+02 
       6.749732620001e-01       1.631703286306e+02 
       6.782259643516e-01       1.614481652432e+02 
       6.814786667715e-01       1.597509145475e+02 
       6.847313692588e-01       1.580782744671e+02 
       6.879840718126e-01       1.564305922290e+02 
       6.912367744320e-01       1.548054939346e+02 
       6.944894771159e-01       1.532031442621e+02 
       6.977421798636e-01       1.516238756482e+02 
       7.009948826740e-01       1.500681043254e+02 
       7.042475855465e-01       1.485366469733e+02 
       7.075002884800e-01       1.470276787587e+02 
       7.107529914737e-01       1.455413800520e+02 
       7.140056945269e-01       1.440765551927e+02 
       7.172583976387e-01       1.426315095096e+02 
       7.205111008083e-01       1.412053905479e+02 
       7.237638040349e-01       1.397995350543e+02 
       7.270165073178e-01       1.384127046576e+02 
       7.302692106563e-01       1.370468804065e+02 
       7.335219140495e-01       1.356995843315e+02 
       7.367746174967e-01       1.343710235046e+02 
       7.400273209973e-01       1.330588553331e+02 
       7.432800245505e-01       1.317640781908e+02 
       7.465327281556e-01       1.304864854840e+02 
       7.497854318121e-01       1.292251032844e+02 
       7.530381355191e-01       1.279810333165e+02 
       7.562908392760e-01       1.267539444717e+02 
       7.595435430823e-01       1.255444911479e+02 
       7.627962469372e-01       1.243512558982e+02 
       8.333526886220e-01       1.019309143652e+02 
       9.353631158015e-01       7.840743069510e+01 
       1.097412711648e+00       5.426657953292e+01 
       1.353860874704e+00       3.317481187424e+01 
       1.702118515770e+00       1.920463491024e+01 
       2.142800633544e+00       1.096870522546e+01 
       2.697626037776e+00       6.199614546351e+00 
       3.396109970414e+00       3.465413469601e+00 
       4.275449143001e+00       1.911762522252e+00 
       5.382471572958e+00       1.036913351466e+00 
       6.776130241456e+00       5.492105790814e-01 
       8.530642554596e+00       2.807542196517e-01 
       1.073944269091e+01       1.360436677620e-01 
       1.352015731210e+01       6.065001005884e-02 
       1.702086961166e+01       2.388372414524e-02 
       2.142800528495e+01       7.838452074144e-03 
       2.697626037728e+01       2.012856220402e-03 
       3.396109970414e+01       3.729836339254e-04 
       4.275449143001e+01       4.670169295056e-05 
       5.382471572958e+01       3.603093258085e-06 
       6.776130241456e+01       1.740685346089e-07 
       8.530642554596e+01       5.780587621367e-09 
       1.073944269091e+02       2.174884040937e-10 
       1.352015731210e+02       3.755360446476e-11 
       1.702086961166e+02       2.257096955578e-11 
       2.142800528495e+02       9.669338990868e-12 
       2.697626037728e+02       2.218791874597e-12 
       3.396109970414e+02       3.058641015321e-13 
       4.275449143001e+02       2.901848854455e-14 
       5.382471572958e+02       2.065337954443e-15 
