# Matter power spectrum P(k) at redshift z=0
# for k=1.04891e-05 to 532.03 h/Mpc,
# number of wavenumbers equal to 629
#    1:k (h/Mpc)              2:P (Mpc/h)^3        
       1.048913690790e-05       4.749482091660e+01 
       2.342142268291e-05       1.031979351854e+02 
       3.639954323692e-05       1.579955351909e+02 
       4.945869682682e-05       2.124514243890e+02 
       6.263466844084e-05       2.668911809472e+02 
       7.596415142179e-05       3.215617037227e+02 
       8.948507945195e-05       3.766760498692e+02 
       1.032369733477e-04       4.324318573502e+02 
       1.172613071455e-04       4.890208553482e+02 
       1.316018979951e-04       5.466346680673e+02 
       1.463053243801e-04       6.054688932611e+02 
       1.614213771208e-04       6.657263079631e+02 
       1.770035474259e-04       7.276196401464e+02 
       1.931095558653e-04       7.913741279816e+02 
       2.098019254443e-04       8.572299717355e+02 
       2.271486008211e-04       9.254448003813e+02 
       2.452236139548e-04       9.962961289897e+02 
       2.641077938676e-04       1.070083857390e+03 
       2.838895144615e-04       1.147132782449e+03 
       3.046654691101e-04       1.227795046555e+03 
       3.265414536424e-04       1.312452503531e+03 
       3.496331299378e-04       1.401518822744e+03 
       3.740667302684e-04       1.495441240037e+03 
       3.999796475036e-04       1.594701530800e+03 
       4.275208383992e-04       1.699816348419e+03 
       4.568509470240e-04       1.811335973204e+03 
       4.881420344427e-04       1.929841564493e+03 
       5.215767818556e-04       2.055940174504e+03 
       5.573470219250e-04       2.190256990932e+03 
       5.956514532741e-04       2.333424660114e+03 
       6.366924139168e-04       2.486068777008e+03 
       6.806716388725e-04       2.648790050215e+03 
       7.277850117720e-04       2.822142903953e+03 
       7.782164409044e-04       3.006611480889e+03 
       8.321311386813e-04       3.202584236425e+03 
       8.896687394865e-04       3.410328921965e+03 
       9.509368220394e-04       3.629970328094e+03 
       1.016005470226e-03       3.861472936471e+03 
       1.084903477407e-03       4.104631394702e+03 
       1.157616658957e-03       4.359069115066e+03 
       1.234088500966e-03       4.624246947476e+03 
       1.314223084084e-03       4.899480677866e+03 
       1.397889942608e-03       5.183965393727e+03 
       1.484930309821e-03       5.476804670756e+03 
       1.575164099166e-03       5.777041457530e+03 
       1.668396983152e-03       6.083688202118e+03 
       1.764427035286e-03       6.395754104029e+03 
       1.863050555974e-03       6.712268068679e+03 
       1.964066870764e-03       7.032297072851e+03 
       2.067282037496e-03       7.354960293991e+03 
       2.172511510864e-03       7.679437609379e+03 
       2.279581884125e-03       8.004976254669e+03 
       2.388331862840e-03       8.330890552927e+03 
       2.498612633213e-03       8.656562969429e+03 
       2.610287777342e-03       8.981441579869e+03 
       2.723232867691e-03       9.305035652935e+03 
       2.837334849321e-03       9.626911517433e+03 
       2.952491294924e-03       9.946687676394e+03 
       3.068609596506e-03       1.026403039927e+04 
       3.185606139835e-03       1.057864733168e+04 
       3.303405493452e-03       1.089028602348e+04 
       3.421939633073e-03       1.119872598826e+04 
       3.541147213961e-03       1.150377828632e+04 
       3.660972897920e-03       1.180528029832e+04 
       3.781366737373e-03       1.210309410179e+04 
       3.902283616202e-03       1.239710282842e+04 
       4.023682745163e-03       1.268720951249e+04 
       4.145527208641e-03       1.297333358616e+04 
       4.267783558885e-03       1.325540846742e+04 
       4.390421453665e-03       1.353338408577e+04 
       4.513413333241e-03       1.380722041863e+04 
       4.636734132735e-03       1.407688675953e+04 
       4.760361026179e-03       1.434235952797e+04 
       4.884273198817e-03       1.460361733199e+04 
       5.008451644548e-03       1.486066057166e+04 
       5.132878985664e-03       1.511354779852e+04 
       5.257539312369e-03       1.536218385326e+04 
       5.382418039790e-03       1.560662628806e+04 
       5.507501780496e-03       1.584687781190e+04 
       5.632778230723e-03       1.608295034691e+04 
       5.758236068730e-03       1.631489096604e+04 
       5.883864863906e-03       1.654267585354e+04 
       6.009654995388e-03       1.676637097701e+04 
       6.135597579113e-03       1.698598899775e+04 
       6.261684402362e-03       1.720155091627e+04 
       6.387907864930e-03       1.741310184569e+04 
       6.514260926216e-03       1.762065407241e+04 
       6.640737057555e-03       1.782425975169e+04 
       6.767330199233e-03       1.802394306929e+04 
       6.894034721666e-03       1.821974646269e+04 
       7.020845390306e-03       1.841170189712e+04 
       7.147757333873e-03       1.859984732073e+04 
       7.274766015562e-03       1.878421963056e+04 
       7.401867206915e-03       1.896484987236e+04 
       7.529056964085e-03       1.914177995652e+04 
       7.656331606251e-03       1.931504383358e+04 
       7.783687695955e-03       1.948468298047e+04 
       7.911122021185e-03       1.965073212669e+04 
       8.038631579020e-03       1.981323594363e+04 
       8.166213560688e-03       1.997222061527e+04 
       8.293865337900e-03       2.012773075763e+04 
       8.421584450345e-03       2.027980704808e+04 
       8.549368594219e-03       2.042848000468e+04 
       8.677215611713e-03       2.057379636920e+04 
       8.805123481354e-03       2.071578076953e+04 
       8.933090309131e-03       2.085448269220e+04 
       9.061114320331e-03       2.098993128022e+04 
       9.189193852024e-03       2.112216466319e+04 
       9.317327346134e-03       2.125122305600e+04 
       9.445513343053e-03       2.137713049174e+04 
       9.573750475747e-03       2.149993320194e+04 
       9.702037464311e-03       2.161966159910e+04 
       9.830373110934e-03       2.173634941021e+04 
       9.958756295244e-03       2.185003054048e+04 
       1.008718597000e-02       2.196075007287e+04 
       1.021566115711e-02       2.206852860516e+04 
       1.034418094391e-02       2.217340858293e+04 
       1.047274447977e-02       2.227541290158e+04 
       1.060135097286e-02       2.237459078616e+04 
       1.072999968727e-02       2.247097150182e+04 
       1.085868994020e-02       2.256457664467e+04 
       1.098742109946e-02       2.265544997322e+04 
       1.111619258108e-02       2.274361570433e+04 
       1.124500384711e-02       2.282911881393e+04 
       1.137385440360e-02       2.291197317764e+04 
       1.150274379866e-02       2.299221830058e+04 
       1.163167162073e-02       2.306987991121e+04 
       1.176063749691e-02       2.314499969529e+04 
       1.188964109142e-02       2.321760695458e+04 
       1.201868210424e-02       2.328771415781e+04 
       1.214776026968e-02       2.335537007687e+04 
       1.227687535526e-02       2.342058663171e+04 
       1.240602716048e-02       2.348340705405e+04 
       1.253521551583e-02       2.354385988826e+04 
       1.266444028174e-02       2.360196812161e+04 
       1.279370134769e-02       2.365775567121e+04 
       1.292299863140e-02       2.371127312817e+04 
       1.305233207796e-02       2.376253503265e+04 
       1.318170165920e-02       2.381155693300e+04 
       1.331110737292e-02       2.385838639205e+04 
       1.344054924235e-02       2.390302252975e+04 
       1.357002731554e-02       2.394550794295e+04 
       1.369954166485e-02       2.398587583056e+04 
       1.382909238647e-02       2.402414167259e+04 
       1.395867959994e-02       2.406034160567e+04 
       1.408830344783e-02       2.409448766703e+04 
       1.421796409531e-02       2.412662046935e+04 
       1.434766172984e-02       2.415675914733e+04 
       1.447739656090e-02       2.418492149346e+04 
       1.460716881970e-02       2.421114190906e+04 
       1.473697875896e-02       2.423544250826e+04 
       1.486682665272e-02       2.425785515718e+04 
       1.499671279615e-02       2.427839022503e+04 
       1.512663750541e-02       2.429708115501e+04 
       1.525660111752e-02       2.431394606902e+04 
       1.538660399029e-02       2.432901818973e+04 
       1.551664650222e-02       2.434231532000e+04 
       1.564672905247e-02       2.435385366000e+04 
       1.577685206083e-02       2.436367551832e+04 
       1.590701596770e-02       2.437178504709e+04 
       1.603722123412e-02       2.437820450073e+04 
       1.616746834180e-02       2.438298626182e+04 
       1.629775779320e-02       2.438611463825e+04 
       1.642809011157e-02       2.438762750776e+04 
       1.655846584105e-02       2.438755617545e+04 
       1.668888554682e-02       2.438591141575e+04 
       1.681934981517e-02       2.438272113905e+04 
       1.694985925372e-02       2.437799798583e+04 
       1.708041449152e-02       2.437177895667e+04 
       1.721101617928e-02       2.436407433804e+04 
       1.734166498955e-02       2.435489943567e+04 
       1.747236161694e-02       2.434428973478e+04 
       1.760310677836e-02       2.433225217449e+04 
       1.773390121327e-02       2.431882162717e+04 
       1.786474568395e-02       2.430401204731e+04 
       1.799564097579e-02       2.428782891749e+04 
       1.812658789757e-02       2.427032060993e+04 
       1.825758728180e-02       2.425149641763e+04 
       1.838863998505e-02       2.423135779733e+04 
       1.851974688831e-02       2.420993997336e+04 
       1.865090889732e-02       2.418728405580e+04 
       1.878212694302e-02       2.416337061642e+04 
       1.891340198188e-02       2.413823864469e+04 
       1.904473499640e-02       2.411192434389e+04 
       1.917612699546e-02       2.408439859518e+04 
       1.930757901486e-02       2.405573588601e+04 
       1.943909211771e-02       2.402591320223e+04 
       1.957066739500e-02       2.399493226201e+04 
       1.970230596605e-02       2.396289516615e+04 
       1.983400897906e-02       2.392976524615e+04 
       1.996577761168e-02       2.389553583045e+04 
       2.009761307151e-02       2.386027738516e+04 
       2.022951659678e-02       2.382396359165e+04 
       2.036148945686e-02       2.378664804252e+04 
       2.049353295296e-02       2.374831380594e+04 
       2.062564841875e-02       2.370903770048e+04 
       2.075783722102e-02       2.366873621204e+04 
       2.089010076037e-02       2.362753366327e+04 
       2.102244047195e-02       2.358542493068e+04 
       2.115485782620e-02       2.354233918992e+04 
       2.128735432955e-02       2.349835447488e+04 
       2.141993152527e-02       2.345351394670e+04 
       2.155259099427e-02       2.340781446234e+04 
       2.168533435590e-02       2.336126190602e+04 
       2.181816326886e-02       2.331387512045e+04 
       2.195107943203e-02       2.326570061909e+04 
       2.208408458546e-02       2.321669637155e+04 
       2.221718051125e-02       2.316688199670e+04 
       2.235036903456e-02       2.311634818970e+04 
       2.248365202462e-02       2.306506978058e+04 
       2.261703139574e-02       2.301299688430e+04 
       2.275050910841e-02       2.296021539727e+04 
       2.288408717037e-02       2.290676651159e+04 
       2.301776763779e-02       2.285260058078e+04 
       2.315155261640e-02       2.279776507171e+04 
       2.328544426273e-02       2.274222072833e+04 
       2.341944478535e-02       2.268609637304e+04 
       2.355355644615e-02       2.262926578399e+04 
       2.368778156168e-02       2.257188490719e+04 
       2.382212250450e-02       2.251388874322e+04 
       2.395658170462e-02       2.245526739677e+04 
       2.409116165095e-02       2.239604143576e+04 
       2.422586489279e-02       2.233633343510e+04 
       2.436069404141e-02       2.227603641008e+04 
       2.449565177162e-02       2.221515442241e+04 
       2.463074082346e-02       2.215382813925e+04 
       2.476596400388e-02       2.209188403249e+04 
       2.490132418854e-02       2.202957886280e+04 
       2.503682432360e-02       2.196670319148e+04 
       2.517246742760e-02       2.190333399322e+04 
       2.530825659345e-02       2.183956939268e+04 
       2.544419499039e-02       2.177528094884e+04 
       2.558028586610e-02       2.171062006933e+04 
       2.571653254882e-02       2.164551122234e+04 
       2.585293844960e-02       2.157997713250e+04 
       2.598950706457e-02       2.151405905635e+04 
       2.612624197733e-02       2.144770677905e+04 
       2.626314686139e-02       2.138107291210e+04 
       2.640022548274e-02       2.131401148710e+04 
       2.653748170243e-02       2.124661158104e+04 
       2.667491947933e-02       2.117885248827e+04 
       2.681254287295e-02       2.111079045666e+04 
       2.695035604632e-02       2.104237232091e+04 
       2.708836326906e-02       2.097367206548e+04 
       2.722656892046e-02       2.090459628245e+04 
       2.736497749275e-02       2.083531193059e+04 
       2.750359359446e-02       2.076569718326e+04 
       2.764242195392e-02       2.069583732054e+04 
       2.778146742282e-02       2.062573271388e+04 
       2.792073498003e-02       2.055533133424e+04 
       2.806022973543e-02       2.048474122974e+04 
       2.819995693398e-02       2.041384340320e+04 
       2.833992195987e-02       2.034281019746e+04 
       2.848013034092e-02       2.027149793687e+04 
       2.862058775307e-02       2.020001368239e+04 
       2.876130002507e-02       2.012827234875e+04 
       2.890227314337e-02       2.005648155300e+04 
       2.904351325717e-02       1.998438643529e+04 
       2.918502668371e-02       1.991212424003e+04 
       2.932681991376e-02       1.983977066459e+04 
       2.946889961729e-02       1.976721451830e+04 
       2.961127264946e-02       1.969452837319e+04 
       2.975394605676e-02       1.962169005262e+04 
       2.989692708345e-02       1.954871699377e+04 
       3.004022317830e-02       1.947565266855e+04 
       3.018384200156e-02       1.940243385852e+04 
       3.032779143224e-02       1.932912569112e+04 
       3.047207957573e-02       1.925574404305e+04 
       3.061671477171e-02       1.918223681234e+04 
       3.076170560246e-02       1.910861520511e+04 
       3.090706090145e-02       1.903496574466e+04 
       3.105278976240e-02       1.896125485894e+04 
       3.119890154869e-02       1.888734739789e+04 
       3.134540590324e-02       1.881351000445e+04 
       3.149231275877e-02       1.873957775526e+04 
       3.163963234861e-02       1.866559604090e+04 
       3.178737521800e-02       1.859157217513e+04 
       3.193555223582e-02       1.851752807060e+04 
       3.208417460705e-02       1.844342736964e+04 
       3.223325388567e-02       1.836921709877e+04 
       3.238280198825e-02       1.829512065946e+04 
       3.253283120821e-02       1.822100790456e+04 
       3.268335423077e-02       1.814679808603e+04 
       3.283438414861e-02       1.807256962726e+04 
       3.298593447837e-02       1.799839877755e+04 
       3.313801917799e-02       1.792420822733e+04 
       3.329065266482e-02       1.784999333604e+04 
       3.344384983485e-02       1.777582873399e+04 
       3.359762608280e-02       1.770165084763e+04 
       3.375199732334e-02       1.762747102216e+04 
       3.390698001342e-02       1.755333755230e+04 
       3.406259117582e-02       1.747927578667e+04 
       3.421884842393e-02       1.740514651341e+04 
       3.437576998800e-02       1.733115158166e+04 
       3.453337474276e-02       1.725704170279e+04 
       3.469168223660e-02       1.718312430152e+04 
       3.485071272250e-02       1.710914722706e+04 
       3.501048719062e-02       1.703526673132e+04 
       3.517102740289e-02       1.696144599202e+04 
       3.533235592955e-02       1.688757174835e+04 
       3.549449618798e-02       1.681382596495e+04 
       3.565747248376e-02       1.674007069397e+04 
       3.582131005427e-02       1.666645585315e+04 
       3.598603511506e-02       1.659276966636e+04 
       3.615167490897e-02       1.651923184000e+04 
       3.631825775852e-02       1.644575052132e+04 
       3.648581312155e-02       1.637233204331e+04 
       3.665437165047e-02       1.629890830856e+04 
       3.682396525550e-02       1.622551161568e+04 
       3.699462717199e-02       1.615226537307e+04 
       3.716639203238e-02       1.607904765843e+04 
       3.733929594303e-02       1.600586167217e+04 
       3.751337656637e-02       1.593280425046e+04 
       3.768867320881e-02       1.585970473133e+04 
       3.786522691495e-02       1.578673286481e+04 
       3.804308056849e-02       1.571374221300e+04 
       3.822227900064e-02       1.564088609904e+04 
       3.840286910642e-02       1.556799360731e+04 
       3.858489996987e-02       1.549525563284e+04 
       3.876842299870e-02       1.542247924216e+04 
       3.895349206941e-02       1.534980572852e+04 
       3.914016368380e-02       1.527717109622e+04 
       3.932849713802e-02       1.520454650933e+04 
       3.951855470527e-02       1.513198059108e+04 
       3.971040183354e-02       1.505947444681e+04 
       3.990410735990e-02       1.498694413785e+04 
       4.009974374300e-02       1.491448697434e+04 
       4.029738731565e-02       1.484206355845e+04 
       4.049711855952e-02       1.476955515763e+04 
       4.069902240439e-02       1.469716104291e+04 
       4.090318855463e-02       1.462476616237e+04 
       4.110971184569e-02       1.455238132740e+04 
       4.131869263423e-02       1.447995532428e+04 
       4.153023722547e-02       1.440758373698e+04 
       4.174445834223e-02       1.433511423313e+04 
       4.196147564047e-02       1.426266525867e+04 
       4.218141627693e-02       1.419021514517e+04 
       4.240441553525e-02       1.411768532630e+04 
       4.263061751788e-02       1.404511176860e+04 
       4.286017591194e-02       1.397245759663e+04 
       4.309325483894e-02       1.389977127014e+04 
       4.333002979904e-02       1.382697127717e+04 
       4.357068872287e-02       1.375408144502e+04 
       4.381543314557e-02       1.368108144082e+04 
       4.406447952017e-02       1.360798700842e+04 
       4.431806069038e-02       1.353476994495e+04 
       4.457642754612e-02       1.346138424593e+04 
       4.483985088898e-02       1.338783102528e+04 
       4.510862354008e-02       1.331409598909e+04 
       4.538306272794e-02       1.324011696449e+04 
       4.566351280150e-02       1.316597703098e+04 
       4.595034832149e-02       1.309152044135e+04 
       4.624397759373e-02       1.301682040141e+04 
       4.654484672056e-02       1.294183605410e+04 
       4.685344426159e-02       1.286653708616e+04 
       4.717030661414e-02       1.279082885537e+04 
       4.749602424673e-02       1.271469168245e+04 
       4.783124894795e-02       1.263818862093e+04 
       4.817670228888e-02       1.256118231359e+04 
       4.853318554212e-02       1.248364169188e+04 
       4.890159135685e-02       1.240551328742e+04 
       4.928291756030e-02       1.232674891233e+04 
       4.967828354604e-02       1.224730161173e+04 
       5.008894982309e-02       1.216700072648e+04 
       5.051634144546e-02       1.208594459128e+04 
       5.096207622587e-02       1.200385553941e+04 
       5.142799887370e-02       1.192070480136e+04 
       5.191622249643e-02       1.183631721328e+04 
       5.242917928397e-02       1.175061824355e+04 
       5.296968267179e-02       1.166334379335e+04 
       5.354100386604e-02       1.157432013704e+04 
       5.414696631745e-02       1.148325741350e+04 
       5.479206252564e-02       1.138979343942e+04 
       5.548159835609e-02       1.129362865653e+04 
       5.622187063703e-02       1.119419667239e+04 
       5.702038367880e-02       1.109075261371e+04 
       5.788610849937e-02       1.098258969854e+04 
       5.882978293102e-02       1.086852050235e+04 
       5.986423767185e-02       1.074702414748e+04 
       6.100470623718e-02       1.061614341595e+04 
       6.226902574635e-02       1.047322080099e+04 
       6.367754917506e-02       1.031461907947e+04 
       6.525246617367e-02       1.013559371838e+04 
       6.701610792656e-02       9.930100828528e+03 
       6.898783047038e-02       9.691086304592e+03 
       7.117950190428e-02       9.411162583210e+03 
       7.359067974854e-02       9.084475125617e+03 
       7.620582500429e-02       8.709136837150e+03 
       7.899589862169e-02       8.289439665372e+03 
       8.192435324980e-02       7.836532670565e+03 
       8.495456729175e-02       7.366959975462e+03 
       8.805527536229e-02       6.899622109467e+03 
       9.120268206302e-02       6.452688354599e+03 
       9.438007097606e-02       6.041069336179e+03 
       9.757631339953e-02       5.675074234679e+03 
       1.007842549342e-01       5.360008457504e+03 
       1.039993969240e-01       5.096525529940e+03 
       1.072189493738e-01       4.881315876956e+03 
       1.104411965510e-01       4.708043203583e+03 
       1.136650887242e-01       4.568280045714e+03 
       1.168899855587e-01       4.452408406270e+03 
       1.201154970898e-01       4.350531539283e+03 
       1.233413859981e-01       4.253336874252e+03 
       1.265675078609e-01       4.152887356171e+03 
       1.297937747342e-01       4.043283519847e+03 
       1.330201329954e-01       3.921066320772e+03 
       1.362465498772e-01       3.785355931571e+03 
       1.394730052881e-01       3.637618159124e+03 
       1.426994868456e-01       3.481219501287e+03 
       1.459259868604e-01       3.320722892103e+03 
       1.491525005050e-01       3.161224421381e+03 
       1.523790247016e-01       3.007651567205e+03 
       1.556055574450e-01       2.864235818372e+03 
       1.588320973923e-01       2.734161887642e+03 
       1.620586436114e-01       2.619354728651e+03 
       1.652851954286e-01       2.520466968060e+03 
       1.685117523352e-01       2.436944939235e+03 
       1.717383139294e-01       2.367260857647e+03 
       1.749648798814e-01       2.309081065873e+03 
       1.781914499107e-01       2.259605902407e+03 
       1.814180237726e-01       2.215797899969e+03 
       1.846446012492e-01       2.174999420658e+03 
       1.878711821432e-01       2.134533724504e+03 
       1.910977662745e-01       2.091826967757e+03 
       1.943243534770e-01       2.045344627098e+03 
       1.975509435969e-01       1.994304222340e+03 
       2.007775364911e-01       1.938773512688e+03 
       2.040041320262e-01       1.879493547766e+03 
       2.072307300775e-01       1.817742295185e+03 
       2.104573305280e-01       1.755062484292e+03 
       2.136839332681e-01       1.693092344733e+03 
       2.169105381947e-01       1.633295261433e+03 
       2.201371452109e-01       1.576923369161e+03 
       2.233637542255e-01       1.524864593309e+03 
       2.265903651525e-01       1.477682504769e+03 
       2.298169779107e-01       1.435581747619e+03 
       2.330435924237e-01       1.398438929914e+03 
       2.362702086188e-01       1.365822015240e+03 
       2.394968264279e-01       1.337059196735e+03 
       2.427234457859e-01       1.311284785851e+03 
       2.459500666317e-01       1.287540605755e+03 
       2.491766889070e-01       1.264884837825e+03 
       2.524033125566e-01       1.242467476539e+03 
       2.556299375282e-01       1.219607437761e+03 
       2.588565637721e-01       1.195834447929e+03 
       2.620831912409e-01       1.170898106438e+03 
       2.653098198897e-01       1.144769834824e+03 
       2.685364496757e-01       1.117593582829e+03 
       2.717630805582e-01       1.089684338474e+03 
       2.749897124983e-01       1.061456864436e+03 
       2.782163454590e-01       1.033407272806e+03 
       2.814429794051e-01       1.006025018725e+03 
       2.846696143029e-01       9.797650253146e+02 
       2.878962501201e-01       9.549809672596e+02 
       2.911228868260e-01       9.319017442627e+02 
       2.943495243912e-01       9.106115586942e+02 
       2.975761627877e-01       8.910802130798e+02 
       3.008028019885e-01       8.731635241367e+02 
       3.040294419679e-01       8.566508885837e+02 
       3.072560827013e-01       8.412663232769e+02 
       3.104827241650e-01       8.267297312166e+02 
       3.137093663363e-01       8.127607873466e+02 
       3.169360091936e-01       7.990830774190e+02 
       3.201626527159e-01       7.854710005159e+02 
       3.233892968834e-01       7.717476807760e+02 
       3.266159416767e-01       7.578029404777e+02 
       3.298425870775e-01       7.435953524306e+02 
       3.330692330679e-01       7.291732151005e+02 
       3.362958796310e-01       7.146098959978e+02 
       3.395225267503e-01       7.000439512866e+02 
       3.427491744100e-01       6.856089022463e+02 
       3.459758225950e-01       6.714560828231e+02 
       3.492024712906e-01       6.577017284975e+02 
       3.524291204827e-01       6.444566448139e+02 
       3.556557701578e-01       6.317910758238e+02 
       3.588824203028e-01       6.197613615203e+02 
       3.621090709050e-01       6.083829369551e+02 
       3.653357219524e-01       5.976279617990e+02 
       3.685623734330e-01       5.874469283841e+02 
       3.717890253357e-01       5.777611260887e+02 
       3.750156776495e-01       5.684639494170e+02 
       3.782423303638e-01       5.594593823791e+02 
       3.814689834684e-01       5.506607297272e+02 
       3.846956369534e-01       5.419916264852e+02 
       3.879222908093e-01       5.334022326415e+02 
       3.911489450270e-01       5.248502881469e+02 
       3.943755995974e-01       5.163298516448e+02 
       3.976022545120e-01       5.078260233516e+02 
       4.008289097624e-01       4.993597798011e+02 
       4.040555653405e-01       4.909466943032e+02 
       4.072822212386e-01       4.826293185205e+02 
       4.105088774490e-01       4.744466704102e+02 
       4.137355339644e-01       4.664352662224e+02 
       4.169621907777e-01       4.586335949814e+02 
       4.201888478820e-01       4.510694890197e+02 
       4.234155052706e-01       4.437520890194e+02 
       4.266421629371e-01       4.366788568221e+02 
       4.298688208752e-01       4.298459482963e+02 
       4.330954790787e-01       4.232485781891e+02 
       4.363221375419e-01       4.168697053632e+02 
       4.395487962588e-01       4.106913265158e+02 
       4.427754552240e-01       4.046895634653e+02 
       4.460021144321e-01       3.988404431350e+02 
       4.492287738778e-01       3.931158518463e+02 
       4.524554335560e-01       3.874916032453e+02 
       4.556820934618e-01       3.819435680645e+02 
       4.589087535902e-01       3.764622831742e+02 
       4.621354139367e-01       3.710424351416e+02 
       4.653620744968e-01       3.656721405215e+02 
       4.685887352659e-01       3.603704717771e+02 
       4.718153962397e-01       3.551331960821e+02 
       4.750420574142e-01       3.499710592160e+02 
       4.782687187851e-01       3.448909662836e+02 
       4.814953803486e-01       3.399023736471e+02 
       4.847220421008e-01       3.350165874477e+02 
       4.879487040379e-01       3.302423783134e+02 
       4.911753661563e-01       3.255886587116e+02 
       4.944020284524e-01       3.210611549873e+02 
       4.976286909228e-01       3.166540689850e+02 
       5.008553535640e-01       3.123640514845e+02 
       5.040820163728e-01       3.081783919759e+02 
       5.073086793459e-01       3.040926567579e+02 
       5.105353424804e-01       3.000913853111e+02 
       5.137620057730e-01       2.961673826506e+02 
       5.169886692208e-01       2.923142820666e+02 
       5.202153328209e-01       2.885244328793e+02 
       5.234419965706e-01       2.847923618830e+02 
       5.266686604670e-01       2.811119091485e+02 
       5.298953245074e-01       2.774795849835e+02 
       5.331219886893e-01       2.738937734740e+02 
       5.363486530101e-01       2.703566391705e+02 
       5.395753174672e-01       2.668728978512e+02 
       5.428019820582e-01       2.634451217953e+02 
       5.460286467808e-01       2.600778677160e+02 
       5.492553116327e-01       2.567734574799e+02 
       5.524819766115e-01       2.535316686246e+02 
       5.557086417150e-01       2.503551078778e+02 
       5.589353069411e-01       2.472312819668e+02 
       5.621619722877e-01       2.441688016857e+02 
       5.653886377526e-01       2.411744176321e+02 
       5.686153033339e-01       2.382397350319e+02 
       5.718419690296e-01       2.353538907545e+02 
       5.750686348378e-01       2.325279508646e+02 
       5.782953007566e-01       2.297521821195e+02 
       5.815219667840e-01       2.270260205158e+02 
       5.847486329184e-01       2.243361594689e+02 
       5.879752991579e-01       2.216907319452e+02 
       5.912019655009e-01       2.190854281504e+02 
       5.944286319456e-01       2.165198353571e+02 
       5.976552984904e-01       2.139938844083e+02 
       6.008819651337e-01       2.115071124435e+02 
       6.041086318739e-01       2.090541286708e+02 
       6.073352987094e-01       2.066377709027e+02 
       6.105619656387e-01       2.042564304187e+02 
       6.137886326604e-01       2.019108873020e+02 
       6.170152997729e-01       1.996036460365e+02 
       6.202419669750e-01       1.973337000494e+02 
       6.234686342651e-01       1.951018411303e+02 
       6.266953016419e-01       1.929091042213e+02 
       6.299219691041e-01       1.907534832310e+02 
       6.331486366504e-01       1.886331663317e+02 
       6.363753042794e-01       1.865469368960e+02 
       6.396019719900e-01       1.844936180499e+02 
       6.428286397808e-01       1.824728554081e+02 
       6.460553076508e-01       1.804855217152e+02 
       6.492819755987e-01       1.785299303011e+02 
       6.525086436233e-01       1.766061919214e+02 
       6.557353117236e-01       1.747053143802e+02 
       6.589619798983e-01       1.728348511289e+02 
       6.621886481465e-01       1.709884574165e+02 
       6.654153164669e-01       1.691690842440e+02 
       6.686419848587e-01       1.673736357753e+02 
       6.718686533208e-01       1.656073163409e+02 
       6.750953218521e-01       1.638638836881e+02 
       6.783219904516e-01       1.621477631349e+02 
       6.815486591185e-01       1.604563718794e+02 
       6.847753278516e-01       1.587882171785e+02 
       6.880019966502e-01       1.571443304458e+02 
       6.912286655133e-01       1.555239838494e+02 
       6.944553344399e-01       1.539271952199e+02 
       6.976820034292e-01       1.523547427889e+02 
       7.009086724804e-01       1.508061795947e+02 
       7.041353415925e-01       1.492826706738e+02 
       7.073620107648e-01       1.477790258948e+02 
       7.105886799964e-01       1.462947139430e+02 
       7.138153492865e-01       1.448323207423e+02 
       7.170420186344e-01       1.433898628019e+02 
       7.202686880391e-01       1.419671187526e+02 
       7.234953575001e-01       1.405663007838e+02 
       7.267220270165e-01       1.391826412706e+02 
       7.299486965876e-01       1.378195003877e+02 
       7.331753662126e-01       1.364740040421e+02 
       7.364020358909e-01       1.351459749132e+02 
       7.396287056218e-01       1.338333021279e+02 
       7.428553754045e-01       1.325409110351e+02 
       7.460820452385e-01       1.312635968379e+02 
       7.493087151229e-01       1.300057607360e+02 
       7.525353850573e-01       1.287647859089e+02 
       7.557620550409e-01       1.275401596190e+02 
       8.254058742001e-01       1.046425591640e+02 
       9.259437224365e-01       8.061992188553e+01 
       1.085471296311e+00       5.593692544989e+01 
       1.338325591106e+00       3.428406293742e+01 
       1.682459878970e+00       1.989025061166e+01 
       2.118049131680e+00       1.139786674936e+01 
       2.666465729942e+00       6.477373969067e+00 
       3.356881467034e+00       3.653857642349e+00 
       4.226063383229e+00       2.047282863548e+00 
       5.320298585000e+00       1.140066103260e+00 
       6.697859086989e+00       6.313186464803e-01 
       8.432105009227e+00       3.476969465602e-01 
       1.061539127103e+01       1.905713806573e-01 
       1.336398582724e+01       1.039686360367e-01 
       1.682426136077e+01       5.646537521486e-02 
       2.118049016174e+01       3.050858650794e-02 
       2.666465729887e+01       1.641249917975e-02 
       3.356881467034e+01       8.778669353676e-03 
       4.226063383229e+01       4.642183639685e-03 
       5.320298585000e+01       2.444911325138e-03 
       6.697859086989e+01       1.269027965704e-03 
       8.432105009227e+01       6.438316612659e-04 
       1.061539127103e+02       3.170323089613e-04 
       1.336398582724e+02       1.478838234801e-04 
       1.682426136077e+02       6.426893251419e-05 
       2.118049016174e+02       2.429795429451e-05 
       2.666465729887e+02       7.744354881663e-06 
       3.356881467034e+02       1.857977875519e-06 
       4.226063383229e+02       3.599907967055e-07 
       5.320298585000e+02       2.756851027053e-08 
