# Matter power spectrum P(k) at redshift z=0
# for k=1.04892e-05 to 2117.76 h/Mpc,
# number of wavenumbers equal to 635
#    1:k (h/Mpc)              2:P (Mpc/h)^3        
       1.048922487945e-05       4.749624126590e+01 
       2.342027282746e-05       1.031953044403e+02 
       3.639714535071e-05       1.579889450295e+02 
       4.945503057694e-05       2.124408745216e+02 
       6.262970311121e-05       2.668766056384e+02 
       7.595784550446e-05       3.215429834773e+02 
       8.947738007726e-05       3.766530259969e+02 
       1.032278155438e-04       4.324043251910e+02 
       1.172506129147e-04       4.889885502325e+02 
       1.315895751921e-04       5.465972912519e+02 
       1.462912653725e-04       6.054260789915e+02 
       1.614054572125e-04       6.656776355250e+02 
       1.769856230178e-04       7.275646232246e+02 
       1.930894623288e-04       7.913122036501e+02 
       2.097794746802e-04       8.571605073871e+02 
       2.271235784767e-04       9.253670651243e+02 
       2.451957762752e-04       9.962092970779e+02 
       2.640768641623e-04       1.069986990838e+03 
       2.838551791765e-04       1.147024827270e+03 
       3.046273735132e-04       1.227674805936e+03 
       3.264991971518e-04       1.312318646947e+03 
       3.495862611624e-04       1.401369852232e+03 
       3.740147418734e-04       1.495275458075e+03 
       3.999219710831e-04       1.594517118946e+03 
       4.274568396192e-04       1.699611207420e+03 
       4.567799214009e-04       1.811107857616e+03 
       4.880632042381e-04       1.929588010028e+03 
       5.214892946895e-04       2.055658513270e+03 
       5.572499518189e-04       2.189944433535e+03 
       5.955438049075e-04       2.333078188041e+03 
       6.365731308763e-04       2.485685335098e+03 
       6.805396165544e-04       2.648366565143e+03 
       7.276391153208e-04       2.821676347830e+03 
       7.780555281153e-04       3.006098989271e+03 
       8.319540871779e-04       3.202023266194e+03 
       8.894744767704e-04       3.409717327843e+03 
       9.507243563319e-04       3.629306496862e+03 
       1.015773919542e-03       3.860756041350e+03 
       1.084652094176e-03       4.103861233213e+03 
       1.157344847848e-03       4.358246424226e+03 
       1.233795828317e-03       4.623373343448e+03 
       1.313909278409e-03       4.898558749725e+03 
       1.397554886744e-03       5.182998543846e+03 
       1.484574026208e-03       5.475797257826e+03 
       1.574786730347e-03       5.775998536381e+03 
       1.667998769721e-03       6.082615872093e+03 
       1.764008293355e-03       6.394658855283e+03 
       1.862611655798e-03       6.711157408736e+03 
       1.963608217632e-03       7.031179108234e+03 
       2.066804055513e-03       7.353843804468e+03 
       2.172014629802e-03       7.678332128918e+03 
       2.279066529246e-03       8.003891440296e+03 
       2.387798447374e-03       8.329837165155e+03 
       2.498061553115e-03       8.655552512044e+03 
       2.609719407898e-03       8.980485482481e+03 
       2.722647561584e-03       9.304145975618e+03 
       2.836732935805e-03       9.626100695264e+03 
       2.951873079806e-03       9.945967836913e+03 
       3.067975362706e-03       1.026341370594e+04 
       3.184956148321e-03       1.057814608880e+04 
       3.302739984428e-03       1.088991137835e+04 
       3.421258827289e-03       1.119848913527e+04 
       3.540451314085e-03       1.150368845118e+04 
       3.660262089908e-03       1.180534662552e+04 
       3.780641191812e-03       1.210332431545e+04 
       3.901543489580e-03       1.239750266615e+04 
       4.022928181076e-03       1.268778334031e+04 
       4.144758338911e-03       1.297408445976e+04 
       4.267000504602e-03       1.325633915960e+04 
       4.389624326132e-03       1.353449498037e+04 
       4.512602234853e-03       1.380850876272e+04 
       4.635909157771e-03       1.407835167823e+04 
       4.759522261524e-03       1.434399113632e+04 
       4.883420724620e-03       1.460541498806e+04 
       5.007585534815e-03       1.486262690157e+04 
       5.131999308797e-03       1.511552645065e+04 
       5.256646131653e-03       1.536422930297e+04 
       5.381511413834e-03       1.560868913046e+04 
       5.506581763633e-03       1.584894116721e+04 
       5.631844873369e-03       1.608521560637e+04 
       5.757289417713e-03       1.631731177151e+04 
       5.882904962760e-03       1.654535314612e+04 
       6.008681884622e-03       1.676925047585e+04 
       6.134611296458e-03       1.698925132362e+04 
       6.260684982984e-03       1.720490905181e+04 
       6.386895341639e-03       1.741655507395e+04 
       6.513235329642e-03       1.762413000548e+04 
       6.639698416318e-03       1.782801871560e+04 
       6.766278540092e-03       1.802812014303e+04 
       6.892970069656e-03       1.822409840654e+04 
       7.019767768867e-03       1.841624114423e+04 
       7.146666764962e-03       1.860462741693e+04 
       7.273662519760e-03       1.878919598066e+04 
       7.400750803520e-03       1.897002870867e+04 
       7.527927671203e-03       1.914714600049e+04 
       7.655189440876e-03       1.932060785165e+04 
       7.782532674041e-03       1.949046055426e+04 
       7.909954157717e-03       1.965673329525e+04 
       8.037450888074e-03       1.981945429709e+04 
       8.165020055490e-03       1.997864918277e+04 
       8.292659030879e-03       2.013434741830e+04 
       8.420365353181e-03       2.028664047407e+04 
       8.548136717889e-03       2.043554639268e+04 
       8.675970966530e-03       2.058105898851e+04 
       8.803866077010e-03       2.072323940112e+04 
       8.931820154728e-03       2.086213771656e+04 
       9.059831424416e-03       2.099778623133e+04 
       9.187898222619e-03       2.113016550485e+04 
       9.316018990765e-03       2.125947210270e+04 
       9.444192268775e-03       2.138556050421e+04 
       9.572416689169e-03       2.150854325093e+04 
       9.700690971618e-03       2.162848202451e+04 
       9.829013917907e-03       2.174536529010e+04 
       9.957384407283e-03       2.185923602485e+04 
       1.008580139214e-02       2.197014213246e+04 
       1.021426389403e-02       2.207810633776e+04 
       1.034277099997e-02       2.218316807632e+04 
       1.047132185899e-02       2.228536629718e+04 
       1.059991567898e-02       2.238470220762e+04 
       1.072855172371e-02       2.248124518792e+04 
       1.085722931013e-02       2.257507766850e+04 
       1.098594780576e-02       2.266613882760e+04 
       1.111470662637e-02       2.275448130441e+04 
       1.124350523377e-02       2.284014166582e+04 
       1.137234313376e-02       2.292317002039e+04 
       1.150121987422e-02       2.300361841975e+04 
       1.163013504336e-02       2.308143702316e+04 
       1.175908826807e-02       2.315674569535e+04 
       1.188807921236e-02       2.322947625078e+04 
       1.201710757598e-02       2.329975411916e+04 
       1.214617309308e-02       2.336762187024e+04 
       1.227527553094e-02       2.343300726139e+04 
       1.240441468891e-02       2.349599712710e+04 
       1.253359039727e-02       2.355660859709e+04 
       1.266280251627e-02       2.361484572483e+04 
       1.279205093523e-02       2.367084585703e+04 
       1.292133557167e-02       2.372451522514e+04 
       1.305065637054e-02       2.377588483088e+04 
       1.318001330346e-02       2.382511263226e+04 
       1.330940636811e-02       2.387204879001e+04 
       1.343883558753e-02       2.391686370893e+04 
       1.356830100963e-02       2.395949493625e+04 
       1.369780270659e-02       2.400001879593e+04 
       1.382734077444e-02       2.403845448798e+04 
       1.395691533260e-02       2.407480408917e+04 
       1.408652652345e-02       2.410910021687e+04 
       1.421617451202e-02       2.414137279168e+04 
       1.434585948562e-02       2.417165062358e+04 
       1.447558165358e-02       2.419996674707e+04 
       1.460534124697e-02       2.422631835695e+04 
       1.473513851834e-02       2.425075707182e+04 
       1.486497374159e-02       2.427330679421e+04 
       1.499484721175e-02       2.429397650459e+04 
       1.512475924481e-02       2.431279995456e+04 
       1.525471017767e-02       2.432979398044e+04 
       1.538470036797e-02       2.434500784567e+04 
       1.551473019407e-02       2.435841944079e+04 
       1.564480005497e-02       2.437009356153e+04 
       1.577491037032e-02       2.438003785457e+04 
       1.590506158036e-02       2.438826943998e+04 
       1.603525414599e-02       2.439482398616e+04 
       1.616548854877e-02       2.439966857701e+04 
       1.629576529099e-02       2.440292817883e+04 
       1.642608489575e-02       2.440444919620e+04 
       1.655644790704e-02       2.440459963133e+04 
       1.668685488987e-02       2.440311753550e+04 
       1.681730643038e-02       2.439999471821e+04 
       1.694780313603e-02       2.439542310463e+04 
       1.707834563571e-02       2.438925596148e+04 
       1.720893457995e-02       2.438172199577e+04 
       1.733957064115e-02       2.437265709382e+04 
       1.747025451374e-02       2.436213275281e+04 
       1.760098691447e-02       2.435021201266e+04 
       1.773176858263e-02       2.433688131494e+04 
       1.786260028031e-02       2.432217353945e+04 
       1.799348279273e-02       2.430610121725e+04 
       1.812441692848e-02       2.428868856532e+04 
       1.825540351991e-02       2.426989569345e+04 
       1.838644342338e-02       2.424991629363e+04 
       1.851753751970e-02       2.422861008578e+04 
       1.864868671442e-02       2.420598762534e+04 
       1.877989193828e-02       2.418216284782e+04 
       1.891115414757e-02       2.415713442895e+04 
       1.904247432455e-02       2.413088355386e+04 
       1.917385347794e-02       2.410346458687e+04 
       1.930529264329e-02       2.407490404306e+04 
       1.943679288352e-02       2.404518398844e+04 
       1.956835528940e-02       2.401428004183e+04 
       1.969998098003e-02       2.398230870103e+04 
       1.983167110339e-02       2.394924985230e+04 
       1.996342683689e-02       2.391513021440e+04 
       2.009524938791e-02       2.387992193796e+04 
       2.022713999442e-02       2.384368040675e+04 
       2.035909992556e-02       2.380644288601e+04 
       2.049113048231e-02       2.376816114065e+04 
       2.062323299806e-02       2.372896120193e+04 
       2.075540883934e-02       2.368872989964e+04 
       2.088765940652e-02       2.364767662098e+04 
       2.101998613446e-02       2.360552539696e+04 
       2.115239049332e-02       2.356255836394e+04 
       2.128487398926e-02       2.351864992173e+04 
       2.141743816527e-02       2.347384811786e+04 
       2.155008460196e-02       2.342825306721e+04 
       2.168281491838e-02       2.338173170382e+04 
       2.181563077293e-02       2.333431926667e+04 
       2.194853386418e-02       2.328623330616e+04 
       2.208152593186e-02       2.323732587281e+04 
       2.221460875775e-02       2.318763808235e+04 
       2.234778416667e-02       2.313710183937e+04 
       2.248105402752e-02       2.308580757826e+04 
       2.261442025425e-02       2.303383802885e+04 
       2.274788480701e-02       2.298113730597e+04 
       2.288144969317e-02       2.292771012625e+04 
       2.301511696852e-02       2.287358020675e+04 
       2.314888873843e-02       2.281876800833e+04 
       2.328276715903e-02       2.276334125176e+04 
       2.341675443848e-02       2.270722817708e+04 
       2.355085283829e-02       2.265043001378e+04 
       2.368506467457e-02       2.259308125573e+04 
       2.381939231946e-02       2.253507385562e+04 
       2.395383820255e-02       2.247653591855e+04 
       2.408840481228e-02       2.241734003636e+04 
       2.422309469751e-02       2.235769194393e+04 
       2.435791046902e-02       2.229739184216e+04 
       2.449285480115e-02       2.223659255980e+04 
       2.462793043345e-02       2.217524101545e+04 
       2.476314017238e-02       2.211336489051e+04 
       2.489848689305e-02       2.205104882466e+04 
       2.503397354111e-02       2.198824481454e+04 
       2.516960313457e-02       2.192489946822e+04 
       2.530537876576e-02       2.186114129025e+04 
       2.544130360336e-02       2.179690109173e+04 
       2.557738089446e-02       2.173230960290e+04 
       2.571361396670e-02       2.166720391307e+04 
       2.585000623053e-02       2.160167141660e+04 
       2.598656118143e-02       2.153574355181e+04 
       2.612328240236e-02       2.146949011020e+04 
       2.626017356616e-02       2.140282604969e+04 
       2.639723843814e-02       2.133578315106e+04 
       2.653448087866e-02       2.126837140670e+04 
       2.667190484586e-02       2.120069317443e+04 
       2.680951439851e-02       2.113258179571e+04 
       2.694731369890e-02       2.106420343133e+04 
       2.708530701585e-02       2.099547511835e+04 
       2.722349872785e-02       2.092651084800e+04 
       2.736189332633e-02       2.085716390979e+04 
       2.750049541897e-02       2.078759392851e+04 
       2.763930973322e-02       2.071771489996e+04 
       2.777834111989e-02       2.064761656502e+04 
       2.791759455693e-02       2.057724647944e+04 
       2.805707515327e-02       2.050663193116e+04 
       2.819678815291e-02       2.043578403047e+04 
       2.833673893904e-02       2.036470117869e+04 
       2.847693303847e-02       2.029344301806e+04 
       2.861737612606e-02       2.022192938183e+04 
       2.875807402950e-02       2.015025938378e+04 
       2.889903273410e-02       2.007837054452e+04 
       2.904025838792e-02       2.000634161515e+04 
       2.918175730702e-02       1.993407125109e+04 
       2.932353598094e-02       1.986170410879e+04 
       2.946560107840e-02       1.978917914234e+04 
       2.960795945327e-02       1.971644652950e+04 
       2.975061815069e-02       1.964367411988e+04 
       2.989358441356e-02       1.957066584310e+04 
       3.003686568923e-02       1.949752661985e+04 
       3.018046963649e-02       1.942441607813e+04 
       3.032440413283e-02       1.935109106904e+04 
       3.046867728210e-02       1.927765863813e+04 
       3.061329742237e-02       1.920409228444e+04 
       3.075827313425e-02       1.913053038317e+04 
       3.090361324951e-02       1.905689283837e+04 
       3.104932686011e-02       1.898310388130e+04 
       3.119542332759e-02       1.890925749000e+04 
       3.134191229299e-02       1.883542554158e+04 
       3.148880368708e-02       1.876143846834e+04 
       3.163610774119e-02       1.868747200957e+04 
       3.178383499844e-02       1.861348733125e+04 
       3.193199632560e-02       1.853933795044e+04 
       3.208060292539e-02       1.846522896302e+04 
       3.222966634949e-02       1.839107929297e+04 
       3.237919851208e-02       1.831688358200e+04 
       3.252921170410e-02       1.824270807848e+04 
       3.267971860821e-02       1.816850334729e+04 
       3.283073231443e-02       1.809434771133e+04 
       3.298226633667e-02       1.802013845270e+04 
       3.313433462996e-02       1.794594501172e+04 
       3.328695160874e-02       1.787170180963e+04 
       3.344013216589e-02       1.779750600109e+04 
       3.359389169295e-02       1.772329199477e+04 
       3.374824610128e-02       1.764917048883e+04 
       3.390321184437e-02       1.757497213156e+04 
       3.405880594142e-02       1.750087231956e+04 
       3.421504600210e-02       1.742674404254e+04 
       3.437195025280e-02       1.735267118299e+04 
       3.452953756420e-02       1.727866063202e+04 
       3.468782748050e-02       1.720464161223e+04 
       3.484684025031e-02       1.713066366843e+04 
       3.500659685924e-02       1.705667783537e+04 
       3.516711906446e-02       1.698282726684e+04 
       3.532842943127e-02       1.690900804365e+04 
       3.549055137187e-02       1.683515592805e+04 
       3.565350918645e-02       1.676147660369e+04 
       3.581732810675e-02       1.668778188143e+04 
       3.598203434242e-02       1.661412660261e+04 
       3.614765513016e-02       1.654052057037e+04 
       3.631421878604e-02       1.646702052789e+04 
       3.648175476113e-02       1.639353551246e+04 
       3.665029370080e-02       1.632005038680e+04 
       3.681986750783e-02       1.624673378310e+04 
       3.699050940982e-02       1.617337942398e+04 
       3.716225403105e-02       1.610013874476e+04 
       3.733513746932e-02       1.602695681119e+04 
       3.750919737805e-02       1.595378647267e+04 
       3.768447305419e-02       1.588072128013e+04 
       3.786100553238e-02       1.580769147049e+04 
       3.803883768584e-02       1.573473311347e+04 
       3.821801433471e-02       1.566179296195e+04 
       3.839858236237e-02       1.558889938614e+04 
       3.858059084056e-02       1.551607499020e+04 
       3.876409116397e-02       1.544331680390e+04 
       3.894913719537e-02       1.537059450630e+04 
       3.913578542202e-02       1.529790614505e+04 
       3.932409512467e-02       1.522529044887e+04 
       3.951412856019e-02       1.515266627283e+04 
       3.970595115923e-02       1.508006157473e+04 
       3.989963174048e-02       1.500760584800e+04 
       4.009524274302e-02       1.493505809600e+04 
       4.029286047882e-02       1.486260260965e+04 
       4.049256540737e-02       1.479009835183e+04 
       4.069444243480e-02       1.471764161739e+04 
       4.089858124018e-02       1.464519649920e+04 
       4.110507663196e-02       1.457274929424e+04 
       4.131402893786e-02       1.450035352557e+04 
       4.152554443210e-02       1.442787944210e+04 
       4.173973580422e-02       1.435540631092e+04 
       4.195672267441e-02       1.428293410591e+04 
       4.217663216092e-02       1.421034586103e+04 
       4.239959950593e-02       1.413787729917e+04 
       4.262576876707e-02       1.406525766661e+04 
       4.285529358307e-02       1.399253638503e+04 
       4.308833802299e-02       1.391978123413e+04 
       4.332507753010e-02       1.384695953084e+04 
       4.356569997322e-02       1.377405509289e+04 
       4.381040682017e-02       1.370104294405e+04 
       4.405941445059e-02       1.362787935651e+04 
       4.431295562793e-02       1.355458430109e+04 
       4.457128115420e-02       1.348116057670e+04 
       4.483466173454e-02       1.340755364874e+04 
       4.510339008389e-02       1.333381830320e+04 
       4.537778331374e-02       1.325977596812e+04 
       4.565818564362e-02       1.318554836526e+04 
       4.594497149081e-02       1.311109911304e+04 
       4.623854900176e-02       1.303638493567e+04 
       4.653936410114e-02       1.296133745432e+04 
       4.684790514998e-02       1.288593756446e+04 
       4.716470832296e-02       1.281019865357e+04 
       4.749036383811e-02       1.273405851327e+04 
       4.782552320134e-02       1.265749146545e+04 
       4.817090766351e-02       1.258044682488e+04 
       4.852731813314e-02       1.250285903755e+04 
       4.889564684387e-02       1.242466060839e+04 
       4.927689114671e-02       1.234585438719e+04 
       4.967216988714e-02       1.226634894087e+04 
       5.008274294059e-02       1.218604429050e+04 
       5.051003462518e-02       1.210489986043e+04 
       5.095566189495e-02       1.202275251725e+04 
       5.142146845221e-02       1.193956442074e+04 
       5.190956621743e-02       1.185517951548e+04 
       5.242238597416e-02       1.176937147691e+04 
       5.296273948299e-02       1.168205290574e+04 
       5.353389594531e-02       1.159297678867e+04 
       5.413967640075e-02       1.150182764175e+04 
       5.478457043667e-02       1.140835811833e+04 
       5.547388038900e-02       1.131213799496e+04 
       5.621389880005e-02       1.121260763514e+04 
       5.701212477766e-02       1.110915778087e+04 
       5.787752305017e-02       1.100095476001e+04 
       5.882082392123e-02       1.088680158679e+04 
       5.985484925252e-02       1.076524755133e+04 
       6.099482255877e-02       1.063436626760e+04 
       6.225857038500e-02       1.049135714442e+04 
       6.366643597223e-02       1.033271371844e+04 
       6.524060279680e-02       1.015363980979e+04 
       6.700340379012e-02       9.948106193228e+03 
       6.897421011945e-02       9.709009848923e+03 
       7.116492247607e-02       9.429008687726e+03 
       7.357514655952e-02       9.102184696568e+03 
       7.618939594240e-02       8.726648001419e+03 
       7.897867171733e-02       8.306650390773e+03 
       8.190644256736e-02       7.853329915563e+03 
       8.493607972602e-02       7.383212525323e+03 
       8.803629739088e-02       6.915259281293e+03 
       9.118327690726e-02       6.467640813807e+03 
       9.436028181488e-02       6.055310845333e+03 
       9.755616844326e-02       5.688613768713e+03 
       1.007637721006e-01       5.372895625995e+03 
       1.039785873949e-01       5.108830672193e+03 
       1.071978200519e-01       4.893096514399e+03 
       1.104197516698e-01       4.719406261535e+03 
       1.136433308700e-01       4.579297384576e+03 
       1.168679163083e-01       4.463153902174e+03 
       1.200931174035e-01       4.361068272393e+03 
       1.233186964608e-01       4.263701535393e+03 
       1.265445088290e-01       4.163103529281e+03 
       1.297704664253e-01       4.053357937704e+03 
       1.329965155427e-01       3.930983740615e+03 
       1.362226233625e-01       3.795091806545e+03 
       1.394487697621e-01       3.647144034973e+03 
       1.426749423398e-01       3.490493088526e+03 
       1.459011333948e-01       3.329724743663e+03 
       1.491273380926e-01       3.169926512060e+03 
       1.523535533508e-01       3.016038165950e+03 
       1.555797771617e-01       2.872310659708e+03 
       1.588060081806e-01       2.741927301553e+03 
       1.620322454744e-01       2.626831774847e+03 
       1.652584883687e-01       2.527679780554e+03 
       1.684847363543e-01       2.443931828251e+03 
       1.717109890291e-01       2.374039226695e+03 
       1.749372460631e-01       2.315692669184e+03 
       1.781635071757e-01       2.266070145244e+03 
       1.813897721221e-01       2.222144719598e+03 
       1.846160406842e-01       2.181241845860e+03 
       1.878423126646e-01       2.140688788872e+03 
       1.910685878832e-01       2.097900056774e+03 
       1.942948661739e-01       2.051317723992e+03 
       1.975211473827e-01       2.000193371512e+03 
       2.007474313666e-01       1.944551194196e+03 
       2.039737179921e-01       1.885152473003e+03 
       2.072000071343e-01       1.823269189404e+03 
       2.104262986765e-01       1.760453704999e+03 
       2.136525925087e-01       1.698340593818e+03 
       2.168788885281e-01       1.638405433856e+03 
       2.201051866375e-01       1.581884545420e+03 
       2.233314867459e-01       1.529685245030e+03 
       2.265577887671e-01       1.482370324145e+03 
       2.297840926200e-01       1.440148805052e+03 
       2.330103982280e-01       1.402894776598e+03 
       2.362367055186e-01       1.370179864518e+03 
       2.394630144235e-01       1.341327469573e+03 
       2.426893248778e-01       1.315472400501e+03 
       2.459156368201e-01       1.291659365356e+03 
       2.491419501922e-01       1.268940334485e+03 
       2.523682649391e-01       1.246462569520e+03 
       2.555945810081e-01       1.223545064399e+03 
       2.588208983498e-01       1.199713773949e+03 
       2.620472169166e-01       1.174717082308e+03 
       2.652735366637e-01       1.148521036489e+03 
       2.684998575483e-01       1.121285291620e+03 
       2.717261795296e-01       1.093303507193e+03 
       2.749525025688e-01       1.065008868789e+03 
       2.781788266288e-01       1.036882666850e+03 
       2.814051516743e-01       1.009428420072e+03 
       2.846314776717e-01       9.830941300761e+02 
       2.878578045887e-01       9.582364204974e+02 
       2.910841323947e-01       9.350861510431e+02 
       2.943104610602e-01       9.137334144340e+02 
       2.975367905570e-01       8.941430647688e+02 
       3.007631208584e-01       8.761726922850e+02 
       3.039894519386e-01       8.596039991954e+02 
       3.072157837728e-01       8.441687793664e+02 
       3.104421163375e-01       8.295894201894e+02 
       3.136684496100e-01       8.155796328148e+02 
       3.168947835685e-01       8.018651521095e+02 
       3.201211181923e-01       7.882079097453e+02 
       3.233474534614e-01       7.744490177799e+02 
       3.265737893564e-01       7.604587944184e+02 
       3.298001258589e-01       7.462140441473e+02 
       3.330264629513e-01       7.317477443674e+02 
       3.362528006164e-01       7.171452786762e+02 
       3.394791388378e-01       7.025344930111e+02 
       3.427054775998e-01       6.880669729048e+02 
       3.459318168871e-01       6.738711670018e+02 
       3.491581566852e-01       6.600662048180e+02 
       3.523844969798e-01       6.467841480291e+02 
       3.556108377576e-01       6.340806709580e+02 
       3.588371790052e-01       6.220117615629e+02 
       3.620635207103e-01       6.105928734415e+02 
       3.652898628605e-01       5.998067941440e+02 
       3.685162054441e-01       5.895969651740e+02 
       3.717425484499e-01       5.798746211233e+02 
       3.749688918667e-01       5.705503312453e+02 
       3.781952356842e-01       5.615160568496e+02 
       3.814215798921e-01       5.526916600021e+02 
       3.846479244804e-01       5.439925729410e+02 
       3.878742694398e-01       5.353770001869e+02 
       3.911006147609e-01       5.267977074469e+02 
       3.943269604348e-01       5.182481147807e+02 
       3.975533064530e-01       5.097220987507e+02 
       4.007796528070e-01       5.012259865740e+02 
       4.040059994889e-01       4.927875253355e+02 
       4.072323464907e-01       4.844417943683e+02 
       4.104586938049e-01       4.762327613060e+02 
       4.136850414242e-01       4.681994388911e+02 
       4.169113893414e-01       4.603709251100e+02 
       4.201377375497e-01       4.527822506507e+02 
       4.233640860423e-01       4.454395376400e+02 
       4.265904348129e-01       4.383420564950e+02 
       4.298167838551e-01       4.314896685324e+02 
       4.330431331628e-01       4.248696989548e+02 
       4.362694827301e-01       4.184687396767e+02 
       4.394958325513e-01       4.122689619710e+02 
       4.427221826209e-01       4.062461977284e+02 
       4.459485329333e-01       4.003770041133e+02 
       4.491748834833e-01       3.946346430946e+02 
       4.524012342660e-01       3.889921582905e+02 
       4.556275852761e-01       3.834276048471e+02 
       4.588539365091e-01       3.779255599894e+02 
       4.620802879602e-01       3.724828086697e+02 
       4.653066396247e-01       3.670989664859e+02 
       4.685329914984e-01       3.617782817764e+02 
       4.717593435769e-01       3.565236979350e+02 
       4.749856958560e-01       3.513440350195e+02 
       4.782120483317e-01       3.462474929463e+02 
       4.814384009999e-01       3.412427555562e+02 
       4.846647538568e-01       3.363382113704e+02 
       4.878911068987e-01       3.315463729671e+02 
       4.911174601220e-01       3.268795453544e+02 
       4.943438135229e-01       3.223349958358e+02 
       4.975701670981e-01       3.179131257704e+02 
       5.007965208443e-01       3.136082380480e+02 
       5.040228747580e-01       3.094095600355e+02 
       5.072492288361e-01       3.053075284219e+02 
       5.104755830755e-01       3.012923476317e+02 
       5.137019374731e-01       2.973545491139e+02 
       5.169282920260e-01       2.934880811738e+02 
       5.201546467312e-01       2.896853032418e+02 
       5.233810015859e-01       2.859401121228e+02 
       5.266073565874e-01       2.822464473895e+02 
       5.298337117330e-01       2.786014428040e+02 
       5.330600670200e-01       2.750005703079e+02 
       5.362864224459e-01       2.714533692377e+02 
       5.395127780082e-01       2.679563410832e+02 
       5.427391337045e-01       2.645184068597e+02 
       5.459654895323e-01       2.611382755438e+02 
       5.491918454894e-01       2.578190959205e+02 
       5.524182015735e-01       2.545682676477e+02 
       5.556445577823e-01       2.513759941390e+02 
       5.588709141137e-01       2.482464485887e+02 
       5.620972705656e-01       2.451784595907e+02 
       5.653236271359e-01       2.421670842739e+02 
       5.685499838226e-01       2.392178391393e+02 
       5.717763406237e-01       2.363257201499e+02 
       5.750026975373e-01       2.334899537480e+02 
       5.782290545614e-01       2.307037715988e+02 
       5.814554116943e-01       2.279633675341e+02 
       5.846817689342e-01       2.252665949904e+02 
       5.879081262792e-01       2.226118864390e+02 
       5.911344837276e-01       2.199959620585e+02 
       5.943608412778e-01       2.174228216308e+02 
       5.975871989281e-01       2.148883908169e+02 
       6.008135566769e-01       2.123900274819e+02 
       6.040399145226e-01       2.099288237430e+02 
       6.072662724637e-01       2.075041135270e+02 
       6.104926304986e-01       2.051140247902e+02 
       6.137189886259e-01       2.027599729422e+02 
       6.169453468440e-01       2.004426788357e+02 
       6.201717051517e-01       1.981645097998e+02 
       6.233980635474e-01       1.959253112920e+02 
       6.266244220299e-01       1.937245904322e+02 
       6.298507805977e-01       1.915631319046e+02 
       6.330771392496e-01       1.894322971421e+02 
       6.363034979843e-01       1.873383950307e+02 
       6.395298568006e-01       1.852765567451e+02 
       6.427562156972e-01       1.832477445426e+02 
       6.459825746728e-01       1.812538087116e+02 
       6.492089337264e-01       1.792906805754e+02 
       6.524352928568e-01       1.773574960241e+02 
       6.556616520628e-01       1.754524062273e+02 
       6.588880113433e-01       1.735750730573e+02 
       6.621143706972e-01       1.717214513059e+02 
       6.653407301235e-01       1.698938873056e+02 
       6.685670896210e-01       1.680926748153e+02 
       6.717934491889e-01       1.663172747709e+02 
       6.750198088260e-01       1.645703067968e+02 
       6.782461685313e-01       1.628471011612e+02 
       6.814725283040e-01       1.611494975513e+02 
       6.846988881430e-01       1.594752604710e+02 
       6.879252480474e-01       1.578255972431e+02 
       6.911516080164e-01       1.561979036063e+02 
       6.943779680489e-01       1.545951317416e+02 
       6.976043281441e-01       1.530166157442e+02 
       7.008306883011e-01       1.514590025027e+02 
       7.040570485191e-01       1.499308267254e+02 
       7.072834087973e-01       1.484215967220e+02 
       7.105097691348e-01       1.469370445418e+02 
       7.137361295308e-01       1.454651201698e+02 
       7.169624899846e-01       1.440178533909e+02 
       7.201888504953e-01       1.425895968442e+02 
       7.234152110622e-01       1.411816418962e+02 
       7.266415716845e-01       1.397936153815e+02 
       7.298679323615e-01       1.384246899840e+02 
       7.330942930926e-01       1.370742939254e+02 
       7.363206538768e-01       1.357410851593e+02 
       7.395470147137e-01       1.344248533704e+02 
       7.427733756024e-01       1.331258467311e+02 
       7.459997365423e-01       1.318443423486e+02 
       7.492260975328e-01       1.305806389803e+02 
       7.524524585732e-01       1.293345120933e+02 
       7.556788196628e-01       1.281054513814e+02 
       8.253119051871e-01       1.051173030800e+02 
       9.258324640508e-01       8.099695280901e+01 
       1.085330439084e+00       5.621013278903e+01 
       1.338142413319e+00       3.446006910405e+01 
       1.682228069638e+00       1.999743819244e+01 
       2.117757267841e+00       1.146210674312e+01 
       2.666098294977e+00       6.515797588835e+00 
       3.356418893819e+00       3.676461662803e+00 
       4.225481038054e+00       2.060562939131e+00 
       5.319565455861e+00       1.147575550514e+00 
       6.696936132086e+00       6.356339863746e-01 
       8.430943077845e+00       3.501984732375e-01 
       1.061392848609e+01       1.919941094271e-01 
       1.336214429010e+01       1.047649887632e-01 
       1.682194300287e+01       5.690209852428e-02 
       2.117757152207e+01       3.076301347696e-02 
       2.666098294922e+01       1.655534844874e-02 
       3.356418893819e+01       8.847832147816e-03 
       4.225481038054e+01       4.697920142040e-03 
       5.319565455861e+01       2.470931376861e-03 
       6.696936132086e+01       1.281886965248e-03 
       8.430943077845e+01       6.508496824514e-04 
       1.061392848609e+02       3.192762435734e-04 
       1.336214429010e+02       1.492562816740e-04 
       1.682194300287e+02       6.454530459712e-05 
       2.117757152207e+02       2.467329250601e-05 
       2.666098294922e+02       7.759639951696e-06 
       3.356418893819e+02       1.870934162393e-06 
       4.225481038054e+02       3.046635976509e-07 
       5.319565455861e+02       3.676243405881e-08 
       6.696936132086e+02       2.530402615529e-09 
       8.430943077845e+02       5.107179657998e-11 
       1.061392848609e+03       2.497602167675e-12 
       1.336214429010e+03       5.013366213185e-14 
       1.682194300287e+03       3.009808934319e-15 
       2.117757152207e+03       8.162421093322e-17 
