# Matter power spectrum P(k) at redshift z=0
# for k=1.05585e-05 to 541.964 h/Mpc,
# number of wavenumbers equal to 630
#    1:k (h/Mpc)              2:P (Mpc/h)^3        
       1.055852937587e-05       4.658999162368e+01 
       2.354577459380e-05       1.011050137235e+02 
       3.657950796098e-05       1.547370172312e+02 
       4.969538056532e-05       2.080381762632e+02 
       6.292964339490e-05       2.613281353292e+02 
       7.631947591371e-05       3.148497178278e+02 
       8.990332531742e-05       3.688127611286e+02 
       1.037212610497e-04       4.234121235240e+02 
       1.178153491945e-04       4.788370233158e+02 
       1.322300513933e-04       5.352767396397e+02 
       1.470126529400e-04       5.929246225599e+02 
       1.622137246335e-04       6.519812788867e+02 
       1.778876227676e-04       7.126573036094e+02 
       1.940930312188e-04       7.751758289285e+02 
       2.108935488575e-04       8.397749709792e+02 
       2.283583243069e-04       9.067102927236e+02 
       2.465627382169e-04       9.762572295262e+02 
       2.655891304691e-04       1.048713620243e+03 
       2.855275657773e-04       1.124402190251e+03 
       3.064766256368e-04       1.203673004973e+03 
       3.285442070815e-04       1.286905807480e+03 
       3.518482988051e-04       1.374512126823e+03 
       3.765176924845e-04       1.466936925384e+03 
       4.026925713716e-04       1.564659690889e+03 
       4.305248994985e-04       1.668194424485e+03 
       4.601785138523e-04       1.778088522690e+03 
       4.918288003110e-04       1.894919765702e+03 
       5.256618150193e-04       2.019291078708e+03 
       5.618727010436e-04       2.151822725676e+03 
       6.006632522914e-04       2.293141073193e+03 
       6.422385010491e-04       2.443863989691e+03 
       6.868022605471e-04       2.604582581341e+03 
       7.345516458463e-04       2.775839600364e+03 
       7.856707252009e-04       2.958105268483e+03 
       8.403236098760e-04       3.151752035956e+03 
       8.986474502429e-04       3.357029771473e+03 
       9.607459348958e-04       3.574044237582e+03 
       1.026683947396e-03       3.802740919703e+03 
       1.096483989134e-03       4.042896218696e+03 
       1.170124815492e-03       4.294117824087e+03 
       1.247542476167e-03       4.555854549306e+03 
       1.328633649281e-03       4.827414709180e+03 
       1.413260878645e-03       5.107991626885e+03 
       1.501259123885e-03       5.396692183967e+03 
       1.592442948494e-03       5.692568915695e+03 
       1.686613702011e-03       5.994648091184e+03 
       1.783566171934e-03       6.301956521220e+03 
       1.883094346798e-03       6.613544236185e+03 
       1.984996103190e-03       6.928501238337e+03 
       2.089076776423e-03       7.245970393917e+03 
       2.195151682193e-03       7.565155517319e+03 
       2.303047722304e-03       7.885327839749e+03 
       2.412604237391e-03       8.205823852692e+03 
       2.523673272965e-03       8.526047790722e+03 
       2.636119411813e-03       8.845466129381e+03 
       2.749819303814e-03       9.163607199591e+03 
       2.864660999489e-03       9.480052504417e+03 
       2.980543169677e-03       9.794435235356e+03 
       3.097374272597e-03       1.010643361307e+04 
       3.215071712044e-03       1.041576765224e+04 
       3.333561016496e-03       1.072219327576e+04 
       3.452775058299e-03       1.102549957451e+04 
       3.572653324198e-03       1.132550318138e+04 
       3.693141242843e-03       1.162205049517e+04 
       3.814189570953e-03       1.191500708669e+04 
       3.935753837241e-03       1.220426031934e+04 
       4.057793841503e-03       1.248971629441e+04 
       4.180273205324e-03       1.277130028111e+04 
       4.303158970347e-03       1.304894618493e+04 
       4.426421239886e-03       1.332260387707e+04 
       4.550032859711e-03       1.359223924303e+04 
       4.673969134006e-03       1.385782126227e+04 
       4.798207572770e-03       1.411931266912e+04 
       4.922727667219e-03       1.437672373080e+04 
       5.047510690062e-03       1.463003449090e+04 
       5.172539517830e-03       1.487929723659e+04 
       5.297798472749e-03       1.512441767418e+04 
       5.423273181880e-03       1.536544879541e+04 
       5.548950451566e-03       1.560244360479e+04 
       5.674818155389e-03       1.583534195820e+04 
       5.800865134094e-03       1.606425592939e+04 
       5.927081106103e-03       1.628913118361e+04 
       6.053456587397e-03       1.651000160845e+04 
       6.179982819716e-03       1.672685541692e+04 
       6.306651706114e-03       1.693982903401e+04 
       6.433455753069e-03       1.714885225033e+04 
       6.560388018386e-03       1.735401301183e+04 
       6.687442064291e-03       1.755529890020e+04 
       6.814611915107e-03       1.775278556809e+04 
       6.941892019051e-03       1.794648694979e+04 
       7.069277213681e-03       1.813642892942e+04 
       7.196762694627e-03       1.832264863688e+04 
       7.324343987240e-03       1.850519050182e+04 
       7.452016920875e-03       1.868407468731e+04 
       7.579777605517e-03       1.885935076020e+04 
       7.707622410527e-03       1.903105902393e+04 
       7.835547945285e-03       1.919921852260e+04 
       7.963551041542e-03       1.936387500978e+04 
       8.091628737315e-03       1.952506579409e+04 
       8.219778262171e-03       1.968282046181e+04 
       8.347997023769e-03       1.983717632220e+04 
       8.476282595537e-03       1.998818091279e+04 
       8.604632705379e-03       2.013586671911e+04 
       8.733045225316e-03       2.028026451491e+04 
       8.861518161971e-03       2.042141381346e+04 
       8.990049647826e-03       2.055934344867e+04 
       9.118637933177e-03       2.069411229390e+04 
       9.247281378729e-03       2.082574100442e+04 
       9.375978448772e-03       2.095424938476e+04 
       9.504727704884e-03       2.107968938474e+04 
       9.633527800123e-03       2.120209729378e+04 
       9.762377473661e-03       2.132149275862e+04 
       9.891275545822e-03       2.143791848595e+04 
       1.002022091350e-02       2.155140711764e+04 
       1.014921254589e-02       2.166199022038e+04 
       1.027824948059e-02       2.176970119223e+04 
       1.040733081994e-02       2.187457387303e+04 
       1.053645572761e-02       2.197663881583e+04 
       1.066562342554e-02       2.207592506479e+04 
       1.079483319094e-02       2.217247278415e+04 
       1.092408435365e-02       2.226630495506e+04 
       1.105337629362e-02       2.235745693448e+04 
       1.118270843856e-02       2.244596155162e+04 
       1.131208026177e-02       2.253184362090e+04 
       1.144149128017e-02       2.261513762037e+04 
       1.157094105235e-02       2.269586514702e+04 
       1.170042917690e-02       2.277406920446e+04 
       1.182995529074e-02       2.284976880711e+04 
       1.195951906765e-02       2.292299821597e+04 
       1.208912021682e-02       2.299379066220e+04 
       1.221875848160e-02       2.306215997661e+04 
       1.234843363825e-02       2.312814329610e+04 
       1.247814549483e-02       2.319177784332e+04 
       1.260789389015e-02       2.325308644993e+04 
       1.273767869280e-02       2.331208821151e+04 
       1.286749980026e-02       2.336882187952e+04 
       1.299735713805e-02       2.342330351535e+04 
       1.312725065894e-02       2.347558138494e+04 
       1.325718034229e-02       2.352565664757e+04 
       1.338714619334e-02       2.357356451784e+04 
       1.351714824262e-02       2.361933704870e+04 
       1.364718654539e-02       2.366299845375e+04 
       1.377726118113e-02       2.370456479575e+04 
       1.390737225305e-02       2.374407624580e+04 
       1.403751988769e-02       2.378154469007e+04 
       1.416770423450e-02       2.381700014719e+04 
       1.429792546551e-02       2.385046493137e+04 
       1.442818377499e-02       2.388197047385e+04 
       1.455847937918e-02       2.391154388612e+04 
       1.468881251602e-02       2.393920212176e+04 
       1.481918344497e-02       2.396496799026e+04 
       1.494959244674e-02       2.398886585069e+04 
       1.508003982320e-02       2.401091880140e+04 
       1.521052589718e-02       2.403116102486e+04 
       1.534105101241e-02       2.404960589784e+04 
       1.547161553338e-02       2.406627297991e+04 
       1.560221984531e-02       2.408120495599e+04 
       1.573286435409e-02       2.409439532422e+04 
       1.586354948626e-02       2.410589939011e+04 
       1.599427568902e-02       2.411570308429e+04 
       1.612504343024e-02       2.412386283194e+04 
       1.625585319851e-02       2.413038230317e+04 
       1.638670550319e-02       2.413527726092e+04 
       1.651760087451e-02       2.413859523856e+04 
       1.664853986365e-02       2.414033587163e+04 
       1.677952304287e-02       2.414050855202e+04 
       1.691055100564e-02       2.413918853503e+04 
       1.704162436681e-02       2.413634095799e+04 
       1.717274376275e-02       2.413200195441e+04 
       1.730390985156e-02       2.412619618889e+04 
       1.743512331329e-02       2.411897493378e+04 
       1.756638485012e-02       2.411028184299e+04 
       1.769769518664e-02       2.410021153584e+04 
       1.782905507010e-02       2.408876449447e+04 
       1.796046527067e-02       2.407594661898e+04 
       1.809192658172e-02       2.406177585094e+04 
       1.822343982017e-02       2.404628684394e+04 
       1.835500582677e-02       2.402948244008e+04 
       1.848662546645e-02       2.401141528801e+04 
       1.861829962870e-02       2.399207567737e+04 
       1.875002922792e-02       2.397148018897e+04 
       1.888181520380e-02       2.394962710673e+04 
       1.901365852178e-02       2.392659719422e+04 
       1.914556017340e-02       2.390240994742e+04 
       1.927752117682e-02       2.387702416456e+04 
       1.940954257722e-02       2.385045765795e+04 
       1.954162544730e-02       2.382280245803e+04 
       1.967377088779e-02       2.379399246613e+04 
       1.980598002795e-02       2.376413187241e+04 
       1.993825402610e-02       2.373308899936e+04 
       2.007059407018e-02       2.370107800006e+04 
       2.020300137833e-02       2.366801180748e+04 
       2.033547719947e-02       2.363386755085e+04 
       2.046802281391e-02       2.359875117790e+04 
       2.060063953400e-02       2.356264880634e+04 
       2.073332870476e-02       2.352552810468e+04 
       2.086609170459e-02       2.348749148377e+04 
       2.099892994592e-02       2.344846912851e+04 
       2.113184487600e-02       2.340857291502e+04 
       2.126483797756e-02       2.336773958799e+04 
       2.139791076965e-02       2.332603403571e+04 
       2.153106480839e-02       2.328337385092e+04 
       2.166430168782e-02       2.323987805631e+04 
       2.179762304070e-02       2.319563585986e+04 
       2.193103053942e-02       2.315050482205e+04 
       2.206452589690e-02       2.310455588031e+04 
       2.219811086747e-02       2.305777574276e+04 
       2.233178724786e-02       2.301025657749e+04 
       2.246555687819e-02       2.296200091173e+04 
       2.259942164297e-02       2.291289758662e+04 
       2.273338347215e-02       2.286312335866e+04 
       2.286744434219e-02       2.281260508882e+04 
       2.300160627720e-02       2.276143004965e+04 
       2.313587135007e-02       2.270949319106e+04 
       2.327024168364e-02       2.265692328344e+04 
       2.340471945194e-02       2.260363508057e+04 
       2.353930688148e-02       2.254969239857e+04 
       2.367400625247e-02       2.249521242731e+04 
       2.380881990023e-02       2.244006412271e+04 
       2.394375021656e-02       2.238429319738e+04 
       2.407879965113e-02       2.232790648805e+04 
       2.421397071301e-02       2.227097095015e+04 
       2.434926597212e-02       2.221349765198e+04 
       2.448468806087e-02       2.215536244008e+04 
       2.462023967573e-02       2.209675138306e+04 
       2.475592357891e-02       2.203756075838e+04 
       2.489174260011e-02       2.197796599125e+04 
       2.502769963827e-02       2.191782487242e+04 
       2.516379766341e-02       2.185715733450e+04 
       2.530003971857e-02       2.179605126000e+04 
       2.543642892172e-02       2.173446083753e+04 
       2.557296846785e-02       2.167241004271e+04 
       2.570966163099e-02       2.160994699438e+04 
       2.584651176646e-02       2.154703044079e+04 
       2.598352231304e-02       2.148367864176e+04 
       2.612069679533e-02       2.141990057716e+04 
       2.625803882615e-02       2.135580122722e+04 
       2.639555210897e-02       2.129121500205e+04 
       2.653324044055e-02       2.122634185486e+04 
       2.667110771351e-02       2.116109565276e+04 
       2.680915791914e-02       2.109552189938e+04 
       2.694739515022e-02       2.102951014563e+04 
       2.708582360398e-02       2.096327309058e+04 
       2.722444758511e-02       2.089665003154e+04 
       2.736327150899e-02       2.082974078142e+04 
       2.750229990488e-02       2.076254396776e+04 
       2.764153741940e-02       2.069502030770e+04 
       2.778098881997e-02       2.062724986448e+04 
       2.792065899852e-02       2.055918061951e+04 
       2.806055297525e-02       2.049092709245e+04 
       2.820067590255e-02       2.042230545417e+04 
       2.834103306909e-02       2.035355229844e+04 
       2.848162990405e-02       2.028443882130e+04 
       2.862247198150e-02       2.021523934235e+04 
       2.876356502497e-02       2.014574063390e+04 
       2.890491491222e-02       2.007606388887e+04 
       2.904652768011e-02       2.000618891465e+04 
       2.918840952977e-02       1.993610086757e+04 
       2.933056683191e-02       1.986587379801e+04 
       2.947300613235e-02       1.979544806214e+04 
       2.961573415780e-02       1.972486338750e+04 
       2.975875782185e-02       1.965415338806e+04 
       2.990208423124e-02       1.958320910143e+04 
       3.004572069234e-02       1.951220413366e+04 
       3.018967471794e-02       1.944102925279e+04 
       3.033395403430e-02       1.936975097547e+04 
       3.047856658857e-02       1.929835493398e+04 
       3.062352055639e-02       1.922681062869e+04 
       3.076882434999e-02       1.915517503105e+04 
       3.091448662649e-02       1.908341628226e+04 
       3.106051629667e-02       1.901158498677e+04 
       3.120692253408e-02       1.893968685242e+04 
       3.135371478459e-02       1.886772227411e+04 
       3.150090277632e-02       1.879565445242e+04 
       3.164849653011e-02       1.872349497612e+04 
       3.179650637035e-02       1.865132077908e+04 
       3.194494293646e-02       1.857904166983e+04 
       3.209381719478e-02       1.850671539810e+04 
       3.224314045110e-02       1.843442993065e+04 
       3.239292436378e-02       1.836202574310e+04 
       3.254318095747e-02       1.828958423871e+04 
       3.269392263750e-02       1.821710034285e+04 
       3.284516220509e-02       1.814467300605e+04 
       3.299691287310e-02       1.807212907755e+04 
       3.314918828282e-02       1.799962509976e+04 
       3.330200252140e-02       1.792707082086e+04 
       3.345537014033e-02       1.785454358892e+04 
       3.360930617476e-02       1.778196877366e+04 
       3.376382616394e-02       1.770946385293e+04 
       3.391894617262e-02       1.763684819510e+04 
       3.407468281371e-02       1.756432952972e+04 
       3.423105327211e-02       1.749180479859e+04 
       3.438807532980e-02       1.741928563557e+04 
       3.454576739243e-02       1.734681315525e+04 
       3.470414851724e-02       1.727435227527e+04 
       3.486323844272e-02       1.720189437290e+04 
       3.502305761981e-02       1.712943223280e+04 
       3.518362724503e-02       1.705703419381e+04 
       3.534496929544e-02       1.698462978922e+04 
       3.550710656573e-02       1.691232283443e+04 
       3.567006270749e-02       1.684000779540e+04 
       3.583386227089e-02       1.676769543919e+04 
       3.599853074885e-02       1.669546724818e+04 
       3.616409462401e-02       1.662328935065e+04 
       3.633058141857e-02       1.655111574037e+04 
       3.649801974739e-02       1.647896258832e+04 
       3.666643937438e-02       1.640692107547e+04 
       3.683587127264e-02       1.633486559932e+04 
       3.700634768855e-02       1.626283316985e+04 
       3.717790221009e-02       1.619091423517e+04 
       3.735056983980e-02       1.611897183848e+04 
       3.752438707279e-02       1.604709606108e+04 
       3.769939198006e-02       1.597530015686e+04 
       3.787562429772e-02       1.590350675239e+04 
       3.805312552263e-02       1.583175255338e+04 
       3.823193901485e-02       1.576007618679e+04 
       3.841211010765e-02       1.568837759215e+04 
       3.859368622574e-02       1.561672238403e+04 
       3.877671701227e-02       1.554512429611e+04 
       3.896125446574e-02       1.547358142171e+04 
       3.914735308735e-02       1.540206941499e+04 
       3.933507004013e-02       1.533051778793e+04 
       3.952446532065e-02       1.525905364206e+04 
       3.971560194475e-02       1.518760597399e+04 
       3.990854614866e-02       1.511615751726e+04 
       4.010336760682e-02       1.504472612911e+04 
       4.030013966837e-02       1.497330568427e+04 
       4.049893961410e-02       1.490194748891e+04 
       4.069984893596e-02       1.483053672658e+04 
       4.090295364162e-02       1.475911577261e+04 
       4.110834458673e-02       1.468770503330e+04 
       4.131611783799e-02       1.461631448715e+04 
       4.152637507037e-02       1.454484819406e+04 
       4.173922400245e-02       1.447337579821e+04 
       4.195477887435e-02       1.440187682266e+04 
       4.217316097312e-02       1.433031908112e+04 
       4.239449921141e-02       1.425874614499e+04 
       4.261893076595e-02       1.418706862079e+04 
       4.284660178324e-02       1.411533240011e+04 
       4.307766816108e-02       1.404352809379e+04 
       4.331229641567e-02       1.397168169596e+04 
       4.355066464573e-02       1.389968348235e+04 
       4.379296360670e-02       1.382756085113e+04 
       4.403939791010e-02       1.375528625822e+04 
       4.429018736587e-02       1.368291294778e+04 
       4.454556848806e-02       1.361040711958e+04 
       4.480579618800e-02       1.353768731756e+04 
       4.507114568304e-02       1.346476547928e+04 
       4.534191465405e-02       1.339167273128e+04 
       4.561842569067e-02       1.331830444025e+04 
       4.590102907079e-02       1.324474452784e+04 
       4.619010592899e-02       1.317083978939e+04 
       4.648607187984e-02       1.309673100879e+04 
       4.678938117450e-02       1.302217428802e+04 
       4.710053148499e-02       1.294732836019e+04 
       4.742006943030e-02       1.287202984307e+04 
       4.774859698218e-02       1.279631669256e+04 
       4.808677891881e-02       1.272015121850e+04 
       4.843535153169e-02       1.264344863845e+04 
       4.879513283761e-02       1.256616206600e+04 
       4.916703460647e-02       1.248829261244e+04 
       4.955207658947e-02       1.240970949987e+04 
       4.995140342582e-02       1.233037122163e+04 
       5.036630482494e-02       1.225020900594e+04 
       5.079823977215e-02       1.216909906996e+04 
       5.124886569884e-02       1.208695764388e+04 
       5.172007380343e-02       1.200370154041e+04 
       5.221403202198e-02       1.191913314441e+04 
       5.273323754253e-02       1.183313009267e+04 
       5.328058125235e-02       1.174544142260e+04 
       5.385942711507e-02       1.165595446106e+04 
       5.447371019819e-02       1.156425942314e+04 
       5.512805787825e-02       1.147006897811e+04 
       5.582793954124e-02       1.137296096484e+04 
       5.657985061500e-02       1.127238253512e+04 
       5.739153646203e-02       1.116761599305e+04 
       5.827225937878e-02       1.105780869816e+04 
       5.923310545502e-02       1.094182652646e+04 
       6.028731321903e-02       1.081797296416e+04 
       6.145057579867e-02       1.068423587339e+04 
       6.274121232794e-02       1.053787588308e+04 
       6.418001148815e-02       1.037507654293e+04 
       6.578942202911e-02       1.019096529235e+04 
       6.759165225872e-02       9.979410866987e+03 
       6.960530289678e-02       9.733326247782e+03 
       7.184068137999e-02       9.445583402905e+03 
       7.429509674403e-02       9.110914207072e+03 
       7.695061931874e-02       8.728350120628e+03 
       7.977644884280e-02       8.303253228956e+03 
       8.273540140366e-02       7.847593307618e+03 
       8.579125633997e-02       7.378273620317e+03 
       8.891371428929e-02       6.914006772571e+03 
       9.208004497052e-02       6.472347225536e+03 
       9.527443617069e-02       6.067385201040e+03 
       9.848642884456e-02       5.708575188012e+03 
       1.017093267802e-01       5.400459949637e+03 
       1.049389302987e-01       5.143074976624e+03 
       1.081726389797e-01       4.932696545107e+03 
       1.114088552253e-01       4.762693818430e+03 
       1.146466021494e-01       4.624517024404e+03 
       1.178852840517e-01       4.508584531385e+03 
       1.211245382123e-01       4.405162416097e+03 
       1.243641439049e-01       4.305221070776e+03 
       1.276039668000e-01       4.201181407778e+03 
       1.308439250895e-01       4.087593245970e+03 
       1.340839688807e-01       3.961423785253e+03 
       1.373240676738e-01       3.822167194834e+03 
       1.405642027572e-01       3.671589830877e+03 
       1.438043625890e-01       3.513224609916e+03 
       1.470445399931e-01       3.351685677058e+03 
       1.502847304560e-01       3.192000408386e+03 
       1.535249310929e-01       3.038958655520e+03 
       1.567651400182e-01       2.896599484781e+03 
       1.600053559633e-01       2.767884442081e+03 
       1.632455780435e-01       2.654524339511e+03 
       1.664858056153e-01       2.556969917764e+03 
       1.697260381900e-01       2.474532836386e+03 
       1.729662753795e-01       2.405530896116e+03 
       1.762065168633e-01       2.347577963137e+03 
       1.794467623682e-01       2.297847798277e+03 
       1.826870116549e-01       2.253325028182e+03 
       1.859272645096e-01       2.211479561669e+03 
       1.891675207388e-01       2.169568737579e+03 
       1.924077801653e-01       2.125215508822e+03 
       1.956480426256e-01       2.076987395182e+03 
       1.988883079684e-01       2.024276552315e+03 
       2.021285760528e-01       1.967233755926e+03 
       2.053688467472e-01       1.906700468927e+03 
       2.086091199287e-01       1.843986343915e+03 
       2.118493954820e-01       1.780647786982e+03 
       2.150896732989e-01       1.718291630935e+03 
       2.183299532779e-01       1.658335263980e+03 
       2.215702353233e-01       1.601978623009e+03 
       2.248105193451e-01       1.550043687012e+03 
       2.280508052584e-01       1.503029523103e+03 
       2.312910929832e-01       1.461078895762e+03 
       2.345313824438e-01       1.424028213844e+03 
       2.377716735689e-01       1.391400439580e+03 
       2.410119662908e-01       1.362494982167e+03 
       2.442522605456e-01       1.336437477385e+03 
       2.474925562727e-01       1.312264971348e+03 
       2.507328534145e-01       1.289058853449e+03 
       2.539731519167e-01       1.265987895193e+03 
       2.572134517275e-01       1.242418855485e+03 
       2.604537527977e-01       1.217915462397e+03 
       2.636940550806e-01       1.192255142610e+03 
       2.669343585319e-01       1.165447278664e+03 
       2.701746631092e-01       1.137658636845e+03 
       2.734149687722e-01       1.109225178057e+03 
       2.766552754826e-01       1.080576708217e+03 
       2.798955832038e-01       1.052187773605e+03 
       2.831358919009e-01       1.024561150439e+03 
       2.863762015405e-01       9.981227986773e+02 
       2.896165120910e-01       9.732059682478e+02 
       2.928568235218e-01       9.500200143017e+02 
       2.960971358039e-01       9.286328036479e+02 
       2.993374489095e-01       9.089905770848e+02 
       3.025777628121e-01       8.909340630833e+02 
       3.058180774860e-01       8.742376055105e+02 
       3.090583929071e-01       8.586372786523e+02 
       3.122987090518e-01       8.438447377552e+02 
       3.155390258979e-01       8.295795834307e+02 
       3.187793434237e-01       8.155772035878e+02 
       3.220196616086e-01       8.016211441233e+02 
       3.252599804330e-01       7.875398203289e+02 
       3.285002998776e-01       7.732377284236e+02 
       3.317406199244e-01       7.586896217102e+02 
       3.349809405557e-01       7.439412291829e+02 
       3.382212617546e-01       7.290898657197e+02 
       3.414615835050e-01       7.142608389083e+02 
       3.447019057911e-01       6.995998884935e+02 
       3.479422285980e-01       6.852436530657e+02 
       3.511825519112e-01       6.713112570134e+02 
       3.544228757167e-01       6.579042137776e+02 
       3.576632000010e-01       6.450956611795e+02 
       3.609035247513e-01       6.329301885159e+02 
       3.641438499550e-01       6.214143083777e+02 
       3.673841756001e-01       6.105247292711e+02 
       3.706245016750e-01       6.001984571760e+02 
       3.738648281683e-01       5.903515619950e+02 
       3.771051550694e-01       5.808846957243e+02 
       3.803454823677e-01       5.717011425043e+02 
       3.835858100531e-01       5.627130746829e+02 
       3.868261381159e-01       5.538504976655e+02 
       3.900664665466e-01       5.450624878587e+02 
       3.933067953361e-01       5.363183442743e+02 
       3.965471244755e-01       5.276028213865e+02 
       3.997874539563e-01       5.189153331492e+02 
       4.030277837703e-01       5.102691734411e+02 
       4.062681139094e-01       5.016913086711e+02 
       4.095084443659e-01       4.932164078853e+02 
       4.127487751322e-01       4.848853347249e+02 
       4.159891062012e-01       4.767382540305e+02 
       4.192294375657e-01       4.688099465292e+02 
       4.224697692190e-01       4.611217007230e+02 
       4.257101011544e-01       4.536827644359e+02 
       4.289504333656e-01       4.464959058352e+02 
       4.321907658461e-01       4.395511621547e+02 
       4.354310985902e-01       4.328394959007e+02 
       4.386714315918e-01       4.263461567041e+02 
       4.419117648453e-01       4.200494542323e+02 
       4.451520983452e-01       4.139298799865e+02 
       4.483924320861e-01       4.079612388572e+02 
       4.516327660629e-01       4.021151442006e+02 
       4.548731002703e-01       3.963682119406e+02 
       4.581134347037e-01       3.906988472156e+02 
       4.613537693580e-01       3.850963830822e+02 
       4.645941042288e-01       3.795530925476e+02 
       4.678344393115e-01       3.740719561007e+02 
       4.710747746018e-01       3.686562211573e+02 
       4.743151100952e-01       3.633107475551e+02 
       4.775554457878e-01       3.580433060139e+02 
       4.807957816755e-01       3.528629027921e+02 
       4.840361177542e-01       3.477778596005e+02 
       4.872764540203e-01       3.427974820267e+02 
       4.905167904700e-01       3.379340540407e+02 
       4.937571270996e-01       3.331926759945e+02 
       4.969974639057e-01       3.285777914698e+02 
       5.002378008847e-01       3.240863749842e+02 
       5.034781380334e-01       3.197119536040e+02 
       5.067184753484e-01       3.154434939172e+02 
       5.099588128266e-01       3.112715594287e+02 
       5.131991504650e-01       3.071858025310e+02 
       5.164394882603e-01       3.031775658626e+02 
       5.196798262098e-01       2.992392554095e+02 
       5.229201643106e-01       2.953677602492e+02 
       5.261605025598e-01       2.915531602442e+02 
       5.294008409547e-01       2.877914443901e+02 
       5.326411794926e-01       2.840787355862e+02 
       5.358815181710e-01       2.804146551825e+02 
       5.391218569872e-01       2.768012396266e+02 
       5.423621959389e-01       2.732419271252e+02 
       5.456025350236e-01       2.697415139715e+02 
       5.488428742389e-01       2.663027472128e+02 
       5.520832135826e-01       2.629299820748e+02 
       5.553235530523e-01       2.596199288566e+02 
       5.585638926459e-01       2.563731062752e+02 
       5.618042323612e-01       2.531879792754e+02 
       5.650445721962e-01       2.500648042551e+02 
       5.682849121487e-01       2.470027633317e+02 
       5.715252522168e-01       2.440008670238e+02 
       5.747655923985e-01       2.410576985796e+02 
       5.780059326919e-01       2.381698437572e+02 
       5.812462730952e-01       2.353325317875e+02 
       5.844866136064e-01       2.325426301636e+02 
       5.877269542238e-01       2.297958384741e+02 
       5.909672949456e-01       2.270911286401e+02 
       5.942076357702e-01       2.244279878212e+02 
       5.974479766958e-01       2.218044949492e+02 
       6.006883177209e-01       2.192216229914e+02 
       6.039286588437e-01       2.166778389020e+02 
       6.071690000628e-01       2.141713278567e+02 
       6.104093413766e-01       2.117006598260e+02 
       6.136496827836e-01       2.092661161329e+02 
       6.168900242824e-01       2.068683491831e+02 
       6.201303658714e-01       2.045088639336e+02 
       6.233707075493e-01       2.021888268545e+02 
       6.266110493147e-01       1.999084045371e+02 
       6.298513911662e-01       1.976673192506e+02 
       6.330917331025e-01       1.954635021215e+02 
       6.363320751224e-01       1.932957235396e+02 
       6.395724172245e-01       1.911622301077e+02 
       6.428127594076e-01       1.890628277460e+02 
       6.460531016704e-01       1.869966458190e+02 
       6.492934440119e-01       1.849636520913e+02 
       6.525337864307e-01       1.829627575448e+02 
       6.557741289258e-01       1.809922118863e+02 
       6.590144714960e-01       1.790505653139e+02 
       6.622548141402e-01       1.771359350448e+02 
       6.654951568574e-01       1.752476417353e+02 
       6.687354996464e-01       1.733856989051e+02 
       6.719758425063e-01       1.715500300287e+02 
       6.752161854359e-01       1.697403736197e+02 
       6.784565284344e-01       1.679592201008e+02 
       6.816968715007e-01       1.662037850270e+02 
       6.849372146339e-01       1.644729295550e+02 
       6.881775578329e-01       1.627668106786e+02 
       6.914179010970e-01       1.610844842504e+02 
       6.946582444251e-01       1.594265403337e+02 
       6.978985878164e-01       1.577926777869e+02 
       7.011389312699e-01       1.561840548746e+02 
       7.043792747850e-01       1.545992937211e+02 
       7.076196183606e-01       1.530385687895e+02 
       7.108599619959e-01       1.514998717705e+02 
       7.141003056903e-01       1.499822380937e+02 
       7.173406494427e-01       1.484858700669e+02 
       7.205809932525e-01       1.470095900661e+02 
       7.238213371189e-01       1.455539831240e+02 
       7.270616810412e-01       1.441186467649e+02 
       7.303020250185e-01       1.427030390816e+02 
       7.335423690501e-01       1.413072158184e+02 
       7.367827131354e-01       1.399303508643e+02 
       7.400230572736e-01       1.385708631327e+02 
       7.432634014641e-01       1.372286022527e+02 
       7.465037457061e-01       1.359042636959e+02 
       7.497440899989e-01       1.345969930350e+02 
       7.529844343420e-01       1.333084693834e+02 
       7.562247787347e-01       1.320377827818e+02 
       7.594651231763e-01       1.307837864427e+02 
       7.627054676663e-01       1.295471958313e+02 
       8.340556531674e-01       1.059881301255e+02 
       9.376852986534e-01       8.125025993521e+01 
       1.102848264848e+00       5.593150793930e+01 
       1.362924237078e+00       3.406166050692e+01 
       1.713864529414e+00       1.971172949125e+01 
       2.157596127604e+00       1.125903150741e+01 
       2.716252496827e+00       6.363449330566e+00 
       3.419559293064e+00       3.555942727617e+00 
       4.304970091175e+00       1.960676537006e+00 
       5.419636244795e+00       1.062385149417e+00 
       6.822917791253e+00       5.616793838805e-01 
       8.589544589990e+00       2.863621384187e-01 
       1.081359596008e+01       1.379849765881e-01 
       1.361351074702e+01       6.107679555601e-02 
       1.713839462315e+01       2.375800984559e-02 
       2.157596050844e+01       7.661863109714e-03 
       2.716252496795e+01       1.929936244107e-03 
       3.419559293064e+01       3.431308291247e-04 
       4.304970091175e+01       4.089578238462e-05 
       5.419636244795e+01       3.074809832254e-06 
       6.822917791253e+01       1.422183543450e-07 
       8.589544589990e+01       4.584876369684e-09 
       1.081359596008e+02       1.804899691005e-10 
       1.361351074702e+02       3.584320178259e-11 
       1.713839462315e+02       2.097723475765e-11 
       2.157596050844e+02       7.995087097172e-12 
       2.716252496795e+02       1.570215388065e-12 
       3.419559293064e+02       1.747554408664e-13 
       4.304970091175e+02       1.203456135783e-14 
       5.419636244795e+02       5.185866553006e-16 
