# Matter power spectrum P(k) at redshift z=0
# for k=1.05239e-05 to 107.805 h/Mpc,
# number of wavenumbers equal to 623
#    1:k (h/Mpc)              2:P (Mpc/h)^3        
       1.052390404073e-05       4.695188717728e+01 
       2.348362379891e-05       1.019535445595e+02 
       3.648950406411e-05       1.560627253250e+02 
       4.957696864784e-05       2.098363541444e+02 
       6.278203464046e-05       2.635964201230e+02 
       7.614163748988e-05       3.175873334819e+02 
       8.969396659995e-05       3.720201546117e+02 
       1.034788159622e-04       4.270907783940e+02 
       1.175379543692e-04       4.829893347072e+02 
       1.319155197903e-04       5.399059136226e+02 
       1.466584424979e-04       5.980346707424e+02 
       1.618169014590e-04       6.575769471760e+02 
       1.774448183157e-04       7.187440463772e+02 
       1.936003928714e-04       7.817597334530e+02 
       2.103466832851e-04       8.468627948645e+02 
       2.277522330073e-04       9.143093795803e+02 
       2.458917446871e-04       9.843755299502e+02 
       2.648467986014e-04       1.057359609976e+03 
       2.847066093131e-04       1.133584830784e+03 
       3.055688089015e-04       1.213401763107e+03 
       3.275402378102e-04       1.297190579161e+03 
       3.507377147132e-04       1.385363216176e+03 
       3.752887444007e-04       1.478365106755e+03 
       4.013321072969e-04       1.576676070543e+03 
       4.290182559159e-04       1.680810631916e+03 
       4.585094229885e-04       1.791316738237e+03 
       4.899793247392e-04       1.908772871693e+03 
       5.236123237737e-04       2.033783033029e+03 
       5.596019038630e-04       2.166968804163e+03 
       5.981483100854e-04       2.308958394962e+03 
       6.394552303158e-04       2.460372183866e+03 
       6.837254462740e-04       2.621804546666e+03 
       7.311554705114e-04       2.793802349739e+03 
       7.819293104283e-04       2.976840849777e+03 
       8.362116525945e-04       3.171298456227e+03 
       8.941409186219e-04       3.377431545964e+03 
       9.558227740153e-04       3.595352911856e+03 
       1.021324734446e-03       3.825015040558e+03 
       1.090672476545e-03       4.066200708110e+03 
       1.163848309649e-03       4.318523155341e+03 
       1.240792018347e-03       4.581435203023e+03 
       1.321403990468e-03       4.854247441970e+03 
       1.405550265331e-03       5.136125795098e+03 
       1.493068932506e-03       5.426188453447e+03 
       1.583777218088e-03       5.723495167854e+03 
       1.677478617175e-03       6.027067021351e+03 
       1.773969542664e-03       6.335924453461e+03 
       1.873045121325e-03       6.649110239721e+03 
       1.974503937590e-03       6.965706141677e+03 
       2.078151673213e-03       7.284846919205e+03 
       2.183803700743e-03       7.605728033213e+03 
       2.291286757332e-03       7.927610859337e+03 
       2.400439857851e-03       8.249824387822e+03 
       2.511114611862e-03       8.571763709875e+03 
       2.623175097168e-03       8.892887156172e+03 
       2.736497421664e-03       9.212714858178e+03 
       2.850969080966e-03       9.530821334959e+03 
       2.966488195518e-03       9.846833595276e+03 
       3.082962689767e-03       1.016042453148e+04 
       3.200309458314e-03       1.047130955872e+04 
       3.318453549838e-03       1.077924121912e+04 
       3.437327388786e-03       1.108400678658e+04 
       3.556870046742e-03       1.138542131249e+04 
       3.677026569612e-03       1.168332915161e+04 
       3.797747362709e-03       1.197759594877e+04 
       3.918987633089e-03       1.226811020304e+04 
       4.040706886790e-03       1.255477643549e+04 
       4.162868477539e-03       1.283751862894e+04 
       4.285439202996e-03       1.311627307301e+04 
       4.408388944383e-03       1.339098904879e+04 
       4.531690345355e-03       1.366162761677e+04 
       4.655318526165e-03       1.392816153646e+04 
       4.779250829383e-03       1.419055609663e+04 
       4.903466593759e-03       1.444881177810e+04 
       5.027946953072e-03       1.470292278323e+04 
       5.152674657176e-03       1.495293204233e+04 
       5.277633912690e-03       1.519874687179e+04 
       5.402810241081e-03       1.544042923874e+04 
       5.528190352147e-03       1.567802836455e+04 
       5.653762031111e-03       1.591148102414e+04 
       5.779514037764e-03       1.614091499654e+04 
       5.905436016274e-03       1.636625554165e+04 
       6.031518414443e-03       1.658756574286e+04 
       6.157752411333e-03       1.680482136327e+04 
       6.284129852314e-03       1.701814280249e+04 
       6.410643190710e-03       1.722748922749e+04 
       6.537285435297e-03       1.743292753386e+04 
       6.664050103011e-03       1.763445765116e+04 
       6.790931176303e-03       1.783215595009e+04 
       6.917923064622e-03       1.802603058263e+04 
       7.045020569598e-03       1.821612616417e+04 
       7.172218853518e-03       1.840246318764e+04 
       7.299513410760e-03       1.858508634991e+04 
       7.426900041868e-03       1.876403420569e+04 
       7.554374830001e-03       1.893934833439e+04 
       7.681934119511e-03       1.911106448577e+04 
       7.809574496434e-03       1.927920315193e+04 
       7.937292770710e-03       1.944383242764e+04 
       8.065085959952e-03       1.960496944366e+04 
       8.192951274618e-03       1.976264806440e+04 
       8.320886104448e-03       1.991690858551e+04 
       8.448888006053e-03       2.006780384480e+04 
       8.576954691531e-03       2.021536691460e+04 
       8.705084018032e-03       2.035962516649e+04 
       8.833273978172e-03       2.050061399225e+04 
       8.961522691226e-03       2.063837904002e+04 
       9.089828395020e-03       2.077295595956e+04 
       9.218189438475e-03       2.090437496168e+04 
       9.346604274729e-03       2.103266368626e+04 
       9.475071454795e-03       2.115788217225e+04 
       9.603589621714e-03       2.128004029951e+04 
       9.732157505142e-03       2.139919028398e+04 
       9.860773916360e-03       2.151536167523e+04 
       9.989437743647e-03       2.162857689837e+04 
       1.011814794801e-02       2.173888084201e+04 
       1.024690355921e-02       2.184630708934e+04 
       1.037570367211e-02       2.195088480842e+04 
       1.050454744323e-02       2.205264368686e+04 
       1.063343408767e-02       2.215162829314e+04 
       1.076236287606e-02       2.224786365859e+04 
       1.089133313196e-02       2.234137649545e+04 
       1.102034422926e-02       2.243220742350e+04 
       1.114939558982e-02       2.252038300580e+04 
       1.127848668135e-02       2.260593940343e+04 
       1.140761701532e-02       2.268890288556e+04 
       1.153678614512e-02       2.276929633810e+04 
       1.166599366424e-02       2.284717608049e+04 
       1.179523920473e-02       2.292253918428e+04 
       1.192452243557e-02       2.299543711363e+04 
       1.205384306137e-02       2.306588660479e+04 
       1.218320082095e-02       2.313392415048e+04 
       1.231259548622e-02       2.319958475849e+04 
       1.244202686096e-02       2.326287656362e+04 
       1.257149477983e-02       2.332384511490e+04 
       1.270099910733e-02       2.338251417641e+04 
       1.283053973696e-02       2.343891841431e+04 
       1.296011659033e-02       2.349307165725e+04 
       1.308972961639e-02       2.354501158038e+04 
       1.321937879071e-02       2.359476238357e+04 
       1.334906411483e-02       2.364235331019e+04 
       1.347878561564e-02       2.368780251695e+04 
       1.360854334479e-02       2.373113622512e+04 
       1.373833737819e-02       2.377239117367e+04 
       1.386816781555e-02       2.381158712209e+04 
       1.399803477992e-02       2.384874053728e+04 
       1.412793841730e-02       2.388389087989e+04 
       1.425787889628e-02       2.391705902079e+04 
       1.438785640775e-02       2.394826262848e+04 
       1.451787116455e-02       2.397754851425e+04 
       1.464792340126e-02       2.400490339513e+04 
       1.477801337397e-02       2.403038455045e+04 
       1.490814136006e-02       2.405400102919e+04 
       1.503830765803e-02       2.407577962320e+04 
       1.516851258740e-02       2.409575137068e+04 
       1.529875648853e-02       2.411392247645e+04 
       1.542903972256e-02       2.413033268995e+04 
       1.555936267136e-02       2.414499796481e+04 
       1.568972573745e-02       2.415794231854e+04 
       1.582012934400e-02       2.416919064651e+04 
       1.595057393479e-02       2.417875808973e+04 
       1.608105997428e-02       2.418667313975e+04 
       1.621158794762e-02       2.419296207402e+04 
       1.634215836072e-02       2.419764073934e+04 
       1.647277174030e-02       2.420072674601e+04 
       1.660342863404e-02       2.420223845575e+04 
       1.673412961064e-02       2.420221788766e+04 
       1.686487525998e-02       2.420067127399e+04 
       1.699566619329e-02       2.419762933501e+04 
       1.712650304328e-02       2.419310082648e+04 
       1.725738646435e-02       2.418710514172e+04 
       1.738831713278e-02       2.417967965590e+04 
       1.751929574698e-02       2.417082660765e+04 
       1.765032302770e-02       2.416057378078e+04 
       1.778139971827e-02       2.414893857515e+04 
       1.791252658491e-02       2.413595606409e+04 
       1.804370441701e-02       2.412162772805e+04 
       1.817493402740e-02       2.410598166598e+04 
       1.830621625271e-02       2.408902640704e+04 
       1.843755195369e-02       2.407080725244e+04 
       1.856894201556e-02       2.405131634033e+04 
       1.870038734839e-02       2.403057708720e+04 
       1.883188888748e-02       2.400862974763e+04 
       1.896344759380e-02       2.398545832132e+04 
       1.909506445434e-02       2.396113258997e+04 
       1.922674048263e-02       2.393561070591e+04 
       1.935847671913e-02       2.390895499007e+04 
       1.949027423176e-02       2.388114130529e+04 
       1.962213411636e-02       2.385227141708e+04 
       1.975405749721e-02       2.382225845865e+04 
       1.988604552757e-02       2.379117061311e+04 
       2.001809939022e-02       2.375905068133e+04 
       2.015022029803e-02       2.372586576222e+04 
       2.028240949454e-02       2.369168373922e+04 
       2.041466825461e-02       2.365646522447e+04 
       2.054699788499e-02       2.362027743146e+04 
       2.067939972503e-02       2.358309889824e+04 
       2.081187514729e-02       2.354498128884e+04 
       2.094442555831e-02       2.350588113128e+04 
       2.107705239925e-02       2.346591015320e+04 
       2.120975714669e-02       2.342504118209e+04 
       2.134254131337e-02       2.338323934645e+04 
       2.147540644897e-02       2.334054569836e+04 
       2.160835414094e-02       2.329707076976e+04 
       2.174138601533e-02       2.325269042773e+04 
       2.187450373767e-02       2.320750392338e+04 
       2.200770901385e-02       2.316150320479e+04 
       2.214100359104e-02       2.311474036148e+04 
       2.227438925865e-02       2.306715028907e+04 
       2.240786784930e-02       2.301878992387e+04 
       2.254144123985e-02       2.296973729970e+04 
       2.267511135241e-02       2.291989524786e+04 
       2.280888015544e-02       2.286933616161e+04 
       2.294274966485e-02       2.281812784804e+04 
       2.307672194515e-02       2.276615804143e+04 
       2.321079911061e-02       2.271357390125e+04 
       2.334498332650e-02       2.266025502298e+04 
       2.347927681033e-02       2.260636402036e+04 
       2.361368183314e-02       2.255177037611e+04 
       2.374820072085e-02       2.249655856780e+04 
       2.388283585561e-02       2.244081128178e+04 
       2.401758967725e-02       2.238437711550e+04 
       2.415246468473e-02       2.232740573560e+04 
       2.428746343765e-02       2.226988190976e+04 
       2.442258855781e-02       2.221180535745e+04 
       2.455784273085e-02       2.215316605889e+04 
       2.469322870787e-02       2.209399263163e+04 
       2.482874930716e-02       2.203435954783e+04 
       2.496440741599e-02       2.197415254502e+04 
       2.510020599245e-02       2.191343985653e+04 
       2.523614806728e-02       2.185231236780e+04 
       2.537223674592e-02       2.179072099778e+04 
       2.550847521044e-02       2.172865863765e+04 
       2.564486672166e-02       2.166611078364e+04 
       2.578141462136e-02       2.160316810059e+04 
       2.591812233440e-02       2.153980886616e+04 
       2.605499337113e-02       2.147604394823e+04 
       2.619203132972e-02       2.141189943781e+04 
       2.632923989864e-02       2.134734428223e+04 
       2.646662285922e-02       2.128242929177e+04 
       2.660418408827e-02       2.121711959465e+04 
       2.674192756084e-02       2.115148836444e+04 
       2.687985735303e-02       2.108545393942e+04 
       2.701797764493e-02       2.101915280161e+04 
       2.715629272368e-02       2.095251254444e+04 
       2.729480698654e-02       2.088554518967e+04 
       2.743352494425e-02       2.081832825308e+04 
       2.757245122433e-02       2.075077286866e+04 
       2.771159057462e-02       2.068294099278e+04 
       2.785094786688e-02       2.061484293961e+04 
       2.799052810059e-02       2.054646318389e+04 
       2.813033640686e-02       2.047785760584e+04 
       2.827037805244e-02       2.040898919834e+04 
       2.841065844397e-02       2.033989794129e+04 
       2.855118313236e-02       2.027059646014e+04 
       2.869195781728e-02       2.020099523938e+04 
       2.883298835193e-02       2.013131204651e+04 
       2.897428074791e-02       2.006134063884e+04 
       2.911584118033e-02       1.999117504018e+04 
       2.925767599311e-02       1.992085474720e+04 
       2.939979170447e-02       1.985036117258e+04 
       2.954219501271e-02       1.977971464192e+04 
       2.968489280212e-02       1.970887962271e+04 
       2.982789214925e-02       1.963782568046e+04 
       2.997120032935e-02       1.956672521838e+04 
       3.011482482313e-02       1.949545165228e+04 
       3.025877332376e-02       1.942406897804e+04 
       3.040305374426e-02       1.935254212096e+04 
       3.054767422505e-02       1.928088146924e+04 
       3.069264314201e-02       1.920914518713e+04 
       3.083796911475e-02       1.913727316085e+04 
       3.098366101530e-02       1.906531621819e+04 
       3.112972797722e-02       1.899325858949e+04 
       3.127617940503e-02       1.892111461473e+04 
       3.142302498415e-02       1.884888092761e+04 
       3.157027469125e-02       1.877665436854e+04 
       3.171793880510e-02       1.870421524174e+04 
       3.186602791790e-02       1.863187541189e+04 
       3.201455294717e-02       1.855937519712e+04 
       3.216352514816e-02       1.848687999178e+04 
       3.231295612691e-02       1.841430645144e+04 
       3.246285785390e-02       1.834167339045e+04 
       3.261324267840e-02       1.826903876822e+04 
       3.276412334345e-02       1.819639619417e+04 
       3.291551300170e-02       1.812367798707e+04 
       3.306742523197e-02       1.805091015499e+04 
       3.321987405662e-02       1.797818570543e+04 
       3.337287395992e-02       1.790544445766e+04 
       3.352643990727e-02       1.783263715467e+04 
       3.368058736548e-02       1.775980074172e+04 
       3.383533232406e-02       1.768702921935e+04 
       3.399069131776e-02       1.761429727179e+04 
       3.414668145020e-02       1.754150486293e+04 
       3.430332041886e-02       1.746873143997e+04 
       3.446062654147e-02       1.739595894236e+04 
       3.461861878378e-02       1.732324341273e+04 
       3.477731678898e-02       1.725047454476e+04 
       3.493674090879e-02       1.717776665831e+04 
       3.509691223626e-02       1.710504408989e+04 
       3.525785264061e-02       1.703237249283e+04 
       3.541958480403e-02       1.695971491591e+04 
       3.558213226067e-02       1.688708560533e+04 
       3.574551943808e-02       1.681452376887e+04 
       3.590977170108e-02       1.674197126469e+04 
       3.607491539840e-02       1.666936082947e+04 
       3.624097791218e-02       1.659688648555e+04 
       3.640798771072e-02       1.652437504909e+04 
       3.657597440445e-02       1.645190608306e+04 
       3.674496880570e-02       1.637949202249e+04 
       3.691500299229e-02       1.630710936944e+04 
       3.708611037539e-02       1.623478572550e+04 
       3.725832577197e-02       1.616244804276e+04 
       3.743168548221e-02       1.609016146749e+04 
       3.760622737222e-02       1.601792423546e+04 
       3.778199096265e-02       1.594564410873e+04 
       3.795901752357e-02       1.587351405689e+04 
       3.813735017615e-02       1.580130603107e+04 
       3.831703400188e-02       1.572919592091e+04 
       3.849811615983e-02       1.565707334617e+04 
       3.868064601275e-02       1.558500471174e+04 
       3.886467526283e-02       1.551293437460e+04 
       3.905025809796e-02       1.544087837115e+04 
       3.923745134953e-02       1.536886279170e+04 
       3.942631466278e-02       1.529686124731e+04 
       3.961691068107e-02       1.522486860497e+04 
       3.980930524521e-02       1.515286903581e+04 
       4.000356760961e-02       1.508084938938e+04 
       4.019977067671e-02       1.500889833288e+04 
       4.039799125172e-02       1.493687581547e+04 
       4.059831031974e-02       1.486484140027e+04 
       4.080081334768e-02       1.479284240043e+04 
       4.100559061355e-02       1.472082775780e+04 
       4.121273756630e-02       1.464872084894e+04 
       4.142235521940e-02       1.457659835580e+04 
       4.163455058222e-02       1.450443606430e+04 
       4.184943713349e-02       1.443223478930e+04 
       4.206713534171e-02       1.436001235959e+04 
       4.228777323831e-02       1.428766727302e+04 
       4.251148704990e-02       1.421523005999e+04 
       4.273842189703e-02       1.414276847442e+04 
       4.296873256786e-02       1.407015425321e+04 
       4.320258437652e-02       1.399747779137e+04 
       4.344015411723e-02       1.392460786397e+04 
       4.368163112726e-02       1.385167509773e+04 
       4.392721847357e-02       1.377854965202e+04 
       4.417713428056e-02       1.370525669488e+04 
       4.443161321925e-02       1.363182298079e+04 
       4.469090818145e-02       1.355817472737e+04 
       4.495529216683e-02       1.348429771939e+04 
       4.522506041536e-02       1.341020674897e+04 
       4.550053282375e-02       1.333581222133e+04 
       4.578205669141e-02       1.326120343905e+04 
       4.607000985019e-02       1.318626142218e+04 
       4.636480424235e-02       1.311090564881e+04 
       4.666689002418e-02       1.303525125465e+04 
       4.697676028813e-02       1.295919930032e+04 
       4.729495651552e-02       1.288271371169e+04 
       4.762207489562e-02       1.280575678669e+04 
       4.795877367610e-02       1.272824911910e+04 
       4.830578174679e-02       1.265021074445e+04 
       4.866390870405e-02       1.257154017990e+04 
       4.903405670078e-02       1.249223766225e+04 
       4.941723445957e-02       1.241216492274e+04 
       4.981457391805e-02       1.233126856373e+04 
       5.022735009185e-02       1.224954107754e+04 
       5.065700488888e-02       1.216675220427e+04 
       5.110517579713e-02       1.208291424861e+04 
       5.157373060877e-02       1.199783931605e+04 
       5.206480964959e-02       1.191141459512e+04 
       5.258087736995e-02       1.182345958553e+04 
       5.312478563939e-02       1.173377888288e+04 
       5.369985168480e-02       1.164216398118e+04 
       5.430995432499e-02       1.154829976250e+04 
       5.495965295635e-02       1.145188075014e+04 
       5.565433453986e-02       1.135238293625e+04 
       5.640039439366e-02       1.124940779084e+04 
       5.720545638195e-02       1.114217979580e+04 
       5.807863602687e-02       1.102984641582e+04 
       5.903084403178e-02       1.091126486620e+04 
       6.007511375564e-02       1.078496354497e+04 
       6.122690755943e-02       1.064891974785e+04 
       6.250430347532e-02       1.050045891200e+04 
       6.392787409018e-02       1.033598095117e+04 
       6.551994363509e-02       1.015089542234e+04 
       6.730279159398e-02       9.939379747227e+03 
       6.929541091144e-02       9.694637198674e+03 
       7.150890541237e-02       9.409827432944e+03 
       7.394171827618e-02       9.079722420181e+03 
       7.657711108879e-02       8.703097187635e+03 
       7.938514608143e-02       8.284684450461e+03 
       8.232893516020e-02       7.835672950000e+03 
       8.537204116058e-02       7.372149858428e+03 
       8.848367566459e-02       6.912216356016e+03 
       9.164057695129e-02       6.473079672743e+03 
       9.482648479576e-02       6.068751582969e+03 
       9.803060966640e-02       5.708827689567e+03 
       1.012460297615e-01       5.398141937261e+03 
       1.044683984099e-01       5.137150385331e+03 
       1.076950220672e-01       4.922519186716e+03 
       1.109242451351e-01       4.748083753415e+03 
       1.141550549741e-01       4.605693688403e+03 
       1.173868339812e-01       4.486106720222e+03 
       1.206192060684e-01       4.379892261825e+03 
       1.238519423682e-01       4.278185473238e+03 
       1.270849035995e-01       4.173521495435e+03 
       1.303180049437e-01       4.060372907643e+03 
       1.335511946783e-01       3.935569628498e+03 
       1.367844411911e-01       3.798375173467e+03 
       1.400177250934e-01       3.650280140173e+03 
       1.432510344308e-01       3.494510205869e+03 
       1.464843617754e-01       3.335422829817e+03 
       1.497177024598e-01       3.177833115098e+03 
       1.529510535041e-01       3.026377282363e+03 
       1.561844129643e-01       2.885024130177e+03 
       1.594177795352e-01       2.756731199058e+03 
       1.626511523087e-01       2.643264777757e+03 
       1.658845306267e-01       2.545169715795e+03 
       1.691179139903e-01       2.461868497265e+03 
       1.723513020050e-01       2.391825603312e+03 
       1.755846943455e-01       2.332791621225e+03 
       1.788180907351e-01       2.282052912950e+03 
       1.820514909317e-01       2.236710666043e+03 
       1.852848947196e-01       2.194273794141e+03 
       1.885183019034e-01       2.152125025077e+03 
       1.917517123043e-01       2.107879628647e+03 
       1.949851257577e-01       2.060083337622e+03 
       1.982185421110e-01       2.008061925819e+03 
       2.014519612222e-01       1.951906560597e+03 
       2.046853829588e-01       1.892344615933e+03 
       2.079188071970e-01       1.830622738409e+03 
       2.111522338206e-01       1.768227205956e+03 
       2.143856627208e-01       1.706677436732e+03 
       2.176190937952e-01       1.647383692328e+03 
       2.208525269476e-01       1.591490035230e+03 
       2.240859620874e-01       1.539839558925e+03 
       2.273193991291e-01       1.492936566037e+03 
       2.305528379921e-01       1.450955500645e+03 
       2.337862786004e-01       1.413757685414e+03 
       2.370197208820e-01       1.380920392891e+03 
       2.402531647689e-01       1.351778418694e+03 
       2.434866101967e-01       1.325498867379e+03 
       2.467200571045e-01       1.301166160752e+03 
       2.499535054344e-01       1.277874804571e+03 
       2.531869551316e-01       1.254821381940e+03 
       2.564204061441e-01       1.231362982183e+03 
       2.596538584225e-01       1.207063429256e+03 
       2.628873119196e-01       1.181701457269e+03 
       2.661207665909e-01       1.155246894694e+03 
       2.693542223938e-01       1.127853459263e+03 
       2.725876792878e-01       1.099823353967e+03 
       2.758211372343e-01       1.071558321190e+03 
       2.790545961965e-01       1.043532894496e+03 
       2.822880561393e-01       1.016203051370e+03 
       2.855215170291e-01       9.900075036354e+02 
       2.887549788341e-01       9.652701291929e+02 
       2.919884415236e-01       9.422052712420e+02 
       2.952219050685e-01       9.208895890779e+02 
       2.984553694406e-01       9.012783624032e+02 
       3.016888346134e-01       8.832292548239e+02 
       3.049223005613e-01       8.665288631429e+02 
       3.081557672596e-01       8.509219849484e+02 
       3.113892346849e-01       8.361372284577e+02 
       3.146227028147e-01       8.218998966751e+02 
       3.178561716273e-01       8.079548288592e+02 
       3.210896411020e-01       7.940827744286e+02 
       3.243231112190e-01       7.801171038670e+02 
       3.275565819591e-01       7.659577579507e+02 
       3.307900533039e-01       7.515708354937e+02 
       3.340235252358e-01       7.369976607935e+02 
       3.372569977378e-01       7.223232901038e+02 
       3.404904707937e-01       7.076717938620e+02 
       3.437239443877e-01       6.931777707759e+02 
       3.469574185046e-01       6.789727290571e+02 
       3.501908931300e-01       6.651761195325e+02 
       3.534243682499e-01       6.518848015874e+02 
       3.566578438506e-01       6.391722423080e+02 
       3.598913199193e-01       6.270847346003e+02 
       3.631247964432e-01       6.156309920905e+02 
       3.663582734105e-01       6.047921922644e+02 
       3.695917508092e-01       5.945102365923e+02 
       3.728252286282e-01       5.847056970595e+02 
       3.760587068567e-01       5.752840630655e+02 
       3.792921854839e-01       5.661495679728e+02 
       3.825256644999e-01       5.572172894021e+02 
       3.857591438948e-01       5.484179528636e+02 
       3.889926236591e-01       5.397014233593e+02 
       3.922261037836e-01       5.310365223848e+02 
       3.954595842595e-01       5.224058915877e+02 
       3.986930650782e-01       5.138089497740e+02 
       4.019265462313e-01       5.052551222942e+02 
       4.051600277109e-01       4.967691209864e+02 
       4.083935095092e-01       4.883836615842e+02 
       4.116269916185e-01       4.801393695041e+02 
       4.148604740316e-01       4.720725074476e+02 
       4.180939567415e-01       4.642178695790e+02 
       4.213274397413e-01       4.565965046781e+02 
       4.245609230242e-01       4.492199178852e+02 
       4.277944065840e-01       4.420883250239e+02 
       4.310278904143e-01       4.351960084416e+02 
       4.342613745090e-01       4.285318922171e+02 
       4.374948588623e-01       4.220826789508e+02 
       4.407283434685e-01       4.158311168116e+02 
       4.439618283220e-01       4.097557526464e+02 
       4.471953134174e-01       4.038319330224e+02 
       4.504287987496e-01       3.980332429868e+02 
       4.536622843133e-01       3.923350915791e+02 
       4.568957701038e-01       3.867175571708e+02 
       4.601292561161e-01       3.811674546745e+02 
       4.633627423457e-01       3.756790126534e+02 
       4.665962287880e-01       3.702525912915e+02 
       4.698297154386e-01       3.648915899191e+02 
       4.730632022932e-01       3.596009529736e+02 
       4.762966893476e-01       3.543874756260e+02 
       4.795301765978e-01       3.492583980965e+02 
       4.827636640399e-01       3.442225010343e+02 
       4.859971516699e-01       3.392900242132e+02 
       4.892306394842e-01       3.344705542894e+02 
       4.924641274792e-01       3.297718523930e+02 
       4.956976156512e-01       3.251970692741e+02 
       4.989311039968e-01       3.207441998799e+02 
       5.021645925126e-01       3.164064891722e+02 
       5.053980811954e-01       3.121750345873e+02 
       5.086315700420e-01       3.080387529618e+02 
       5.118650590493e-01       3.039885886788e+02 
       5.150985482142e-01       3.000163779395e+02 
       5.183320375338e-01       2.961151995855e+02 
       5.215655270051e-01       2.922787384355e+02 
       5.247990166255e-01       2.885005660217e+02 
       5.280325063920e-01       2.847757581381e+02 
       5.312659963021e-01       2.811001123110e+02 
       5.344994863531e-01       2.774725254732e+02 
       5.377329765425e-01       2.738953100310e+02 
       5.409664668678e-01       2.703717715847e+02 
       5.441999573266e-01       2.669064568330e+02 
       5.474334479165e-01       2.635028093899e+02 
       5.506669386351e-01       2.601621971320e+02 
       5.539004294803e-01       2.568846368526e+02 
       5.571339204497e-01       2.536689332909e+02 
       5.603674115413e-01       2.505149224907e+02 
       5.636009027530e-01       2.474214068672e+02 
       5.668343940826e-01       2.443880606599e+02 
       5.700678855282e-01       2.414148179017e+02 
       5.733013770878e-01       2.384993969688e+02 
       5.765348687595e-01       2.356388122372e+02 
       5.797683605414e-01       2.328289400366e+02 
       5.830018524316e-01       2.300657231828e+02 
       5.862353444284e-01       2.273459494808e+02 
       5.894688365300e-01       2.246678531794e+02 
       5.927023287346e-01       2.220307403116e+02 
       5.959358210407e-01       2.194341783669e+02 
       5.991693134465e-01       2.168773234739e+02 
       6.024028059505e-01       2.143591708620e+02 
       6.056362985510e-01       2.118780298923e+02 
       6.088697912465e-01       2.094327521200e+02 
       6.121032840356e-01       2.070231547859e+02 
       6.153367769167e-01       2.046497189135e+02 
       6.185702698883e-01       2.023139893072e+02 
       6.218037629492e-01       2.000163974945e+02 
       6.250372560978e-01       1.977590893213e+02 
       6.282707493329e-01       1.955403373032e+02 
       6.315042426530e-01       1.933586566794e+02 
       6.347377360570e-01       1.912134065343e+02 
       6.379712295434e-01       1.891014039532e+02 
       6.412047231111e-01       1.870228767582e+02 
       6.444382167589e-01       1.849775737673e+02 
       6.476717104854e-01       1.829650153244e+02 
       6.509052042897e-01       1.809844864687e+02 
       6.541386981704e-01       1.790341953302e+02 
       6.573721921265e-01       1.771125096576e+02 
       6.606056861569e-01       1.752177809442e+02 
       6.638391802604e-01       1.733489182022e+02 
       6.670726744361e-01       1.715059189162e+02 
       6.703061686828e-01       1.696892657021e+02 
       6.735396629995e-01       1.678992665335e+02 
       6.767731573853e-01       1.661358625648e+02 
       6.800066518391e-01       1.643984652014e+02 
       6.832401463599e-01       1.626860603831e+02 
       6.864736409469e-01       1.609976446735e+02 
       6.897071355991e-01       1.593330151083e+02 
       6.929406303156e-01       1.576920795230e+02 
       6.961741250954e-01       1.560754513949e+02 
       6.994076199378e-01       1.544832864878e+02 
       7.026411148417e-01       1.529152920039e+02 
       7.058746098065e-01       1.513707388040e+02 
       7.091081048312e-01       1.498481559459e+02 
       7.123415999150e-01       1.483466862534e+02 
       7.155750950572e-01       1.468654612100e+02 
       7.188085902568e-01       1.454045349084e+02 
       7.220420855133e-01       1.439640336058e+02 
       7.252755808258e-01       1.425438634715e+02 
       7.285090761935e-01       1.411437547079e+02 
       7.317425716157e-01       1.397626455400e+02 
       7.349760670918e-01       1.384000224413e+02 
       7.382095626209e-01       1.370549186925e+02 
       7.414430582024e-01       1.357270539816e+02 
       7.446765538357e-01       1.344165107477e+02 
       7.479100495199e-01       1.331237086595e+02 
       7.511435452546e-01       1.318487772919e+02 
       7.543770410390e-01       1.305915812997e+02 
       7.576105368725e-01       1.293515034941e+02 
       7.608440327544e-01       1.281277547303e+02 
       8.319484525729e-01       1.048508313325e+02 
       9.351793382422e-01       8.041313388024e+01 
       1.099660373256e+00       5.540060470885e+01 
       1.358781267068e+00       3.377751915674e+01 
       1.708625805690e+00       1.958017313048e+01 
       2.151000392107e+00       1.121759501468e+01 
       2.707948955307e+00       6.374077903933e+00 
       3.409105753635e+00       3.595136595406e+00 
       4.291809864745e+00       2.014161036899e+00 
       5.403068501317e+00       1.121528392539e+00 
       6.802060237972e+00       6.210026021318e-01 
       8.563286486138e+00       3.420916900824e-01 
       1.078053896587e+01       1.875596301842e-01 
       1.357189445697e+01       1.023850114793e-01 
       1.708600281807e+01       5.566272684412e-02 
       2.151000313366e+01       3.014623062418e-02 
       2.707948955274e+01       1.626762099865e-02 
       3.409105753635e+01       8.747563974293e-03 
       4.291809864745e+01       4.687327581551e-03 
       5.403068501317e+01       2.502547542676e-03 
       6.802060237972e+01       1.330807672240e-03 
       8.563286486138e+01       7.044526879836e-04 
       1.078053896587e+02       3.707730472375e-04 
