# Matter power spectrum P(k) at redshift z=0
# for k=1.06275e-05 to 107.312 h/Mpc,
# number of wavenumbers equal to 621
#    1:k (h/Mpc)              2:P (Mpc/h)^3        
       1.062751730783e-05       4.570339637491e+01 
       2.377066327801e-05       9.946821894102e+01 
       3.696182877642e-05       1.523631608485e+02 
       5.023796860439e-05       2.049379638964e+02 
       6.363667281325e-05       2.575117343269e+02 
       7.719651561300e-05       3.103276578053e+02 
       9.095741586280e-05       3.635964714703e+02 
       1.049610141194e-04       4.175143690019e+02 
       1.192510712558e-04       4.722722935242e+02 
       1.338738936982e-04       5.280616427766e+02 
       1.488787903245e-04       5.850783242604e+02 
       1.643185659813e-04       6.435259682057e+02 
       1.802500563293e-04       7.036187354442e+02 
       1.967347082418e-04       7.655839408386e+02 
       2.138392091134e-04       8.296645608498e+02 
       2.316361670388e-04       8.961217756952e+02 
       2.502048416571e-04       9.652375371617e+02 
       2.696319222572e-04       1.037317039672e+03 
       2.900123451493e-04       1.112691575185e+03 
       3.114501359044e-04       1.191720636832e+03 
       3.340592533859e-04       1.274794800166e+03 
       3.579644010424e-04       1.362337346926e+03 
       3.833017562930e-04       1.454806130428e+03 
       4.102195507971e-04       1.552694382073e+03 
       4.388784131965e-04       1.656530504213e+03 
       4.694513625553e-04       1.766876268374e+03 
       5.021233174148e-04       1.884323370098e+03 
       5.370899660179e-04       2.009487182862e+03 
       5.745558338226e-04       2.142997445806e+03 
       6.147313929885e-04       2.285486028081e+03 
       6.578290945975e-04       2.437570101899e+03 
       7.040582769881e-04       2.599832402416e+03 
       7.536190179776e-04       2.772797746874e+03 
       8.066951518042e-04       2.956907298589e+03 
       8.634468473950e-04       3.152492568072e+03 
       9.240033122331e-04       3.359750621062e+03 
       9.884563032075e-04       3.578723842596e+03 
       1.056855148621e-03       3.809286046256e+03 
       1.129203884749e-03       4.051137292725e+03 
       1.205460886613e-03       4.303808597279e+03 
       1.285541063247e-03       4.566676275164e+03 
       1.369320358706e-03       4.838982368938e+03 
       1.456642025254e-03       5.119832148890e+03 
       1.547323970908e-03       5.408327869960e+03 
       1.641166451562e-03       5.703496547176e+03 
       1.737959462994e-03       6.004353630411e+03 
       1.837489349578e-03       6.309927516704e+03 
       1.939544336221e-03       6.619280266599e+03 
       2.043918867299e-03       6.931522246663e+03 
       2.150416776098e-03       7.245822643660e+03 
       2.258853401451e-03       7.561416246055e+03 
       2.369056817834e-03       7.877605437492e+03 
       2.480868360476e-03       8.193760588070e+03 
       2.594142619149e-03       8.509318151010e+03 
       2.708747053342e-03       8.823775775991e+03 
       2.824561354999e-03       9.136690972287e+03 
       2.941476658050e-03       9.447673188417e+03 
       3.059394669478e-03       9.756381373263e+03 
       3.178226775858e-03       1.006251958527e+04 
       3.297893162661e-03       1.036582834789e+04 
       3.418321970701e-03       1.066608586018e+04 
       3.539448504488e-03       1.096310037320e+04 
       3.661214500335e-03       1.125670986958e+04 
       3.783567457196e-03       1.154677219418e+04 
       3.906460029958e-03       1.183317304963e+04 
       4.029849482819e-03       1.211581219678e+04 
       4.153697199114e-03       1.239461104894e+04 
       4.277968243292e-03       1.266950110250e+04 
       4.402630970499e-03       1.294042866586e+04 
       4.527656679191e-03       1.320735633712e+04 
       4.653019302400e-03       1.347024839335e+04 
       4.778695133528e-03       1.372908756463e+04 
       4.904662582877e-03       1.398383494575e+04 
       5.030901961450e-03       1.423452279039e+04 
       5.157395288909e-03       1.448114579722e+04 
       5.284126122895e-03       1.472363617284e+04 
       5.411079407235e-03       1.496213253677e+04 
       5.538241336819e-03       1.519651523864e+04 
       5.665599237211e-03       1.542689843187e+04 
       5.793141457268e-03       1.565328676460e+04 
       5.920857273257e-03       1.587561785759e+04 
       6.048736803139e-03       1.609400165960e+04 
       6.176770929846e-03       1.630841844283e+04 
       6.304951232522e-03       1.651890243735e+04 
       6.433269924832e-03       1.672552168836e+04 
       6.561719799524e-03       1.692825414998e+04 
       6.690294178563e-03       1.712716341708e+04 
       6.818986868212e-03       1.732226358160e+04 
       6.947792118519e-03       1.751362788527e+04 
       7.076704586726e-03       1.770125194885e+04 
       7.205719304187e-03       1.788518135689e+04 
       7.334831646417e-03       1.806545132811e+04 
       7.464037305938e-03       1.824208795410e+04 
       7.593332267641e-03       1.841514287510e+04 
       7.722712786392e-03       1.858465619692e+04 
       7.852175366665e-03       1.875063780643e+04 
       7.981716743989e-03       1.891316535601e+04 
       8.111333868031e-03       1.907224822714e+04 
       8.241023887153e-03       1.922792146394e+04 
       8.370784134308e-03       1.938022348172e+04 
       8.500612114124e-03       1.952920470264e+04 
       8.630505491088e-03       1.967489774626e+04 
       8.760462078712e-03       1.981733977681e+04 
       8.890479829587e-03       1.995655579637e+04 
       9.020556826261e-03       2.009259489677e+04 
       9.150691272835e-03       2.022548865576e+04 
       9.280881487251e-03       2.035526770621e+04 
       9.411125894174e-03       2.048197112579e+04 
       9.541423018441e-03       2.060563902850e+04 
       9.671771479014e-03       2.072630578982e+04 
       9.802169983401e-03       2.084399335550e+04 
       9.932617322498e-03       2.095874235142e+04 
       1.006311236583e-02       2.107059254140e+04 
       1.019365405713e-02       2.117957525517e+04 
       1.032424141027e-02       2.128569105391e+04 
       1.045487350547e-02       2.138904407103e+04 
       1.058554948582e-02       2.148960088115e+04 
       1.071626855399e-02       2.158741960536e+04 
       1.084702996926e-02       2.168252828616e+04 
       1.097783304468e-02       2.177496140016e+04 
       1.110867714451e-02       2.186475105045e+04 
       1.123956168180e-02       2.195191350787e+04 
       1.137048611612e-02       2.203650260395e+04 
       1.150144995153e-02       2.211853087498e+04 
       1.163245273459e-02       2.219803703416e+04 
       1.176349405259e-02       2.227504783917e+04 
       1.189457353187e-02       2.234958951602e+04 
       1.202569083627e-02       2.242169748464e+04 
       1.215684566566e-02       2.249139304305e+04 
       1.228803775462e-02       2.255871161534e+04 
       1.241926687120e-02       2.262367781917e+04 
       1.255053281570e-02       2.268632371191e+04 
       1.268183541967e-02       2.274667924295e+04 
       1.281317454484e-02       2.280475805310e+04 
       1.294455008224e-02       2.286060889681e+04 
       1.307596195132e-02       2.291423813396e+04 
       1.320741009913e-02       2.296570102002e+04 
       1.333889449963e-02       2.301499225135e+04 
       1.347041515297e-02       2.306215376647e+04 
       1.360197208489e-02       2.310721376086e+04 
       1.373356534611e-02       2.315016781271e+04 
       1.386519501181e-02       2.319110311886e+04 
       1.399686118118e-02       2.322999204608e+04 
       1.412856397692e-02       2.326687831870e+04 
       1.426030354487e-02       2.330177972917e+04 
       1.439208005363e-02       2.333472561885e+04 
       1.452389369423e-02       2.336574426913e+04 
       1.465574467983e-02       2.339486394626e+04 
       1.478763324547e-02       2.342209263201e+04 
       1.491955964784e-02       2.344746092783e+04 
       1.505152416503e-02       2.347100447994e+04 
       1.518352709641e-02       2.349272190903e+04 
       1.531556876246e-02       2.351266380083e+04 
       1.544764950465e-02       2.353083265193e+04 
       1.557976968533e-02       2.354727407177e+04 
       1.571192968767e-02       2.356197845636e+04 
       1.584412991561e-02       2.357499627934e+04 
       1.597637079385e-02       2.358633427593e+04 
       1.610865276779e-02       2.359603129976e+04 
       1.624097630362e-02       2.360408605095e+04 
       1.637334188828e-02       2.361053582478e+04 
       1.650575002959e-02       2.361539324187e+04 
       1.663820125627e-02       2.361869653576e+04 
       1.677069611807e-02       2.362045477924e+04 
       1.690323518585e-02       2.362068266210e+04 
       1.703581905175e-02       2.361941825783e+04 
       1.716844832931e-02       2.361666739692e+04 
       1.730112365365e-02       2.361246024285e+04 
       1.743384568167e-02       2.360680550976e+04 
       1.756661509222e-02       2.359972783804e+04 
       1.769943258634e-02       2.359125919185e+04 
       1.783229888750e-02       2.358142260556e+04 
       1.796521474184e-02       2.357020018886e+04 
       1.809818091844e-02       2.355765897917e+04 
       1.823119820964e-02       2.354379346376e+04 
       1.836426743128e-02       2.352862597290e+04 
       1.849738942309e-02       2.351216544615e+04 
       1.863056504898e-02       2.349446240163e+04 
       1.876379519741e-02       2.347547663105e+04 
       1.889708078176e-02       2.345532238256e+04 
       1.903042274073e-02       2.343392536042e+04 
       1.916382203871e-02       2.341134667258e+04 
       1.929727966625e-02       2.338761350088e+04 
       1.943079664045e-02       2.336271581995e+04 
       1.956437400547e-02       2.333669422850e+04 
       1.969801283295e-02       2.330957097054e+04 
       1.983171422255e-02       2.328129994818e+04 
       1.996547930245e-02       2.325196346878e+04 
       2.009930922986e-02       2.322158769569e+04 
       2.023320519158e-02       2.319016113142e+04 
       2.036716840460e-02       2.315771406084e+04 
       2.050120011665e-02       2.312426229108e+04 
       2.063530160681e-02       2.308979978780e+04 
       2.076947418617e-02       2.305437879330e+04 
       2.090371919846e-02       2.301797329001e+04 
       2.103803802074e-02       2.298066332100e+04 
       2.117243206405e-02       2.294239971937e+04 
       2.130690277420e-02       2.290321728703e+04 
       2.144145163245e-02       2.286317124488e+04 
       2.157608015629e-02       2.282222012014e+04 
       2.171078990025e-02       2.278040555722e+04 
       2.184558245668e-02       2.273771515902e+04 
       2.198045945662e-02       2.269428597113e+04 
       2.211542257066e-02       2.265000156562e+04 
       2.225047350981e-02       2.260488992197e+04 
       2.238561402645e-02       2.255901078369e+04 
       2.252084591526e-02       2.251236796723e+04 
       2.265617101422e-02       2.246496458380e+04 
       2.279159120560e-02       2.241681168211e+04 
       2.292710841700e-02       2.236795974381e+04 
       2.306272462247e-02       2.231838545894e+04 
       2.319844184353e-02       2.226812084043e+04 
       2.333426215040e-02       2.221716793017e+04 
       2.347018766314e-02       2.216553985317e+04 
       2.360622055285e-02       2.211330795600e+04 
       2.374236304296e-02       2.206027453074e+04 
       2.387861741047e-02       2.200675839600e+04 
       2.401498598736e-02       2.195264238164e+04 
       2.415147116188e-02       2.189792490103e+04 
       2.428807538003e-02       2.184255073241e+04 
       2.442480114699e-02       2.178668179786e+04 
       2.456165102865e-02       2.173021072960e+04 
       2.469862765317e-02       2.167316890302e+04 
       2.483573371256e-02       2.161562533782e+04 
       2.497297196436e-02       2.155755197643e+04 
       2.511034523339e-02       2.149895153110e+04 
       2.524785641344e-02       2.143989527588e+04 
       2.538550846917e-02       2.138033732352e+04 
       2.552330443797e-02       2.132032317363e+04 
       2.566124743190e-02       2.125982862723e+04 
       2.579934063974e-02       2.119890007737e+04 
       2.593758732901e-02       2.113760261501e+04 
       2.607599084820e-02       2.107573789747e+04 
       2.621455462895e-02       2.101352713215e+04 
       2.635328218834e-02       2.095096046477e+04 
       2.649217713129e-02       2.088794269602e+04 
       2.663124315304e-02       2.082457890986e+04 
       2.677048404163e-02       2.076082671762e+04 
       2.690990368062e-02       2.069673395898e+04 
       2.704950605172e-02       2.063227282370e+04 
       2.718929523772e-02       2.056749333647e+04 
       2.732927542529e-02       2.050237788420e+04 
       2.746945090812e-02       2.043694145602e+04 
       2.760982608997e-02       2.037118907887e+04 
       2.775040548796e-02       2.030516927145e+04 
       2.789119373592e-02       2.023887631978e+04 
       2.803219558788e-02       2.017223909701e+04 
       2.817341592169e-02       2.010537012450e+04 
       2.831485974277e-02       2.003823593305e+04 
       2.845653218799e-02       1.997086945707e+04 
       2.859843852972e-02       1.990321092063e+04 
       2.874058418002e-02       1.983541469110e+04 
       2.888297469498e-02       1.976733525322e+04 
       2.902561577925e-02       1.969910245139e+04 
       2.916851329073e-02       1.963058914905e+04 
       2.931167324543e-02       1.956192309057e+04 
       2.945510182256e-02       1.949300418584e+04 
       2.959880536980e-02       1.942395693310e+04 
       2.974279040877e-02       1.935477264352e+04 
       2.988706364073e-02       1.928536452565e+04 
       3.003163195251e-02       1.921580080900e+04 
       3.017650242272e-02       1.914611064116e+04 
       3.032168232813e-02       1.907632995651e+04 
       3.046717915042e-02       1.900632742816e+04 
       3.061300058312e-02       1.893620061228e+04 
       3.075915453891e-02       1.886600987234e+04 
       3.090564915720e-02       1.879566017285e+04 
       3.105249281207e-02       1.872520452396e+04 
       3.119969412048e-02       1.865467786585e+04 
       3.134726195093e-02       1.858404355009e+04 
       3.149520543246e-02       1.851329432033e+04 
       3.164353396403e-02       1.844249030835e+04 
       3.179225722438e-02       1.837161936789e+04 
       3.194138518228e-02       1.830070715615e+04 
       3.209092810730e-02       1.822969421660e+04 
       3.224089658102e-02       1.815857272830e+04 
       3.239130150883e-02       1.808747103702e+04 
       3.254215413225e-02       1.801623576929e+04 
       3.269346604181e-02       1.794504004826e+04 
       3.284524919063e-02       1.787377231604e+04 
       3.299751590857e-02       1.780250058948e+04 
       3.315027891711e-02       1.773117717629e+04 
       3.330355134502e-02       1.765984294536e+04 
       3.345734674468e-02       1.758848909146e+04 
       3.361167910940e-02       1.751706331513e+04 
       3.376656289142e-02       1.744568010574e+04 
       3.392201302106e-02       1.737430205498e+04 
       3.407804492666e-02       1.730289442008e+04 
       3.423467455570e-02       1.723147326716e+04 
       3.439191839700e-02       1.716004876292e+04 
       3.454979350413e-02       1.708864366556e+04 
       3.470831752004e-02       1.701731826703e+04 
       3.486750870309e-02       1.694591976551e+04 
       3.502738595450e-02       1.687457162014e+04 
       3.518796884739e-02       1.680320294430e+04 
       3.534927765738e-02       1.673192195652e+04 
       3.551133339498e-02       1.666057278241e+04 
       3.567415783991e-02       1.658930866856e+04 
       3.583777357735e-02       1.651806403838e+04 
       3.600220403641e-02       1.644688711606e+04 
       3.616747353084e-02       1.637560665592e+04 
       3.633360730228e-02       1.630449897700e+04 
       3.650063156614e-02       1.623340314762e+04 
       3.666857356029e-02       1.616228706528e+04 
       3.683746159692e-02       1.609126630273e+04 
       3.700732511757e-02       1.602024711424e+04 
       3.717819475186e-02       1.594929503036e+04 
       3.735010237992e-02       1.587832992996e+04 
       3.752308119905e-02       1.580740072899e+04 
       3.769716579481e-02       1.573656849763e+04 
       3.787239221691e-02       1.566575970874e+04 
       3.804879806042e-02       1.559494097676e+04 
       3.822642255253e-02       1.552424921664e+04 
       3.840530664553e-02       1.545350008107e+04 
       3.858549311638e-02       1.538279822645e+04 
       3.876702667364e-02       1.531216360308e+04 
       3.894995407210e-02       1.524153473287e+04 
       3.913432423616e-02       1.517093731662e+04 
       3.932018839249e-02       1.510042575384e+04 
       3.950760021283e-02       1.502987591411e+04 
       3.969661596811e-02       1.495938537490e+04 
       3.988729469465e-02       1.488889766386e+04 
       4.007969837377e-02       1.481843707538e+04 
       4.027389212617e-02       1.474799415835e+04 
       4.046994442233e-02       1.467754654252e+04 
       4.066792731075e-02       1.460711932101e+04 
       4.086791666575e-02       1.453668359541e+04 
       4.106999245680e-02       1.446628186286e+04 
       4.127423904184e-02       1.439580706354e+04 
       4.148074548691e-02       1.432538403799e+04 
       4.168960591518e-02       1.425490363805e+04 
       4.190091988847e-02       1.418442089307e+04 
       4.211479282502e-02       1.411389253080e+04 
       4.233133645767e-02       1.404333552292e+04 
       4.255066933708e-02       1.397273738849e+04 
       4.277291738542e-02       1.390210258160e+04 
       4.299821450672e-02       1.383133350589e+04 
       4.322670326064e-02       1.376058910962e+04 
       4.345853560791e-02       1.368968563298e+04 
       4.369387373644e-02       1.361876577885e+04 
       4.393289097877e-02       1.354762934082e+04 
       4.417577283300e-02       1.347647498242e+04 
       4.442271810128e-02       1.340516905480e+04 
       4.467394016228e-02       1.333374143786e+04 
       4.492966839663e-02       1.326207448806e+04 
       4.519014978748e-02       1.319028271732e+04 
       4.545565072229e-02       1.311829323221e+04 
       4.572645902622e-02       1.304614568635e+04 
       4.600288626314e-02       1.297367905029e+04 
       4.628527034671e-02       1.290098202222e+04 
       4.657397851180e-02       1.282804367628e+04 
       4.686941070643e-02       1.275481847924e+04 
       4.717200347552e-02       1.268116692745e+04 
       4.748223442263e-02       1.260728283918e+04 
       4.780062735294e-02       1.253294151136e+04 
       4.812775822245e-02       1.245818252092e+04 
       4.846426204530e-02       1.238294506222e+04 
       4.881084094390e-02       1.230721916447e+04 
       4.916827356854e-02       1.223094229112e+04 
       4.953742616474e-02       1.215406866850e+04 
       4.991926563222e-02       1.207650526795e+04 
       5.031487500187e-02       1.199819896351e+04 
       5.072547186178e-02       1.191912609851e+04 
       5.115243039659e-02       1.183910659674e+04 
       5.159730787369e-02       1.175810939051e+04 
       5.206187662595e-02       1.167608240325e+04 
       5.254816285593e-02       1.159277259103e+04 
       5.305849393579e-02       1.150811547234e+04 
       5.359555631791e-02       1.142191430843e+04 
       5.416246671900e-02       1.133398110525e+04 
       5.476285990604e-02       1.124401670641e+04 
       5.540099718697e-02       1.115182035786e+04 
       5.608190053727e-02       1.105692942927e+04 
       5.681151802208e-02       1.095890611379e+04 
       5.759692644057e-02       1.085719795896e+04 
       5.844657615484e-02       1.075104460951e+04 
       5.937057932351e-02       1.063946656947e+04 
       6.038103328671e-02       1.052121593324e+04 
       6.149235035479e-02       1.039457636840e+04 
       6.272152513554e-02       1.025733030781e+04 
       6.408819925052e-02       1.010643484727e+04 
       6.561427242474e-02       9.937922804478e+03 
       6.732267473876e-02       9.746644387803e+03 
       6.923484717215e-02       9.526362764703e+03 
       7.136669885365e-02       9.270215904428e+03 
       7.372361363394e-02       8.971987375778e+03 
       7.629639926540e-02       8.628132626513e+03 
       7.906083290002e-02       8.240160443580e+03 
       8.198207646049e-02       7.815897645419e+03 
       8.502209019431e-02       7.369009295565e+03 
       8.814633597712e-02       6.916641804180e+03 
       9.132734749497e-02       6.476469833458e+03 
       9.454523689251e-02       6.064023528192e+03 
       9.778649562760e-02       5.690976828485e+03 
       1.010423263607e-01       5.364395647663e+03 
       1.043071521570e-01       5.086793298668e+03 
       1.075774968211e-01       4.856639348460e+03 
       1.108512160598e-01       4.669158871258e+03 
       1.141269955298e-01       4.517210580203e+03 
       1.174040326430e-01       4.392164634514e+03 
       1.206818383616e-01       4.284749822591e+03 
       1.239601150239e-01       4.185888529197e+03 
       1.272386815090e-01       4.087503948700e+03 
       1.305174275737e-01       3.983133828149e+03 
       1.337962860510e-01       3.868485433233e+03 
       1.370752159481e-01       3.741659656912e+03 
       1.403541921777e-01       3.603068952173e+03 
       1.436331993220e-01       3.455101743352e+03 
       1.469122278466e-01       3.301578299067e+03 
       1.501912718016e-01       3.147074210372e+03 
       1.534703274249e-01       2.996316550594e+03 
       1.567493922942e-01       2.853581215868e+03 
       1.600284648106e-01       2.722294397902e+03 
       1.633075438850e-01       2.604786747327e+03 
       1.665866287467e-01       2.502189178299e+03 
       1.698657188261e-01       2.414471443019e+03 
       1.731448136834e-01       2.340568250250e+03 
       1.764239129641e-01       2.278597520011e+03 
       1.797030163718e-01       2.226098066036e+03 
       1.829821236509e-01       2.180284376877e+03 
       1.862612345760e-01       2.138350732117e+03 
       1.895403489444e-01       2.098199639033e+03 
       1.928194665720e-01       2.056907966978e+03 
       1.960985872895e-01       2.012733280099e+03 
       1.993777109405e-01       1.964625051529e+03 
       2.026568373800e-01       1.912290002814e+03 
       2.059359664728e-01       1.856179912187e+03 
       2.092150980924e-01       1.797268804251e+03 
       2.124942321206e-01       1.736917212547e+03 
       2.157733684467e-01       1.676635523703e+03 
       2.190525069665e-01       1.617881114393e+03 
       2.223316475822e-01       1.561904366936e+03 
       2.256107902016e-01       1.509691672338e+03 
       2.288899347380e-01       1.461906092861e+03 
       2.321690811096e-01       1.418876940075e+03 
       2.354482292392e-01       1.380624754593e+03 
       2.387273790538e-01       1.346869938345e+03 
       2.420065304844e-01       1.317072114122e+03 
       2.452856834659e-01       1.290491159612e+03 
       2.485648379365e-01       1.266257707642e+03 
       2.518439938375e-01       1.243469498612e+03 
       2.551231511135e-01       1.221281114141e+03 
       2.584023097119e-01       1.198975165339e+03 
       2.616814695825e-01       1.176026104626e+03 
       2.649606306779e-01       1.152105158166e+03 
       2.682397929529e-01       1.127092618667e+03 
       2.715189563645e-01       1.101051917255e+03 
       2.747981208717e-01       1.074219563890e+03 
       2.780772864356e-01       1.046935700131e+03 
       2.813564530190e-01       1.019638565870e+03 
       2.846356205864e-01       9.927918051802e+02 
       2.879147891041e-01       9.668392983769e+02 
       2.911939585398e-01       9.421651828714e+02 
       2.944731288626e-01       9.190308160810e+02 
       2.977523000431e-01       8.975789825179e+02 
       3.010314720531e-01       8.778221983636e+02 
       3.043106448656e-01       8.596672308670e+02 
       3.075898184548e-01       8.429376543759e+02 
       3.108689927960e-01       8.274018912168e+02 
       3.141481678656e-01       8.127988687138e+02 
       3.174273436408e-01       7.988602086626e+02 
       3.207065201000e-01       7.853242939183e+02 
       3.239856972221e-01       7.719570171037e+02 
       3.272648749873e-01       7.585688941063e+02 
       3.305440533762e-01       7.450222439519e+02 
       3.338232323705e-01       7.312576431400e+02 
       3.371024119523e-01       7.172787112840e+02 
       3.403815921045e-01       7.031473955888e+02 
       3.436607728109e-01       6.889720575716e+02 
       3.469399540555e-01       6.748787991416e+02 
       3.502191358232e-01       6.609997070367e+02 
       3.534983180994e-01       6.474585389101e+02 
       3.567775008700e-01       6.343626765412e+02 
       3.600566841215e-01       6.217950468230e+02 
       3.633358678406e-01       6.098178483482e+02 
       3.666150520150e-01       5.984573450892e+02 
       3.698942366323e-01       5.877073926634e+02 
       3.731734216808e-01       5.775323416903e+02 
       3.764526071493e-01       5.678621390582e+02 
       3.797317930268e-01       5.586103822925e+02 
       3.830109793027e-01       5.496825571383e+02 
       3.862901659669e-01       5.409897474738e+02 
       3.895693530096e-01       5.324555275092e+02 
       3.928485404211e-01       5.240228477845e+02 
       3.961277281924e-01       5.156513790890e+02 
       3.994069163144e-01       5.073180915636e+02 
       4.026861047787e-01       4.990126663088e+02 
       4.059652935768e-01       4.907411068693e+02 
       4.092444827008e-01       4.825192759894e+02 
       4.125236721428e-01       4.743765135312e+02 
       4.158028618953e-01       4.663485680129e+02 
       4.190820519509e-01       4.584748082996e+02 
       4.223612423025e-01       4.507907839524e+02 
       4.256404329434e-01       4.433228711691e+02 
       4.289196238668e-01       4.360877194171e+02 
       4.321988150663e-01       4.290907775520e+02 
       4.354780065356e-01       4.223294995146e+02 
       4.387571982687e-01       4.157951749229e+02 
       4.420363902596e-01       4.094763861013e+02 
       4.453155825026e-01       4.033585797684e+02 
       4.485947749923e-01       3.974220638258e+02 
       4.518739677231e-01       3.916449551923e+02 
       4.551531606900e-01       3.860016306391e+02 
       4.584323538877e-01       3.804666752663e+02 
       4.617115473113e-01       3.750177714018e+02 
       4.649907409561e-01       3.696387799632e+02 
       4.682699348174e-01       3.643206958788e+02 
       4.715491288907e-01       3.590610074479e+02 
       4.748283231715e-01       3.538617856110e+02 
       4.781075176556e-01       3.487274633214e+02 
       4.813867123388e-01       3.436635355226e+02 
       4.846659072170e-01       3.386768487610e+02 
       4.879451022864e-01       3.337754063598e+02 
       4.912242975430e-01       3.289686012001e+02 
       4.945034929831e-01       3.242665746331e+02 
       4.977826886031e-01       3.196782835618e+02 
       5.010618843994e-01       3.152089492150e+02 
       5.043410803687e-01       3.108593120140e+02 
       5.076202765074e-01       3.066251559625e+02 
       5.108994728124e-01       3.024982107297e+02 
       5.141786692805e-01       2.984683167045e+02 
       5.174578659085e-01       2.945261597285e+02 
       5.207370626935e-01       2.906630313583e+02 
       5.240162596324e-01       2.868716933507e+02 
       5.272954567224e-01       2.831457309646e+02 
       5.305746539607e-01       2.794789806046e+02 
       5.338538513445e-01       2.758656372849e+02 
       5.371330488712e-01       2.723008920866e+02 
       5.404122465381e-01       2.687828165091e+02 
       5.436914443427e-01       2.653116677176e+02 
       5.469706422826e-01       2.618903550655e+02 
       5.502498403552e-01       2.585230778281e+02 
       5.535290385583e-01       2.552136960031e+02 
       5.568082368895e-01       2.519645900560e+02 
       5.600874353466e-01       2.487763772023e+02 
       5.633666339273e-01       2.456488715041e+02 
       5.666458326296e-01       2.425803324964e+02 
       5.699250314512e-01       2.395706834776e+02 
       5.732042303902e-01       2.366196145615e+02 
       5.764834294445e-01       2.337267182195e+02 
       5.797626286122e-01       2.308909925215e+02 
       5.830418278913e-01       2.281098390304e+02 
       5.863210272801e-01       2.253796007487e+02 
       5.896002267766e-01       2.226964322089e+02 
       5.928794263790e-01       2.200563104068e+02 
       5.961586260856e-01       2.174571898281e+02 
       5.994378258948e-01       2.148976948025e+02 
       6.027170258047e-01       2.123776143376e+02 
       6.059962258138e-01       2.098962629508e+02 
       6.092754259205e-01       2.074526754175e+02 
       6.125546261232e-01       2.050454617389e+02 
       6.158338264203e-01       2.026731543821e+02 
       6.191130268104e-01       2.003351165034e+02 
       6.223922272920e-01       1.980314999320e+02 
       6.256714278635e-01       1.957636562269e+02 
       6.289506285238e-01       1.935319976255e+02 
       6.322298292712e-01       1.913390811446e+02 
       6.355090301046e-01       1.891838736866e+02 
       6.387882310225e-01       1.870652910302e+02 
       6.420674320236e-01       1.849824888740e+02 
       6.453466331068e-01       1.829322609750e+02 
       6.486258342707e-01       1.809146597912e+02 
       6.519050355141e-01       1.789292226820e+02 
       6.551842368359e-01       1.769757088250e+02 
       6.584634382348e-01       1.750534605061e+02 
       6.617426397097e-01       1.731613015218e+02 
       6.650218412595e-01       1.712976703102e+02 
       6.683010428830e-01       1.694604075710e+02 
       6.715802445793e-01       1.676484893119e+02 
       6.748594463471e-01       1.658613874280e+02 
       6.781386481856e-01       1.640995255904e+02 
       6.814178500936e-01       1.623631891269e+02 
       6.846970520701e-01       1.606526539911e+02 
       6.879762541143e-01       1.589674931715e+02 
       6.912554562250e-01       1.573068271690e+02 
       6.945346584015e-01       1.556698156812e+02 
       6.978138606426e-01       1.540555266066e+02 
       7.010930629476e-01       1.524642005420e+02 
       7.043722653155e-01       1.508959982254e+02 
       7.076514677455e-01       1.493514139708e+02 
       7.109306702367e-01       1.478304069966e+02 
       7.142098727882e-01       1.463322746659e+02 
       7.174890753993e-01       1.448560217078e+02 
       7.207682780691e-01       1.434004970662e+02 
       7.240474807967e-01       1.419648756620e+02 
       7.273266835815e-01       1.405486992175e+02 
       7.306058864227e-01       1.391522000991e+02 
       7.338850893195e-01       1.377753605910e+02 
       7.371642922711e-01       1.364179044508e+02 
       7.404434952768e-01       1.350794766415e+02 
       7.437226983359e-01       1.337591130530e+02 
       7.470019014478e-01       1.324559159815e+02 
       7.502811046116e-01       1.311693625198e+02 
       7.535603078268e-01       1.298994728019e+02 
       7.568395110926e-01       1.286464433761e+02 
       7.601187144084e-01       1.274106256858e+02 
       7.633979177736e-01       1.261920948550e+02 
       7.666771211875e-01       1.249903742180e+02 
       8.369375964376e-01       1.026637925304e+02 
       9.381382388385e-01       7.924438558871e+01 
       1.098439456414e+00       5.514371979113e+01 
       1.353088476065e+00       3.387714367036e+01 
       1.700817082525e+00       1.966427578639e+01 
       2.141153772840e+00       1.127053395927e+01 
       2.695552723316e+00       6.406489982628e+00 
       3.393499822128e+00       3.614633206222e+00 
       4.272163160995e+00       2.025697849333e+00 
       5.378334766708e+00       1.128255746828e+00 
       6.770922310945e+00       6.248830842448e-01 
       8.524086158533e+00       3.443113564493e-01 
       1.073118867730e+01       1.888169107131e-01 
       1.350976612461e+01       1.030920950121e-01 
       1.700778788167e+01       5.605729533197e-02 
       2.141153636264e+01       3.036538775100e-02 
       2.695552723248e+01       1.638863943651e-02 
       3.393499822128e+01       8.814087170663e-03 
       4.272163160995e+01       4.723770839583e-03 
       5.378334766708e+01       2.522461558764e-03 
       6.770922310945e+01       1.341668829253e-03 
       8.524086158533e+01       7.103707369928e-04 
       1.073118867730e+02       3.740048665230e-04 
