# Matter power spectrum P(k) at redshift z=0
# for k=1.04906e-05 to 2118.28 h/Mpc,
# number of wavenumbers equal to 635
#    1:k (h/Mpc)              2:P (Mpc/h)^3        
       1.049057020607e-05       4.738795814456e+01 
       2.342383175674e-05       1.029623991714e+02 
       3.640294017534e-05       1.576335286045e+02 
       4.946310172769e-05       2.119638849050e+02 
       6.264010964761e-05       2.662783215834e+02 
       7.597066588263e-05       3.208232237326e+02 
       8.949271320693e-05       3.758112097002e+02 
       1.032457821521e-04       4.314395165024e+02 
       1.172713572397e-04       4.878995001939e+02 
       1.316132670330e-04       5.453824166430e+02 
       1.463181025322e-04       6.040834836943e+02 
       1.614356683682e-04       6.642051359742e+02 
       1.770194710643e-04       7.259596775545e+02 
       1.931272482408e-04       7.895720133579e+02 
       2.098215419412e-04       8.552818644551e+02 
       2.271703181237e-04       9.233464273759e+02 
       2.452476326021e-04       9.940428463647e+02 
       2.641343411152e-04       1.067670482238e+03 
       2.839188474579e-04       1.144553679671e+03 
       3.046978783783e-04       1.225044039027e+03 
       3.265772668417e-04       1.309522884472e+03 
       3.496727158483e-04       1.398403314966e+03 
       3.741105029017e-04       1.492131946230e+03 
       4.000280701917e-04       1.591190035226e+03 
       4.275744276432e-04       1.696093530394e+03 
       4.569102758037e-04       1.807392071504e+03 
       4.882077345954e-04       1.925666206150e+03 
       5.216495450332e-04       2.051522304854e+03 
       5.574275985540e-04       2.185584780980e+03 
       5.957406488859e-04       2.328485693888e+03 
       6.367910822232e-04       2.480849868530e+03 
       6.807806710644e-04       2.643277352820e+03 
       7.279053217476e-04       2.816321511899e+03 
       7.783489465075e-04       3.000465924837e+03 
       8.322767395368e-04       3.196098058384e+03 
       8.898282925935e-04       3.403484797136e+03 
       9.511111168305e-04       3.622749968149e+03 
       1.016195205181e-03       3.853857508452e+03 
       1.085109240391e-03       4.096601181498e+03 
       1.157838913172e-03       4.350604406516e+03 
       1.234327577774e-03       4.615327848266e+03 
       1.314479183095e-03       4.890088547442e+03 
       1.398163138530e-03       5.174057034884e+03 
       1.485220564818e-03       5.466348680311e+03 
       1.575471279029e-03       5.766022116032e+03 
       1.668720875437e-03       6.072092984690e+03 
       1.764767367745e-03       6.383574342429e+03 
       1.863407013975e-03       6.699499275774e+03 
       1.964439112787e-03       7.018938538813e+03 
       2.067669708242e-03       7.341015562755e+03 
       2.172914251825e-03       7.664913455319e+03 
       2.279999341734e-03       7.989881745908e+03 
       2.388763694444e-03       8.315237372143e+03 
       2.499058511202e-03       8.640363756539e+03 
       2.610747391777e-03       8.964709066932e+03 
       2.723705927760e-03       9.287783660025e+03 
       2.837821083905e-03       9.609152166829e+03 
       2.952990452515e-03       9.928434205296e+03 
       3.069121444671e-03       1.024529517143e+04 
       3.186130464383e-03       1.055944405172e+04 
       3.303942097410e-03       1.087062760926e+04 
       3.422488335566e-03       1.117862824407e+04 
       3.541707849054e-03       1.148325675740e+04 
       3.661545313461e-03       1.178435391913e+04 
       3.781950793880e-03       1.208178185202e+04 
       3.902879185794e-03       1.237542623823e+04 
       4.024289710562e-03       1.266518980136e+04 
       4.146145462240e-03       1.295099430539e+04 
       4.268413001889e-03       1.323277229984e+04 
       4.391061995303e-03       1.351047588962e+04 
       4.514064890048e-03       1.378406066774e+04 
       4.637396627893e-03       1.405350048137e+04 
       4.761034388921e-03       1.431876012698e+04 
       4.884957363891e-03       1.457983449974e+04 
       5.009146551724e-03       1.483672307270e+04 
       5.133584579293e-03       1.508946631599e+04 
       5.258255540981e-03       1.533797343619e+04 
       5.383144855735e-03       1.558229643251e+04 
       5.508239139615e-03       1.582250453966e+04 
       5.633526092051e-03       1.605850110445e+04 
       5.758994394229e-03       1.629044432933e+04 
       5.884633618224e-03       1.651825754785e+04 
       6.010434145637e-03       1.674197663975e+04 
       6.136387094673e-03       1.696160694298e+04 
       6.262484254694e-03       1.717725678459e+04 
       6.388718027420e-03       1.738888349653e+04 
       6.515081374022e-03       1.759655948208e+04 
       6.641567767470e-03       1.780028137354e+04 
       6.768171149564e-03       1.800012959205e+04 
       6.894885892120e-03       1.819610914034e+04 
       7.021706761889e-03       1.838826039120e+04 
       7.148628888796e-03       1.857661408073e+04 
       7.275647737153e-03       1.876120733241e+04 
       7.402759079543e-03       1.894208054794e+04 
       7.529958973090e-03       1.911927709779e+04 
       7.657243737874e-03       1.929282778696e+04 
       7.784609937279e-03       1.946276307077e+04 
       7.912054360083e-03       1.962914230890e+04 
       8.039574004098e-03       1.979198259239e+04 
       8.167166061244e-03       1.995132423164e+04 
       8.294827903879e-03       2.010720468239e+04 
       8.422557072297e-03       2.025967634388e+04 
       8.550351263266e-03       2.040877377851e+04 
       8.678208319512e-03       2.055452507392e+04 
       8.806126220067e-03       2.069696634250e+04 
       8.934103071397e-03       2.083614174599e+04 
       9.062137099239e-03       2.097208438235e+04 
       9.190226641086e-03       2.110483569011e+04 
       9.318370139265e-03       2.123442408892e+04 
       9.446566134548e-03       2.136088950798e+04 
       9.574813260264e-03       2.148427046560e+04 
       9.703110236848e-03       2.160459795479e+04 
       9.831455866816e-03       2.172190394470e+04 
       9.959849030106e-03       2.183622637617e+04 
       1.008828867978e-02       2.194760140462e+04 
       1.021677383801e-02       2.205606091938e+04 
       1.034530359241e-02       2.216163564339e+04 
       1.047387709260e-02       2.226435237836e+04 
       1.060249354702e-02       2.236426671109e+04 
       1.073115221998e-02       2.246138789333e+04 
       1.085985242890e-02       2.255575888642e+04 
       1.098859354182e-02       2.264741092105e+04 
       1.111737497496e-02       2.273637449521e+04 
       1.124619619060e-02       2.282268001828e+04 
       1.137505669497e-02       2.290636168411e+04 
       1.150395603637e-02       2.298744481263e+04 
       1.163289380341e-02       2.306596435805e+04 
       1.176186962338e-02       2.314194836748e+04 
       1.189088316068e-02       2.321543323625e+04 
       1.201993411543e-02       2.328643742527e+04 
       1.214902222212e-02       2.335500172350e+04 
       1.227814724842e-02       2.342114233179e+04 
       1.240730899399e-02       2.348489259686e+04 
       1.253650728945e-02       2.354629918267e+04 
       1.266574199539e-02       2.360537412553e+04 
       1.279501300145e-02       2.366213934566e+04 
       1.292432022545e-02       2.371663694806e+04 
       1.305366361266e-02       2.376888602955e+04 
       1.318304313500e-02       2.381892650394e+04 
       1.331245879044e-02       2.386676572749e+04 
       1.344191060233e-02       2.391245001672e+04 
       1.357139861885e-02       2.395598276236e+04 
       1.370092291248e-02       2.399740224477e+04 
       1.383048357952e-02       2.403674178410e+04 
       1.396008073968e-02       2.407401888113e+04 
       1.408971453561e-02       2.410925858352e+04 
       1.421938513263e-02       2.414249479013e+04 
       1.434909271831e-02       2.417374457529e+04 
       1.447883750224e-02       2.420303611295e+04 
       1.460861971577e-02       2.423038214352e+04 
       1.473843961174e-02       2.425582987837e+04 
       1.486829746429e-02       2.427938775817e+04 
       1.499819356872e-02       2.430108118579e+04 
       1.512812824131e-02       2.432094202191e+04 
       1.525810181920e-02       2.433898809786e+04 
       1.538811466032e-02       2.435524903057e+04 
       1.551816714329e-02       2.436973244483e+04 
       1.564825966739e-02       2.438248207451e+04 
       1.577839265252e-02       2.439350071155e+04 
       1.590856653921e-02       2.440283427106e+04 
       1.603878178863e-02       2.441047824259e+04 
       1.616903888260e-02       2.441647464627e+04 
       1.629933832371e-02       2.442084321481e+04 
       1.642968063532e-02       2.442359810218e+04 
       1.656006636172e-02       2.442478246589e+04 
       1.669049606819e-02       2.442437122188e+04 
       1.682097034118e-02       2.442245136175e+04 
       1.695148978840e-02       2.441898639020e+04 
       1.708205503906e-02       2.441403273601e+04 
       1.721266674398e-02       2.440757885395e+04 
       1.734332557586e-02       2.439969522919e+04 
       1.747403222944e-02       2.439036690089e+04 
       1.760478742177e-02       2.437961937600e+04 
       1.773559189244e-02       2.436746589470e+04 
       1.786644640389e-02       2.435394700607e+04 
       1.799735174162e-02       2.433906561979e+04 
       1.812830871458e-02       2.432285227678e+04 
       1.825931815542e-02       2.430531602699e+04 
       1.839038092085e-02       2.428646644459e+04 
       1.852149789202e-02       2.426636107653e+04 
       1.865266997483e-02       2.424500810301e+04 
       1.878389810036e-02       2.422238643750e+04 
       1.891518322526e-02       2.419856717566e+04 
       1.904652633217e-02       2.417356419118e+04 
       1.917792843016e-02       2.414737196967e+04 
       1.930939055516e-02       2.412000007020e+04 
       1.944091377048e-02       2.409148206217e+04 
       1.957249916728e-02       2.406182914083e+04 
       1.970414786504e-02       2.403106244480e+04 
       1.983586101217e-02       2.399925906441e+04 
       1.996763978646e-02       2.396631300136e+04 
       2.009948539575e-02       2.393234790331e+04 
       2.023139907841e-02       2.389738154432e+04 
       2.036338210404e-02       2.386135785707e+04 
       2.049543577404e-02       2.382431755768e+04 
       2.062756142226e-02       2.378631311811e+04 
       2.075976041572e-02       2.374731863132e+04 
       2.089203415523e-02       2.370741129638e+04 
       2.102438407615e-02       2.366655014141e+04 
       2.115681164912e-02       2.362477955519e+04 
       2.128931838083e-02       2.358209535216e+04 
       2.142190581476e-02       2.353851950284e+04 
       2.155457553205e-02       2.349410960859e+04 
       2.168732915230e-02       2.344882834326e+04 
       2.182016833443e-02       2.340271231803e+04 
       2.195309477760e-02       2.335577253705e+04 
       2.208611022209e-02       2.330804523157e+04 
       2.221921645027e-02       2.325948358380e+04 
       2.235241528757e-02       2.321019804423e+04 
       2.248570860349e-02       2.316017701035e+04 
       2.261909831261e-02       2.310936169640e+04 
       2.275258637571e-02       2.305782660024e+04 
       2.288617480082e-02       2.300555775537e+04 
       2.301986564441e-02       2.295264905043e+04 
       2.315366101251e-02       2.289900540803e+04 
       2.328756306197e-02       2.284467535101e+04 
       2.342157400167e-02       2.278975105580e+04 
       2.355569609382e-02       2.273417638435e+04 
       2.368993165531e-02       2.267792768517e+04 
       2.382428305905e-02       2.262112669849e+04 
       2.395875273540e-02       2.256363971869e+04 
       2.409334317362e-02       2.250562907165e+04 
       2.422805692337e-02       2.244704744369e+04 
       2.436289659631e-02       2.238789821387e+04 
       2.449786486762e-02       2.232816727695e+04 
       2.463296447775e-02       2.226796591376e+04 
       2.476819823405e-02       2.220721383832e+04 
       2.490356901259e-02       2.214598739701e+04 
       2.503907975995e-02       2.208421083303e+04 
       2.517473349512e-02       2.202196417820e+04 
       2.531053331144e-02       2.195926367208e+04 
       2.544648237862e-02       2.189610027207e+04 
       2.558258394480e-02       2.183248090640e+04 
       2.571884133870e-02       2.176843882751e+04 
       2.585525797187e-02       2.170398332644e+04 
       2.599183734095e-02       2.163913631474e+04 
       2.612858303005e-02       2.157382399103e+04 
       2.626549871322e-02       2.150817340931e+04 
       2.640258815698e-02       2.144211469351e+04 
       2.653985522295e-02       2.137572200414e+04 
       2.667730387060e-02       2.130894182021e+04 
       2.681493816000e-02       2.124184408029e+04 
       2.695276225481e-02       2.117440805449e+04 
       2.709078042525e-02       2.110659418613e+04 
       2.722899705126e-02       2.103860783769e+04 
       2.736741662574e-02       2.097020934323e+04 
       2.750604375790e-02       2.090149838990e+04 
       2.764488317674e-02       2.083256512397e+04 
       2.778393973470e-02       2.076335800279e+04 
       2.792321841135e-02       2.069384621338e+04 
       2.806272431734e-02       2.062407635025e+04 
       2.820246269840e-02       2.055409845131e+04 
       2.834243893954e-02       2.048389939070e+04 
       2.848265856939e-02       2.041346633619e+04 
       2.862312726473e-02       2.034279252959e+04 
       2.876385085519e-02       2.027193353191e+04 
       2.890483532810e-02       2.020085884817e+04 
       2.904608683361e-02       2.012958369450e+04 
       2.918761168989e-02       2.005812368198e+04 
       2.932941638869e-02       1.998653992002e+04 
       2.947150760101e-02       1.991475037420e+04 
       2.961389218302e-02       1.984278780500e+04 
       2.975657718228e-02       1.977070807968e+04 
       2.989956984418e-02       1.969844145094e+04 
       3.004287761862e-02       1.962604847552e+04 
       3.018650816701e-02       1.955346692046e+04 
       3.033046936958e-02       1.948091746597e+04 
       3.047476933296e-02       1.940815016746e+04 
       3.061941639815e-02       1.933530636950e+04 
       3.076441914872e-02       1.926231209668e+04 
       3.090978641953e-02       1.918930928521e+04 
       3.105552730572e-02       1.911613697339e+04 
       3.120165117215e-02       1.904294158845e+04 
       3.134816766322e-02       1.896963371882e+04 
       3.149508671325e-02       1.889624088181e+04 
       3.164241855718e-02       1.882277559234e+04 
       3.179017374191e-02       1.874931279153e+04 
       3.193836313807e-02       1.867575751010e+04 
       3.208699795242e-02       1.860219102561e+04 
       3.223608974079e-02       1.852850732925e+04 
       3.238565042168e-02       1.845485002485e+04 
       3.253569229051e-02       1.838110383871e+04 
       3.268622803454e-02       1.830740843538e+04 
       3.283727074859e-02       1.823366909843e+04 
       3.298883395154e-02       1.815985493254e+04 
       3.314093160359e-02       1.808608728757e+04 
       3.329357812450e-02       1.801224304096e+04 
       3.344678841272e-02       1.793843604508e+04 
       3.360057786554e-02       1.786458395746e+04 
       3.375496240030e-02       1.779082770201e+04 
       3.390995847673e-02       1.771696023835e+04 
       3.406558312047e-02       1.764319508110e+04 
       3.422185394792e-02       1.756941446526e+04 
       3.437878919245e-02       1.749558412835e+04 
       3.453640773202e-02       1.742187349309e+04 
       3.469472911841e-02       1.734813339544e+04 
       3.485377360811e-02       1.727439744910e+04 
       3.501356219496e-02       1.720065536576e+04 
       3.517411664469e-02       1.712706221312e+04 
       3.533545953155e-02       1.705335199100e+04 
       3.549761427706e-02       1.697975078031e+04 
       3.566060519116e-02       1.690616572625e+04 
       3.582445751578e-02       1.683260567012e+04 
       3.598919747118e-02       1.675909834530e+04 
       3.615485230521e-02       1.668563738997e+04 
       3.632145034555e-02       1.661223699987e+04 
       3.648902105548e-02       1.653883642715e+04 
       3.665759509312e-02       1.646547529400e+04 
       3.682720437466e-02       1.639219285353e+04 
       3.699788214171e-02       1.631889417510e+04 
       3.716966303328e-02       1.624561815788e+04 
       3.734258316264e-02       1.617237118181e+04 
       3.751668019948e-02       1.609927399356e+04 
       3.769199345784e-02       1.602610173727e+04 
       3.786856399035e-02       1.595302805719e+04 
       3.804643468918e-02       1.587997223849e+04 
       3.822565039444e-02       1.580697873251e+04 
       3.840625801057e-02       1.573394304705e+04 
       3.858830663154e-02       1.566101144133e+04 
       3.877184767555e-02       1.558807969198e+04 
       3.895693503018e-02       1.551516491095e+04 
       3.914362520899e-02       1.544225311720e+04 
       3.933197752056e-02       1.536940925588e+04 
       3.952205425128e-02       1.529657589023e+04 
       3.971392086312e-02       1.522373394304e+04 
       3.990764620803e-02       1.515089828888e+04 
       4.010330276047e-02       1.507805903033e+04 
       4.030096687007e-02       1.500528503776e+04 
       4.050071903643e-02       1.493244760871e+04 
       4.070264420849e-02       1.485961292266e+04 
       4.090683211102e-02       1.478675579044e+04 
       4.111337760134e-02       1.471389400611e+04 
       4.132238105950e-02       1.464100025014e+04 
       4.153394881580e-02       1.456807283466e+04 
       4.174819361998e-02       1.449511617428e+04 
       4.196523515695e-02       1.442208205484e+04 
       4.218520061459e-02       1.434900882811e+04 
       4.240822531014e-02       1.427582176658e+04 
       4.263445338229e-02       1.420260428055e+04 
       4.286403855738e-02       1.412927285768e+04 
       4.309714499939e-02       1.405588059300e+04 
       4.333394825455e-02       1.398232958665e+04 
       4.357463630360e-02       1.390866223894e+04 
       4.381941073619e-02       1.383485565441e+04 
       4.406848806488e-02       1.376088342547e+04 
       4.432210119845e-02       1.368678958858e+04 
       4.458050109805e-02       1.361246527126e+04 
       4.484395864356e-02       1.353791147911e+04 
       4.511276674219e-02       1.346318322863e+04 
       4.538724271743e-02       1.338818305181e+04 
       4.566773102324e-02       1.331290370556e+04 
       4.595460633677e-02       1.323736107596e+04 
       4.624827709326e-02       1.316144197660e+04 
       4.654918953930e-02       1.308522234808e+04 
       4.685783239579e-02       1.300857874988e+04 
       4.717474224094e-02       1.293152787082e+04 
       4.750050974679e-02       1.285398469089e+04 
       4.783578693169e-02       1.277599028768e+04 
       4.818129562704e-02       1.269744956469e+04 
       4.853783740148e-02       1.261831548648e+04 
       4.890630524214e-02       1.253848223321e+04 
       4.928769736367e-02       1.245795971635e+04 
       4.968313360557e-02       1.237666022866e+04 
       5.009387499254e-02       1.229442622896e+04 
       5.052134717760e-02       1.221129439511e+04 
       5.096716867268e-02       1.212707761899e+04 
       5.143318500729e-02       1.204170141114e+04 
       5.192151025585e-02       1.195497111169e+04 
       5.243457775415e-02       1.186676795199e+04 
       5.297520230259e-02       1.177687134412e+04 
       5.354665674144e-02       1.168504763810e+04 
       5.415276648717e-02       1.159108557019e+04 
       5.479802641417e-02       1.149455130686e+04 
       5.548774526651e-02       1.139505884497e+04 
       5.622822336838e-02       1.129216585530e+04 
       5.702696927419e-02       1.118508234170e+04 
       5.789295913302e-02       1.107302890665e+04 
       5.883693691878e-02       1.095482427708e+04 
       5.987174053675e-02       1.082904524938e+04 
       6.101261165531e-02       1.069372718541e+04 
       6.227739600649e-02       1.054613192113e+04 
       6.368645447681e-02       1.038284769170e+04 
       6.526198169263e-02       1.019920984305e+04 
       6.702630730538e-02       9.989404214499e+03 
       6.899877484001e-02       9.746592289687e+03 
       7.119122558461e-02       9.463761688919e+03 
       7.360317752310e-02       9.135357209165e+03 
       7.621904860706e-02       8.759703535248e+03 
       7.900976701472e-02       8.341053176496e+03 
       8.193877243213e-02       7.890281147499e+03 
       8.496944931030e-02       7.423414896069e+03 
       8.807054912876e-02       6.958791091339e+03 
       9.121829563593e-02       6.514019390142e+03 
       9.439598889272e-02       6.103620046961e+03 
       9.759251249585e-02       5.737666645442e+03 
       1.008007204995e-01       5.421421397002e+03 
       1.040161197787e-01       5.155610882608e+03 
       1.072359238514e-01       4.937115626337e+03 
       1.104584191765e-01       4.759853917240e+03 
       1.136825573745e-01       4.615660553251e+03 
       1.169076989396e-01       4.495227417946e+03 
       1.201334544131e-01       4.388952535035e+03 
       1.233595867837e-01       4.287798516800e+03 
       1.265859518162e-01       4.184034188926e+03 
       1.298124616807e-01       4.071907022055e+03 
       1.330390628239e-01       3.948010491537e+03 
       1.362657225205e-01       3.811433526392e+03 
       1.394924207046e-01       3.663526138886e+03 
       1.427191450094e-01       3.507466688899e+03 
       1.459458877552e-01       3.347625192825e+03 
       1.491726441202e-01       3.188883923504e+03 
       1.523994110302e-01       3.035982057476e+03 
       1.556261864823e-01       2.893016517994e+03 
       1.588529691349e-01       2.763063787697e+03 
       1.620797580568e-01       2.648016223672e+03 
       1.653065525749e-01       2.548513139312e+03 
       1.685333521808e-01       2.464045950640e+03 
       1.717601564730e-01       2.393125311736e+03 
       1.749869651217e-01       2.333517452653e+03 
       1.782137778468e-01       2.282499762651e+03 
       1.814405944037e-01       2.237139491394e+03 
       1.846674145743e-01       2.194860867612e+03 
       1.878942381616e-01       2.153071978692e+03 
       1.911210649854e-01       2.109246254173e+03 
       1.943478948798e-01       2.061883154751e+03 
       1.975747276909e-01       2.010241300533e+03 
       2.008015632758e-01       1.954333517388e+03 
       2.040284015011e-01       1.894889715382e+03 
       2.072552422419e-01       1.833120953609e+03 
       2.104820853815e-01       1.770527761911e+03 
       2.137089308102e-01       1.708665999817e+03 
       2.169357784250e-01       1.648963714130e+03 
       2.201626281290e-01       1.592611022840e+03 
       2.233894798310e-01       1.540483012229e+03 
       2.266163334450e-01       1.493123422839e+03 
       2.298431888899e-01       1.450729078759e+03 
       2.330700460891e-01       1.413187900136e+03 
       2.362969049703e-01       1.380089361866e+03 
       2.395237654650e-01       1.350778645215e+03 
       2.427506275084e-01       1.324421743476e+03 
       2.459774910393e-01       1.300094064409e+03 
       2.492043559994e-01       1.276875787820e+03 
       2.524312223337e-01       1.253943134129e+03 
       2.556580899896e-01       1.230630243030e+03 
       2.588849589176e-01       1.206480840285e+03 
       2.621118290703e-01       1.181250631224e+03 
       2.653387004028e-01       1.154897205169e+03 
       2.685655728723e-01       1.127571058746e+03 
       2.717924464381e-01       1.099553381862e+03 
       2.750193210613e-01       1.071265309999e+03 
       2.782461967050e-01       1.043161356179e+03 
       2.814730733339e-01       1.015729544345e+03 
       2.846999509142e-01       9.894027577980e+02 
       2.879268294139e-01       9.645249107358e+02 
       2.911537088021e-01       9.413235508700e+02 
       2.943805890495e-01       9.198798051035e+02 
       2.976074701280e-01       9.001617709973e+02 
       3.008343520107e-01       8.820313922334e+02 
       3.040612346719e-01       8.652782606357e+02 
       3.072881180869e-01       8.496475456541e+02 
       3.105150022321e-01       8.348634152909e+02 
       3.137418870848e-01       8.206482480525e+02 
       3.169687726234e-01       8.067432590829e+02 
       3.201956588269e-01       7.929208365596e+02 
       3.234225456755e-01       7.790095558443e+02 
       3.266494331498e-01       7.649010763770e+02 
       3.298763212314e-01       7.505584938930e+02 
       3.331032099027e-01       7.360159136426e+02 
       3.363300991464e-01       7.213601261865e+02 
       3.395569889463e-01       7.067116785027e+02 
       3.427838792866e-01       6.922068136389e+02 
       3.460107701520e-01       6.779814233224e+02 
       3.492376615280e-01       6.641542382951e+02 
       3.524645534005e-01       6.508289103705e+02 
       3.556914457558e-01       6.380797051584e+02 
       3.589183385809e-01       6.259556911826e+02 
       3.621452318632e-01       6.144742554860e+02 
       3.653721255906e-01       6.036121135560e+02 
       3.685990197512e-01       5.933154031787e+02 
       3.718259143338e-01       5.835049418057e+02 
       3.750528093274e-01       5.740872935747e+02 
       3.782797047215e-01       5.649620335624e+02 
       3.815066005058e-01       5.560450183708e+02 
       3.847334966705e-01       5.472652053686e+02 
       3.879603932060e-01       5.385699370950e+02 
       3.911872901032e-01       5.299260165430e+02 
       3.944141873532e-01       5.213150570896e+02 
       3.976410849472e-01       5.127347057559e+02 
       4.008679828770e-01       5.041944810976e+02 
       4.040948811345e-01       4.957181794416e+02 
       4.073217797119e-01       4.873379745375e+02 
       4.105486786016e-01       4.790943598815e+02 
       4.137755777962e-01       4.710265370369e+02 
       4.170024772887e-01       4.631678526497e+02 
       4.202293770721e-01       4.555420059986e+02 
       4.234562771399e-01       4.481606323440e+02 
       4.266831774854e-01       4.410255236653e+02 
       4.299100781025e-01       4.341299613642e+02 
       4.331369789851e-01       4.274656102675e+02 
       4.363638801272e-01       4.210176566024e+02 
       4.395907815231e-01       4.147696041302e+02 
       4.428176831672e-01       4.086999028737e+02 
       4.460445850541e-01       4.027840013283e+02 
       4.492714871786e-01       3.969952641686e+02 
       4.524983895356e-01       3.913080783007e+02 
       4.557252921201e-01       3.857019551657e+02 
       4.589521949273e-01       3.801634656000e+02 
       4.621790979526e-01       3.746859240703e+02 
       4.654060011913e-01       3.692693461306e+02 
       4.686329046390e-01       3.639173744939e+02 
       4.718598082915e-01       3.586348096234e+02 
       4.750867121445e-01       3.534278887346e+02 
       4.783136161941e-01       3.483042714355e+02 
       4.815405204361e-01       3.432728636861e+02 
       4.847674248668e-01       3.383439668721e+02 
       4.879943294824e-01       3.335276885364e+02 
       4.912212342793e-01       3.288315119720e+02 
       4.944481392538e-01       3.242599016501e+02 
       4.976750444026e-01       3.198107938241e+02 
       5.009019497222e-01       3.154775451718e+02 
       5.041288552094e-01       3.112511392085e+02 
       5.073557608609e-01       3.071209027528e+02 
       5.105826666737e-01       3.030771975573e+02 
       5.138095726446e-01       2.991122378549e+02 
       5.170364787707e-01       2.952185891204e+02 
       5.202633850492e-01       2.913898324634e+02 
       5.234902914771e-01       2.876196666217e+02 
       5.267171980517e-01       2.839024032265e+02 
       5.299441047704e-01       2.802344859935e+02 
       5.331710116305e-01       2.766142468267e+02 
       5.363979186294e-01       2.730437705036e+02 
       5.396248257647e-01       2.695267080805e+02 
       5.428517330339e-01       2.660673866351e+02 
       5.460786404347e-01       2.626692016312e+02 
       5.493055479646e-01       2.593338668792e+02 
       5.525324556216e-01       2.560614899739e+02 
       5.557593634032e-01       2.528512094735e+02 
       5.589862713074e-01       2.497020033004e+02 
       5.622131793320e-01       2.466135474931e+02 
       5.654400874750e-01       2.435853565755e+02 
       5.686669957343e-01       2.406172094368e+02 
       5.718939041081e-01       2.377071652716e+02 
       5.751208125942e-01       2.348522738120e+02 
       5.783477211910e-01       2.320481486304e+02 
       5.815746298964e-01       2.292909051399e+02 
       5.848015387088e-01       2.265771680785e+02 
       5.880284476262e-01       2.239051471299e+02 
       5.912553566472e-01       2.212739965525e+02 
       5.944822657698e-01       2.186832513829e+02 
       5.977091749925e-01       2.161322870468e+02 
       6.009360843137e-01       2.136198808961e+02 
       6.041629937318e-01       2.111443410837e+02 
       6.073899032451e-01       2.087045997408e+02 
       6.106168128523e-01       2.063002718440e+02 
       6.138437225519e-01       2.039319731923e+02 
       6.170706323423e-01       2.016004060506e+02 
       6.202975422222e-01       1.993086489249e+02 
       6.235244521901e-01       1.970561308405e+02 
       6.267513622447e-01       1.948421639108e+02 
       6.299782723847e-01       1.926663027065e+02 
       6.332051826088e-01       1.905250190081e+02 
       6.364320929156e-01       1.884178430064e+02 
       6.396590033040e-01       1.863441258442e+02 
       6.428859137726e-01       1.843036438337e+02 
       6.461128243204e-01       1.822960021321e+02 
       6.493397349460e-01       1.803202499599e+02 
       6.525666456484e-01       1.783749693456e+02 
       6.557935564263e-01       1.764582504488e+02 
       6.590204672788e-01       1.745682656707e+02 
       6.622473782047e-01       1.727042641281e+02 
       6.654742892029e-01       1.708659838321e+02 
       6.687012002723e-01       1.690539187133e+02 
       6.719281114121e-01       1.672685183096e+02 
       6.751550226211e-01       1.655096852149e+02 
       6.783819338983e-01       1.637767392642e+02 
       6.816088452428e-01       1.620687703781e+02 
       6.848357566536e-01       1.603848055690e+02 
       6.880626681299e-01       1.587243611423e+02 
       6.912895796706e-01       1.570877278088e+02 
       6.945164912748e-01       1.554752698055e+02 
       6.977434029418e-01       1.538873021086e+02 
       7.009703146706e-01       1.523235450280e+02 
       7.041972264604e-01       1.507830016507e+02 
       7.074241383102e-01       1.492645664222e+02 
       7.106510502194e-01       1.477672200054e+02 
       7.138779621871e-01       1.462901545093e+02 
       7.171048742126e-01       1.448332606464e+02 
       7.203317862949e-01       1.433968022443e+02 
       7.235586984335e-01       1.419805955712e+02 
       7.267856106274e-01       1.405842926870e+02 
       7.300125228761e-01       1.392073179130e+02 
       7.332394351787e-01       1.378486346985e+02 
       7.364663475345e-01       1.365074003411e+02 
       7.396932599429e-01       1.351833560537e+02 
       7.429201724032e-01       1.338765690167e+02 
       7.461470849147e-01       1.325875048787e+02 
       7.493739974767e-01       1.313162380436e+02 
       7.526009100886e-01       1.300627227214e+02 
       7.558278227497e-01       1.288262924103e+02 
       8.254802149528e-01       1.056992036710e+02 
       9.260319108922e-01       8.143502255792e+01 
       1.085583232910e+00       5.650379684628e+01 
       1.338471399600e+00       3.463227414241e+01 
       1.682644434175e+00       2.009282548545e+01 
       2.118281500243e+00       1.151396438739e+01 
       2.666758264764e+00       6.543720792040e+00 
       3.357249746555e+00       3.691497624779e+00 
       4.226527019677e+00       2.068474364205e+00 
       5.320882268706e+00       1.151941961769e+00 
       6.698593901239e+00       6.379281000017e-01 
       8.433030085560e+00       3.514602299199e-01 
       1.061655587314e+01       1.927182915136e-01 
       1.336545197442e+01       1.052128349969e-01 
       1.682610713072e+01       5.720584718347e-02 
       2.118281384843e+01       3.098482415166e-02 
       2.666758264709e+01       1.672168848212e-02 
       3.357249746555e+01       8.992544918071e-03 
       4.226527019677e+01       4.819047955399e-03 
       5.320882268706e+01       2.573144120585e-03 
       6.698593901239e+01       1.368506981983e-03 
       8.433030085560e+01       7.245117129345e-04 
       1.061655587314e+02       3.814029807273e-04 
       1.336545197442e+02       1.993001649462e-04 
       1.682610713072e+02       1.031026645881e-04 
       2.118281384843e+02       5.260060679642e-05 
       2.666758264709e+02       2.632775660886e-05 
       3.357249746555e+02       1.285027723174e-05 
       4.226527019677e+02       6.084419097404e-06 
       5.320882268706e+02       2.793822753464e-06 
       6.698593901239e+02       1.256235512614e-06 
       8.433030085560e+02       5.659129967216e-07 
       1.061655587314e+03       2.629680412175e-07 
       1.336545197442e+03       1.278442328481e-07 
       1.682610713072e+03       6.345037951584e-08 
       2.118281384843e+03       3.076668232117e-08 
