# Matter power spectrum P(k) at redshift z=0
# for k=1.04215e-05 to 106.241 h/Mpc,
# number of wavenumbers equal to 623
#    1:k (h/Mpc)              2:P (Mpc/h)^3        
       1.042149697471e-05       4.827144629734e+01 
       2.325061637297e-05       1.047993268559e+02 
       3.612452631685e-05       1.604062587302e+02 
       4.907758642006e-05       2.156615999882e+02 
       6.214472039590e-05       2.708932921439e+02 
       7.536172497075e-05       3.263494466905e+02 
       8.876558860341e-05       3.822437316411e+02 
       1.023948242181e-04       4.387739976854e+02 
       1.162898201906e-04       4.961318785813e+02 
       1.304932138611e-04       5.545086524504e+02 
       1.450502918548e-04       6.140992782238e+02 
       1.600094214340e-04       6.751056229887e+02 
       1.754225169433e-04       7.377392106596e+02 
       1.913455450521e-04       8.022237380091e+02 
       2.078390718808e-04       8.687975055646e+02 
       2.249688540690e-04       9.377158054443e+02 
       2.428064742650e-04       1.009253429195e+03 
       2.614300191597e-04       1.083706941622e+03 
       2.809247948128e-04       1.161397334863e+03 
       3.013840692965e-04       1.242672390056e+03 
       3.229098262534e-04       1.327908950870e+03 
       3.456135044500e-04       1.417515149942e+03 
       3.696166874253e-04       1.511931929544e+03 
       3.950516936346e-04       1.611634626655e+03 
       4.220620010694e-04       1.717132904724e+03 
       4.508024216475e-04       1.828970064999e+03 
       4.814389209498e-04       1.947720630528e+03 
       5.141479604683e-04       2.073985786714e+03 
       5.491152262332e-04       2.208386352643e+03 
       5.865336050019e-04       2.351552894327e+03 
       6.266002841134e-04       2.504112083227e+03 
       6.695128913070e-04       2.666669925906e+03 
       7.154646627516e-04       2.839791368474e+03 
       7.646387336008e-04       3.023977242480e+03 
       8.172017802334e-04       3.219639127579e+03 
       8.732973908297e-04       3.427074404441e+03 
       9.330396735256e-04       3.646443974734e+03 
       9.965076940197e-04       3.877753025874e+03 
       1.063741333727e-03       4.120839698391e+03 
       1.134739056067e-03       4.375371630415e+03 
       1.209457867961e-03       4.640851761134e+03 
       1.287815500289e-03       4.916633675006e+03 
       1.369694559503e-03       5.201925185708e+03 
       1.454948181085e-03       5.495847135672e+03 
       1.543406586669e-03       5.797477420664e+03 
       1.634883925501e-03       6.105834505945e+03 
       1.729184853931e-03       6.419925560778e+03 
       1.826110441106e-03       6.738771270644e+03 
       1.925463146599e-03       7.061424963190e+03 
       2.027050763887e-03       7.386987539667e+03 
       2.130689341938e-03       7.714617920939e+03 
       2.236205177913e-03       8.043538821642e+03 
       2.343436018737e-03       8.373041536475e+03 
       2.452231625218e-03       8.702483637837e+03 
       2.562453848264e-03       9.031287983720e+03 
       2.673976350728e-03       9.358940972734e+03 
       2.786684086981e-03       9.684986253455e+03 
       2.900472629743e-03       1.000902181759e+04 
       3.015247412757e-03       1.033069527303e+04 
       3.130922939771e-03       1.064969813802e+04 
       3.247421995464e-03       1.096576237044e+04 
       3.364674882313e-03       1.127865618801e+04 
       3.482618698550e-03       1.158817869735e+04 
       3.601196665863e-03       1.189415865083e+04 
       3.720357510848e-03       1.219644872831e+04 
       3.840054901036e-03       1.249492654779e+04 
       3.960246934159e-03       1.278948683467e+04 
       4.080895678038e-03       1.308004477213e+04 
       4.201966757671e-03       1.336652688726e+04 
       4.323428985734e-03       1.364887792173e+04 
       4.445254032632e-03       1.392705492939e+04 
       4.567416132260e-03       1.420102328573e+04 
       4.689891819861e-03       1.447075729349e+04 
       4.812659698587e-03       1.473621482149e+04 
       4.935700231642e-03       1.499743684569e+04 
       5.058995557179e-03       1.525441898633e+04 
       5.182529323401e-03       1.550708760643e+04 
       5.306286541573e-03       1.575554885276e+04 
       5.430253454908e-03       1.599974658988e+04 
       5.554417421513e-03       1.623973554140e+04 
       5.678766809795e-03       1.647554898044e+04 
       5.803290904895e-03       1.670716819407e+04 
       5.927979824911e-03       1.693462034295e+04 
       6.052824445787e-03       1.715792024313e+04 
       6.177816333907e-03       1.737711040497e+04 
       6.302947685518e-03       1.759224470263e+04 
       6.428211272239e-03       1.780332925190e+04 
       6.553600391972e-03       1.801041755231e+04 
       6.679108824634e-03       1.821351568096e+04 
       6.804730792179e-03       1.841269585194e+04 
       6.930460922464e-03       1.860796874426e+04 
       7.056294216534e-03       1.879937307485e+04 
       7.182226018979e-03       1.898694465092e+04 
       7.308251991033e-03       1.917071516806e+04 
       7.434368086143e-03       1.935075412049e+04 
       7.560570527743e-03       1.952707519940e+04 
       7.686855789028e-03       1.969970748928e+04 
       7.813220574505e-03       1.986872108694e+04 
       7.939661803169e-03       2.003413296331e+04 
       8.066176593128e-03       2.019598054698e+04 
       8.192762247546e-03       2.035430225708e+04 
       8.319416241772e-03       2.050914580174e+04 
       8.446136211554e-03       2.066055826074e+04 
       8.572919942218e-03       2.080856952984e+04 
       8.699765358739e-03       2.095320511076e+04 
       8.826670516619e-03       2.109451734094e+04 
       8.953633593491e-03       2.123253938436e+04 
       9.080652881391e-03       2.136730927224e+04 
       9.207726779644e-03       2.149885848274e+04 
       9.334853788295e-03       2.162723126419e+04 
       9.462032502051e-03       2.175246388360e+04 
       9.589261604688e-03       2.187458002231e+04 
       9.716539863877e-03       2.199362850296e+04 
       9.843866126402e-03       2.210963860013e+04 
       9.971239313733e-03       2.222264273906e+04 
       1.009865841793e-02       2.233268322751e+04 
       1.022612249783e-02       2.243978922404e+04 
       1.035363067554e-02       2.254399060324e+04 
       1.048118213318e-02       2.264533366561e+04 
       1.060877610981e-02       2.274384339365e+04 
       1.073641189865e-02       2.283955117242e+04 
       1.086408884445e-02       2.293249595731e+04 
       1.099180634108e-02       2.302270460349e+04 
       1.111956382922e-02       2.311022020263e+04 
       1.124736079431e-02       2.319505099173e+04 
       1.137519676457e-02       2.327725121567e+04 
       1.150307130920e-02       2.335685013949e+04 
       1.163098403667e-02       2.343386642315e+04 
       1.175893459315e-02       2.350833733021e+04 
       1.188692266106e-02       2.358029646646e+04 
       1.201494795770e-02       2.364977150751e+04 
       1.214301023398e-02       2.371678407581e+04 
       1.227110927326e-02       2.378137358499e+04 
       1.239924489022e-02       2.384357150267e+04 
       1.252741692990e-02       2.390339836372e+04 
       1.265562526669e-02       2.396089217495e+04 
       1.278386980353e-02       2.401607927837e+04 
       1.291215047103e-02       2.406898016782e+04 
       1.304046722676e-02       2.411962525974e+04 
       1.316882005454e-02       2.416805845676e+04 
       1.329720896380e-02       2.421427552612e+04 
       1.342563398901e-02       2.425832647452e+04 
       1.355409518910e-02       2.430023730336e+04 
       1.368259264699e-02       2.434002056810e+04 
       1.381112646912e-02       2.437771714465e+04 
       1.393969678504e-02       2.441334418084e+04 
       1.406830374702e-02       2.444693960726e+04 
       1.419694752974e-02       2.447851389976e+04 
       1.432562832994e-02       2.450809605769e+04 
       1.445434636616e-02       2.453572400594e+04 
       1.458310187851e-02       2.456140069733e+04 
       1.471189512844e-02       2.458517814364e+04 
       1.484072639856e-02       2.460705670582e+04 
       1.496959599248e-02       2.462707522803e+04 
       1.509850423468e-02       2.464524899985e+04 
       1.522745147040e-02       2.466161116008e+04 
       1.535643806555e-02       2.467617269091e+04 
       1.548546440667e-02       2.468896819621e+04 
       1.561453090087e-02       2.470003359832e+04 
       1.574363797583e-02       2.470935245023e+04 
       1.587278607979e-02       2.471699671651e+04 
       1.600197568160e-02       2.472293592276e+04 
       1.613120727074e-02       2.472723863653e+04 
       1.626048135742e-02       2.472991273877e+04 
       1.638979847263e-02       2.473097772482e+04 
       1.651915916824e-02       2.473045435355e+04 
       1.664856401717e-02       2.472836810836e+04 
       1.677801361347e-02       2.472474005015e+04 
       1.690750857254e-02       2.471958061149e+04 
       1.703704953124e-02       2.471290676417e+04 
       1.716663714813e-02       2.470479272154e+04 
       1.729627210364e-02       2.469520303842e+04 
       1.742595510035e-02       2.468417403642e+04 
       1.755568686318e-02       2.467173241066e+04 
       1.768546813966e-02       2.465788788304e+04 
       1.781529970023e-02       2.464267895307e+04 
       1.794518233853e-02       2.462611563993e+04 
       1.807511687167e-02       2.460821165617e+04 
       1.820510414060e-02       2.458898020995e+04 
       1.833514501043e-02       2.456846068866e+04 
       1.846524037079e-02       2.454669426353e+04 
       1.859539113622e-02       2.452363449317e+04 
       1.872559824654e-02       2.449937946183e+04 
       1.885586266728e-02       2.447386193299e+04 
       1.898618539011e-02       2.444718522221e+04 
       1.911656743326e-02       2.441932886434e+04 
       1.924700984199e-02       2.439031895858e+04 
       1.937751368911e-02       2.436013381865e+04 
       1.950808007541e-02       2.432884283429e+04 
       1.963871013025e-02       2.429644267066e+04 
       1.976940501202e-02       2.426293768797e+04 
       1.990016590876e-02       2.422842737905e+04 
       2.003099403870e-02       2.419281201490e+04 
       2.016189065088e-02       2.415619287894e+04 
       2.029285702572e-02       2.411856253599e+04 
       2.042389447572e-02       2.407991154075e+04 
       2.055500434604e-02       2.404025548457e+04 
       2.068618801525e-02       2.399973023459e+04 
       2.081744689600e-02       2.395816030906e+04 
       2.094878243572e-02       2.391570142510e+04 
       2.108019611743e-02       2.387233803714e+04 
       2.121168946042e-02       2.382807896780e+04 
       2.134326402116e-02       2.378290637979e+04 
       2.147492139400e-02       2.373694992263e+04 
       2.160666321212e-02       2.369008147295e+04 
       2.173849114833e-02       2.364237278073e+04 
       2.187040691602e-02       2.359388259337e+04 
       2.200241227006e-02       2.354458020899e+04 
       2.213450900777e-02       2.349453760806e+04 
       2.226669896990e-02       2.344366980358e+04 
       2.239898404167e-02       2.339208670338e+04 
       2.253136615380e-02       2.333975813762e+04 
       2.266384728359e-02       2.328667112341e+04 
       2.279642945606e-02       2.323291845640e+04 
       2.292911474510e-02       2.317846725792e+04 
       2.306190527465e-02       2.312334190549e+04 
       2.319480321991e-02       2.306754634356e+04 
       2.332781080864e-02       2.301106886575e+04 
       2.346093032245e-02       2.295400030884e+04 
       2.359416409814e-02       2.289633675738e+04 
       2.372751452910e-02       2.283799933286e+04 
       2.386098406673e-02       2.277911584682e+04 
       2.399457522194e-02       2.271966155841e+04 
       2.412829056667e-02       2.265958550178e+04 
       2.426213273543e-02       2.259901833716e+04 
       2.439610442699e-02       2.253784786019e+04 
       2.453020840603e-02       2.247620425398e+04 
       2.466444750484e-02       2.241402904729e+04 
       2.479882462519e-02       2.235136324508e+04 
       2.493334274009e-02       2.228818610822e+04 
       2.506800489577e-02       2.222459670877e+04 
       2.520281421362e-02       2.216049392418e+04 
       2.533777389227e-02       2.209591108615e+04 
       2.547288720963e-02       2.203091094591e+04 
       2.560815752513e-02       2.196549190503e+04 
       2.574358828197e-02       2.189968242013e+04 
       2.587918300942e-02       2.183346183403e+04 
       2.601494532526e-02       2.176681894302e+04 
       2.615087893825e-02       2.169981844880e+04 
       2.628698765076e-02       2.163244310055e+04 
       2.642327536137e-02       2.156472079114e+04 
       2.655974606770e-02       2.149662708987e+04 
       2.669640386925e-02       2.142825204132e+04 
       2.683325297035e-02       2.135947767363e+04 
       2.697029768328e-02       2.129037221473e+04 
       2.710754243139e-02       2.122104195108e+04 
       2.724499175246e-02       2.115140274644e+04 
       2.738265030208e-02       2.108144716474e+04 
       2.752052285720e-02       2.101120993543e+04 
       2.765861431985e-02       2.094070899912e+04 
       2.779692972091e-02       2.086995802450e+04 
       2.793547422408e-02       2.079900613232e+04 
       2.807425313001e-02       2.072776333149e+04 
       2.821327188054e-02       2.065631460980e+04 
       2.835253606317e-02       2.058463579713e+04 
       2.849205141561e-02       2.051276209217e+04 
       2.863182383063e-02       2.044064743995e+04 
       2.877185936098e-02       2.036842897653e+04 
       2.891216422459e-02       2.029595148881e+04 
       2.905274480992e-02       2.022329055851e+04 
       2.919360768160e-02       2.015049291113e+04 
       2.933475958620e-02       2.007754103356e+04 
       2.947620745834e-02       2.000442367052e+04 
       2.961795842698e-02       1.993117904875e+04 
       2.976001982198e-02       1.985772341703e+04 
       2.990239918098e-02       1.978418968194e+04 
       3.004510425655e-02       1.971057620866e+04 
       3.018814302358e-02       1.963680909847e+04 
       3.033152368714e-02       1.956293371761e+04 
       3.047525469052e-02       1.948892444042e+04 
       3.061934472370e-02       1.941490639185e+04 
       3.076380273223e-02       1.934071626763e+04 
       3.090863792643e-02       1.926648909480e+04 
       3.105385979105e-02       1.919219592792e+04 
       3.119947809537e-02       1.911778377785e+04 
       3.134550290373e-02       1.904332441403e+04 
       3.149194458661e-02       1.896873806190e+04 
       3.163881383213e-02       1.889418951042e+04 
       3.178612165824e-02       1.881954677495e+04 
       3.193387942531e-02       1.874495499010e+04 
       3.208209884950e-02       1.867027039077e+04 
       3.223079201664e-02       1.859549061992e+04 
       3.237997139689e-02       1.852081214637e+04 
       3.252964986008e-02       1.844600568180e+04 
       3.267984069180e-02       1.837121858473e+04 
       3.283055761036e-02       1.829643398033e+04 
       3.298181478458e-02       1.822161486227e+04 
       3.313362685247e-02       1.814679194379e+04 
       3.328600894096e-02       1.807193571764e+04 
       3.343897668658e-02       1.799715550759e+04 
       3.359254625732e-02       1.792230454614e+04 
       3.374673437562e-02       1.784749293233e+04 
       3.390155834259e-02       1.777272547704e+04 
       3.405703606364e-02       1.769795911193e+04 
       3.421318607544e-02       1.762316535264e+04 
       3.437002757445e-02       1.754846086577e+04 
       3.452758044706e-02       1.747373780810e+04 
       3.468586530146e-02       1.739904774918e+04 
       3.484490350133e-02       1.732440823324e+04 
       3.500471720159e-02       1.724979638951e+04 
       3.516532938616e-02       1.717519348116e+04 
       3.532676390806e-02       1.710064210702e+04 
       3.548904553198e-02       1.702608511476e+04 
       3.565219997940e-02       1.695159465036e+04 
       3.581625397652e-02       1.687713966486e+04 
       3.598123530531e-02       1.680276516450e+04 
       3.614717285770e-02       1.672839137374e+04 
       3.631409669333e-02       1.665401278985e+04 
       3.648203810109e-02       1.657974495860e+04 
       3.665102966473e-02       1.650552218150e+04 
       3.682110533287e-02       1.643130385055e+04 
       3.699230049376e-02       1.635714517222e+04 
       3.716465205522e-02       1.628300118374e+04 
       3.733819853020e-02       1.620892428703e+04 
       3.751298012830e-02       1.613487084369e+04 
       3.768903885396e-02       1.606085676073e+04 
       3.786641861175e-02       1.598684963240e+04 
       3.804516531949e-02       1.591294554943e+04 
       3.822532702973e-02       1.583907709743e+04 
       3.840695406060e-02       1.576520852473e+04 
       3.859009913668e-02       1.569140953019e+04 
       3.877481754087e-02       1.561752082123e+04 
       3.896116727840e-02       1.554374589261e+04 
       3.914920925404e-02       1.546997103015e+04 
       3.933900746377e-02       1.539618999442e+04 
       3.953062920253e-02       1.532247795456e+04 
       3.972414528941e-02       1.524872069530e+04 
       3.991963031230e-02       1.517501160237e+04 
       4.011716289378e-02       1.510125302315e+04 
       4.031682598081e-02       1.502752787313e+04 
       4.051870716040e-02       1.495375833470e+04 
       4.072289900440e-02       1.488003863045e+04 
       4.092949944651e-02       1.480617807521e+04 
       4.113861219516e-02       1.473237366413e+04 
       4.135034718636e-02       1.465849763527e+04 
       4.156482108132e-02       1.458459978578e+04 
       4.178215781400e-02       1.451061954196e+04 
       4.200248919485e-02       1.443655392923e+04 
       4.222595557745e-02       1.436249743753e+04 
       4.245270659629e-02       1.428824979878e+04 
       4.268290198456e-02       1.421394994126e+04 
       4.291671248263e-02       1.413952828416e+04 
       4.315432084925e-02       1.406503067405e+04 
       4.339592298960e-02       1.399032401187e+04 
       4.364172921636e-02       1.391550096362e+04 
       4.389196566298e-02       1.384053610663e+04 
       4.414687587092e-02       1.376532868080e+04 
       4.440672257721e-02       1.368998123741e+04 
       4.467178973243e-02       1.361437799902e+04 
       4.494238478509e-02       1.353854201714e+04 
       4.521884127488e-02       1.346243762111e+04 
       4.550152178504e-02       1.338609631191e+04 
       4.579082131378e-02       1.330931570624e+04 
       4.608717113640e-02       1.323222766809e+04 
       4.639104324407e-02       1.315479772655e+04 
       4.670295546275e-02       1.307697444796e+04 
       4.702347737750e-02       1.299867032835e+04 
       4.735323721428e-02       1.291983896190e+04 
       4.769292986473e-02       1.284051164969e+04 
       4.804332628112e-02       1.276056901524e+04 
       4.840528452104e-02       1.267997374512e+04 
       4.877976278729e-02       1.259871686540e+04 
       4.916783489153e-02       1.251665090795e+04 
       4.957070867601e-02       1.243375098286e+04 
       4.998974806163e-02       1.234993370126e+04 
       5.042649956179e-02       1.226501763321e+04 
       5.088272431907e-02       1.217896366715e+04 
       5.136043699965e-02       1.209160702622e+04 
       5.186195323230e-02       1.200280176900e+04 
       5.238994772211e-02       1.191232126845e+04 
       5.294752571927e-02       1.182001902135e+04 
       5.353831118820e-02       1.172557943186e+04 
       5.416655579005e-02       1.162868283628e+04 
       5.483727359874e-02       1.152895947868e+04 
       5.555640714799e-02       1.142585645701e+04 
       5.633103056048e-02       1.131882977536e+04 
       5.716959431406e-02       1.120703164935e+04 
       5.808221199896e-02       1.108939578381e+04 
       5.908097908380e-02       1.096457287136e+04 
       6.018029168495e-02       1.083068836509e+04 
       6.139709075650e-02       1.068536813796e+04 
       6.275088257863e-02       1.052528086705e+04 
       6.426327324141e-02       1.034613553150e+04 
       6.595662512427e-02       1.014240369579e+04 
       6.785139955359e-02       9.907442346086e+03 
       6.996202724824e-02       9.634104685260e+03 
       7.229202118123e-02       9.316129003458e+03 
       7.483034857185e-02       8.950444164339e+03 
       7.755161636722e-02       8.539473175928e+03 
       8.042095129490e-02       8.092287508064e+03 
       8.340135609286e-02       7.623827361371e+03 
       8.645992228026e-02       7.152244976842e+03 
       8.957086165854e-02       6.695808096882e+03 
       9.271569068008e-02       6.270258793034e+03 
       9.588193961143e-02       5.887126580132e+03 
       9.906152315891e-02       5.553126492042e+03 
       1.022493299257e-01       5.270259502479e+03 
       1.054421793355e-01       5.036405077510e+03 
       1.086381114828e-01       4.846213432993e+03 
       1.118359257792e-01       4.691954008431e+03 
       1.150348893478e-01       4.564471631713e+03 
       1.182345556967e-01       4.454087109694e+03 
       1.214346530649e-01       4.351422863369e+03 
       1.246350160753e-01       4.248227517502e+03 
       1.278355440437e-01       4.138057489470e+03 
       1.310361756034e-01       4.016777182616e+03 
       1.342368732788e-01       3.882723206173e+03 
       1.374376141140e-01       3.736637452628e+03 
       1.406383839819e-01       3.581249828000e+03 
       1.438391741289e-01       3.420684785582e+03 
       1.470399790765e-01       3.259786646538e+03 
       1.502407953468e-01       3.103438821650e+03 
       1.534416206877e-01       2.955996873491e+03 
       1.566424536023e-01       2.820900549919e+03 
       1.598432930614e-01       2.700408369437e+03 
       1.630441383293e-01       2.595528526592e+03 
       1.662449888561e-01       2.506073215233e+03 
       1.694458442127e-01       2.430806477625e+03 
       1.726467040499e-01       2.367665085749e+03 
       1.758475680732e-01       2.314020493871e+03 
       1.790484360273e-01       2.266949672004e+03 
       1.822493076856e-01       2.223623328707e+03 
       1.854501828440e-01       2.181713621675e+03 
       1.886510613163e-01       2.138334479540e+03 
       1.918519429314e-01       2.091755569917e+03 
       1.950528275308e-01       2.040993108124e+03 
       1.982537149674e-01       1.985855600769e+03 
       2.014546051040e-01       1.926873732350e+03 
       2.046554978124e-01       1.865160793161e+03 
       2.078563929726e-01       1.802135898889e+03 
       2.110572904719e-01       1.739422525960e+03 
       2.142581902046e-01       1.678483547559e+03 
       2.174590920713e-01       1.620594938455e+03 
       2.206599959784e-01       1.566749880386e+03 
       2.238609018378e-01       1.517583182293e+03 
       2.270618095663e-01       1.473398970267e+03 
       2.302627190854e-01       1.434171467516e+03 
       2.334636303210e-01       1.399571405411e+03 
       2.366645432028e-01       1.369006472958e+03 
       2.398654576647e-01       1.341675428947e+03 
       2.430663736437e-01       1.316666385193e+03 
       2.462672910803e-01       1.293039829080e+03 
       2.494682099181e-01       1.269927792428e+03 
       2.526691301034e-01       1.246615822306e+03 
       2.558700515854e-01       1.222557002268e+03 
       2.590709743157e-01       1.197470020925e+03 
       2.622718982483e-01       1.171241462333e+03 
       2.654728233395e-01       1.143965129280e+03 
       2.686737495477e-01       1.115902750235e+03 
       2.718746768331e-01       1.087429748847e+03 
       2.750756051579e-01       1.059004039878e+03 
       2.782765344861e-01       1.031122350674e+03 
       2.814774647832e-01       1.004228619708e+03 
       2.846783960163e-01       9.787073996038e+02 
       2.878793281541e-01       9.548212054698e+02 
       2.910802611666e-01       9.326970064317e+02 
       2.942811950250e-01       9.123339807257e+02 
       2.974821297019e-01       8.936208956453e+02 
       3.006830651711e-01       8.763637818096e+02 
       3.038840014073e-01       8.603146949547e+02 
       3.070849383865e-01       8.452020506095e+02 
       3.102858760855e-01       8.307430849751e+02 
       3.134868144822e-01       8.166698280669e+02 
       3.166877535553e-01       8.027418115661e+02 
       3.198886932845e-01       7.887682009488e+02 
       3.230896336500e-01       7.746179909364e+02 
       3.262905746331e-01       7.602395111591e+02 
       3.294915162158e-01       7.456405871771e+02 
       3.326924583805e-01       7.308975339480e+02 
       3.358934011107e-01       7.161238659531e+02 
       3.390943443902e-01       7.014555455031e+02 
       3.422952882035e-01       6.870278327332e+02 
       3.454962325357e-01       6.729690049413e+02 
       3.486971773725e-01       6.593880256669e+02 
       3.518981227000e-01       6.463688549463e+02 
       3.550990685050e-01       6.339698097038e+02 
       3.583000147745e-01       6.222143131720e+02 
       3.615009614962e-01       6.110928308748e+02 
       3.647019086580e-01       6.005612023451e+02 
       3.679028562486e-01       5.905461823838e+02 
       3.711038042566e-01       5.809532864429e+02 
       3.743047526715e-01       5.716854493213e+02 
       3.775057014827e-01       5.626505206451e+02 
       3.807066506802e-01       5.537721756898e+02 
       3.839076002544e-01       5.449932998483e+02 
       3.871085501958e-01       5.362731416115e+02 
       3.903095004954e-01       5.275907296027e+02 
       3.935104511444e-01       5.189381473738e+02 
       3.967114021343e-01       5.103217843204e+02 
       3.999123534569e-01       5.017611060241e+02 
       4.031133051043e-01       4.932877012744e+02 
       4.063142570686e-01       4.849388542920e+02 
       4.095152093426e-01       4.767562997662e+02 
       4.127161619189e-01       4.687759330975e+02 
       4.159171147905e-01       4.610239297568e+02 
       4.191180679506e-01       4.535159930987e+02 
       4.223190213927e-01       4.462564611768e+02 
       4.255199751104e-01       4.392410107497e+02 
       4.287209290974e-01       4.324616528833e+02 
       4.319218833478e-01       4.259046657616e+02 
       4.351228378557e-01       4.195543240937e+02 
       4.383237926155e-01       4.133908083425e+02 
       4.415247476216e-01       4.073894225552e+02 
       4.447257028688e-01       4.015243095280e+02 
       4.479266583518e-01       3.957682297292e+02 
       4.511276140657e-01       3.900993434366e+02 
       4.543285700054e-01       3.845018355133e+02 
       4.575295261663e-01       3.789668745038e+02 
       4.607304825437e-01       3.734928881005e+02 
       4.639314391331e-01       3.680826796574e+02 
       4.671323959302e-01       3.627405063154e+02 
       4.703333529306e-01       3.574726513257e+02 
       4.735343101304e-01       3.522867223785e+02 
       4.767352675254e-01       3.471907221810e+02 
       4.799362251116e-01       3.421947085577e+02 
       4.831371828854e-01       3.373092863024e+02 
       4.863381408430e-01       3.325432719791e+02 
       4.895390989808e-01       3.279020920478e+02 
       4.927400572951e-01       3.233851714081e+02 
       4.959410157827e-01       3.189878344751e+02 
       4.991419744402e-01       3.147001956004e+02 
       5.023429332643e-01       3.105128583414e+02 
       5.055438922518e-01       3.064156001730e+02 
       5.087448513997e-01       3.023995593561e+02 
       5.119458107049e-01       2.984575079801e+02 
       5.151467701645e-01       2.945827891129e+02 
       5.183477297756e-01       2.907688379611e+02 
       5.215486895354e-01       2.870097510973e+02 
       5.247496494412e-01       2.833011327554e+02 
       5.279506094903e-01       2.796406395257e+02 
       5.311515696802e-01       2.760294542415e+02 
       5.343525300082e-01       2.724710645503e+02 
       5.375534904720e-01       2.689692721405e+02 
       5.407544510690e-01       2.655284766462e+02 
       5.439554117970e-01       2.621504305768e+02 
       5.471563726536e-01       2.588362169801e+02 
       5.503573336366e-01       2.555846453150e+02 
       5.535582947438e-01       2.523947651192e+02 
       5.567592559730e-01       2.492662380911e+02 
       5.599602173222e-01       2.461986678880e+02 
       5.631611787892e-01       2.431916780058e+02 
       5.663621403721e-01       2.402438847447e+02 
       5.695631020690e-01       2.373526195716e+02 
       5.727640638778e-01       2.345138872275e+02 
       5.759650257968e-01       2.317234871062e+02 
       5.791659878241e-01       2.289778667767e+02 
       5.823669499578e-01       2.262744043080e+02 
       5.855679121964e-01       2.236124113658e+02 
       5.887688745380e-01       2.209912663306e+02 
       5.919698369809e-01       2.184103924584e+02 
       5.951707995236e-01       2.158687965172e+02 
       5.983717621644e-01       2.133647975611e+02 
       6.015727249018e-01       2.108971279069e+02 
       6.047736877342e-01       2.084651106016e+02 
       6.079746506601e-01       2.060691123453e+02 
       6.111756136780e-01       2.037095134251e+02 
       6.143765767866e-01       2.013899424001e+02 
       6.175775399843e-01       1.991097210280e+02 
       6.207785032698e-01       1.968687756334e+02 
       6.239794666418e-01       1.946664815480e+02 
       6.271804300989e-01       1.924996484007e+02 
       6.303813936398e-01       1.903674639627e+02 
       6.335823572633e-01       1.882691633339e+02 
       6.367833209680e-01       1.862043496964e+02 
       6.399842847528e-01       1.841727202406e+02 
       6.431852486166e-01       1.821735699697e+02 
       6.463862125580e-01       1.802056890460e+02 
       6.495871765759e-01       1.782670633122e+02 
       6.527881406693e-01       1.763558539291e+02 
       6.559891048370e-01       1.744708976254e+02 
       6.591900690779e-01       1.726118454267e+02 
       6.623910333910e-01       1.707791212771e+02 
       6.655919977753e-01       1.689730848748e+02 
       6.687929622296e-01       1.671939552574e+02 
       6.719939267530e-01       1.654410722455e+02 
       6.751948913445e-01       1.637137074042e+02 
       6.783958560032e-01       1.620107747758e+02 
       6.815968207280e-01       1.603314812621e+02 
       6.847977855181e-01       1.586761909408e+02 
       6.879987503726e-01       1.570450757796e+02 
       6.911997152906e-01       1.554385831938e+02 
       6.944006802711e-01       1.538566229198e+02 
       6.976016453133e-01       1.522983180514e+02 
       7.008026104164e-01       1.507627397879e+02 
       7.040035755795e-01       1.492485964640e+02 
       7.072045408018e-01       1.477550467334e+02 
       7.104055060826e-01       1.462818657829e+02 
       7.136064714209e-01       1.448291584872e+02 
       7.168074368161e-01       1.433969711199e+02 
       7.200084022675e-01       1.419848507608e+02 
       7.232093677741e-01       1.405925058148e+02 
       7.264103333354e-01       1.392188459090e+02 
       7.296112989506e-01       1.378630481427e+02 
       7.328122646189e-01       1.365244648784e+02 
       7.360132303397e-01       1.352033031845e+02 
       7.392141961124e-01       1.338997913277e+02 
       7.424151619362e-01       1.326142241013e+02 
       7.456161278104e-01       1.313466390368e+02 
       7.488170937345e-01       1.300964467865e+02 
       7.520180597078e-01       1.288629562789e+02 
       8.219627229149e-01       1.055347820957e+02 
       9.233145979396e-01       8.105206962387e+01 
       1.084581384804e+00       5.596531500039e+01 
       1.339181914725e+00       3.417391595545e+01 
       1.683839062798e+00       1.981095791105e+01 
       2.119792871339e+00       1.134839893784e+01 
       2.668661001645e+00       6.447633925365e+00 
       3.359645150386e+00       3.636298291214e+00 
       4.229542654431e+00       2.037018471117e+00 
       5.324678727931e+00       1.134157143244e+00 
       6.703373360232e+00       6.279483228568e-01 
       8.439047067940e+00       3.458933489665e-01 
       1.062413080516e+01       1.896316454523e-01 
       1.337498824884e+01       1.035100068878e-01 
       1.683811258891e+01       5.627116024799e-02 
       2.119792782483e+01       3.047421544428e-02 
       2.668661001606e+01       1.644383430080e-02 
       3.359645150386e+01       8.841900345350e-03 
       4.229542654431e+01       4.737660367212e-03 
       5.324678727931e+01       2.529317168383e-03 
       6.703373360232e+01       1.344978855890e-03 
       8.439047067940e+01       7.119177259737e-04 
       1.062413080516e+02       3.746822255994e-04 
