# Matter power spectrum P(k) at redshift z=0
# for k=1.04215e-05 to 106.241 h/Mpc,
# number of wavenumbers equal to 623
#    1:k (h/Mpc)              2:P (Mpc/h)^3        
       1.042149697471e-05       4.827083440518e+01 
       2.325061637297e-05       1.047980057947e+02 
       3.612452631685e-05       1.604042567030e+02 
       4.907758642006e-05       2.156589471272e+02 
       6.214472039590e-05       2.708900240575e+02 
       7.536172497075e-05       3.263456062434e+02 
       8.876558860341e-05       3.822393704543e+02 
       1.023948242181e-04       4.387691777282e+02 
       1.162898201906e-04       4.961266740144e+02 
       1.304932138611e-04       5.545031518307e+02 
       1.450502918548e-04       6.140935871746e+02 
       1.600094214340e-04       6.750998674473e+02 
       1.754225169433e-04       7.377335408362e+02 
       1.913455450521e-04       8.022183332225e+02 
       2.078390718808e-04       8.687925801549e+02 
       2.249688540690e-04       9.377116160125e+02 
       2.428064742650e-04       1.009250283482e+03 
       2.614300191597e-04       1.083705209412e+03 
       2.809247948128e-04       1.161397461388e+03 
       3.013840692965e-04       1.242674912492e+03 
       3.229098262534e-04       1.327914518650e+03 
       3.456135044500e-04       1.417524549781e+03 
       3.696166874253e-04       1.511946116241e+03 
       3.950516936346e-04       1.611654760968e+03 
       4.220620010694e-04       1.717160399845e+03 
       4.508024216475e-04       1.829006643387e+03 
       4.814389209498e-04       1.947768393096e+03 
       5.141479604683e-04       2.074047296505e+03 
       5.491152262332e-04       2.208464735216e+03 
       5.865336050019e-04       2.351651956900e+03 
       6.266002841134e-04       2.504236454200e+03 
       6.695128913070e-04       2.666825215540e+03 
       7.154646627516e-04       2.839984350109e+03 
       7.646387336008e-04       3.024216051771e+03 
       8.172017802334e-04       3.219933474606e+03 
       8.732973908297e-04       3.427435790622e+03 
       9.330396735256e-04       3.646885903421e+03 
       9.965076940197e-04       3.878291192546e+03 
       1.063741333727e-03       4.121492144784e+03 
       1.134739056067e-03       4.376158846468e+03 
       1.209457867961e-03       4.641796720362e+03 
       1.287815500289e-03       4.917761792586e+03 
       1.369694559503e-03       5.203264182771e+03 
       1.454948181085e-03       5.497426840077e+03 
       1.543406586669e-03       5.799329504343e+03 
       1.634883925501e-03       6.107992133237e+03 
       1.729184853931e-03       6.422423007938e+03 
       1.826110441106e-03       6.741643524879e+03 
       1.925463146599e-03       7.064707322304e+03 
       2.027050763887e-03       7.390715232143e+03 
       2.130689341938e-03       7.718825763356e+03 
       2.236205177913e-03       8.048260925847e+03 
       2.343436018737e-03       8.378311075793e+03 
       2.452231625218e-03       8.708332673543e+03 
       2.562453848264e-03       9.037747352714e+03 
       2.673976350728e-03       9.366040231441e+03 
       2.786684086981e-03       9.692753669632e+03 
       2.900472629743e-03       1.001748440129e+04 
       3.015247412757e-03       1.033987883682e+04 
       3.130922939771e-03       1.065962737424e+04 
       3.247421995464e-03       1.097646093777e+04 
       3.364674882313e-03       1.129014679776e+04 
       3.482618698550e-03       1.160048319110e+04 
       3.601196665863e-03       1.190729806782e+04 
       3.720357510848e-03       1.221044335602e+04 
       3.840054901036e-03       1.250979595908e+04 
       3.960246934159e-03       1.280524990355e+04 
       4.080895678038e-03       1.309671968271e+04 
       4.201966757671e-03       1.338413112145e+04 
       4.323428985734e-03       1.366742825110e+04 
       4.445254032632e-03       1.394656739733e+04 
       4.567416132260e-03       1.422151318583e+04 
       4.689891819861e-03       1.449223915330e+04 
       4.812659698587e-03       1.475870229626e+04 
       4.935700231642e-03       1.502094299986e+04 
       5.058995557179e-03       1.527895608816e+04 
       5.182529323401e-03       1.553266705321e+04 
       5.306286541573e-03       1.578218136976e+04 
       5.430253454908e-03       1.602744215082e+04 
       5.554417421513e-03       1.626850349862e+04 
       5.678766809795e-03       1.650539804610e+04 
       5.803290904895e-03       1.673810644569e+04 
       5.927979824911e-03       1.696665521609e+04 
       6.052824445787e-03       1.719105860426e+04 
       6.177816333907e-03       1.741135859272e+04 
       6.302947685518e-03       1.762760849506e+04 
       6.428211272239e-03       1.783981379428e+04 
       6.553600391972e-03       1.804802742150e+04 
       6.679108824634e-03       1.825225477626e+04 
       6.804730792179e-03       1.845256748452e+04 
       6.930460922464e-03       1.864897548030e+04 
       7.056294216534e-03       1.884151678060e+04 
       7.182226018979e-03       1.903022644068e+04 
       7.308251991033e-03       1.921513540953e+04 
       7.434368086143e-03       1.939631250817e+04 
       7.560570527743e-03       1.957377065968e+04 
       7.686855789028e-03       1.974753824099e+04 
       7.813220574505e-03       1.991768480921e+04 
       7.939661803169e-03       2.008422671650e+04 
       8.066176593128e-03       2.024720085951e+04 
       8.192762247546e-03       2.040664523986e+04 
       8.319416241772e-03       2.056260725709e+04 
       8.446136211554e-03       2.071513374936e+04 
       8.572919942218e-03       2.086425438441e+04 
       8.699765358739e-03       2.100999446372e+04 
       8.826670516619e-03       2.115240626122e+04 
       8.953633593491e-03       2.129152285214e+04 
       9.080652881391e-03       2.142738217823e+04 
       9.207726779644e-03       2.156001562313e+04 
       9.334853788295e-03       2.168946738873e+04 
       9.462032502051e-03       2.181577357252e+04 
       9.589261604688e-03       2.193895768761e+04 
       9.716539863877e-03       2.205906837975e+04 
       9.843866126402e-03       2.217613464540e+04 
       9.971239313733e-03       2.229018860684e+04 
       1.009865841793e-02       2.240127229696e+04 
       1.022612249783e-02       2.250941450191e+04 
       1.035363067554e-02       2.261464473551e+04 
       1.048118213318e-02       2.271700897914e+04 
       1.060877610981e-02       2.281653184420e+04 
       1.073641189865e-02       2.291324436860e+04 
       1.086408884445e-02       2.300718522644e+04 
       1.099180634108e-02       2.309838098170e+04 
       1.111956382922e-02       2.318687451875e+04 
       1.124736079431e-02       2.327267380103e+04 
       1.137519676457e-02       2.335583297267e+04 
       1.150307130920e-02       2.343638117202e+04 
       1.163098403667e-02       2.351433690222e+04 
       1.175893459315e-02       2.358973738531e+04 
       1.188692266106e-02       2.366261616640e+04 
       1.201494795770e-02       2.373300087158e+04 
       1.214301023398e-02       2.380091306180e+04 
       1.227110927326e-02       2.386639215368e+04 
       1.239924489022e-02       2.392946958615e+04 
       1.252741692990e-02       2.399016582821e+04 
       1.265562526669e-02       2.404851888052e+04 
       1.278386980353e-02       2.410455503517e+04 
       1.291215047103e-02       2.415829470082e+04 
       1.304046722676e-02       2.420976825015e+04 
       1.316882005454e-02       2.425901959309e+04 
       1.329720896380e-02       2.430604430689e+04 
       1.342563398901e-02       2.435089243234e+04 
       1.355409518910e-02       2.439358990718e+04 
       1.368259264699e-02       2.443414918079e+04 
       1.381112646912e-02       2.447261114365e+04 
       1.393969678504e-02       2.450899285042e+04 
       1.406830374702e-02       2.454333225146e+04 
       1.419694752974e-02       2.457563971977e+04 
       1.432562832994e-02       2.460594424027e+04 
       1.445434636616e-02       2.463428375859e+04 
       1.458310187851e-02       2.466066110877e+04 
       1.471189512844e-02       2.468512838626e+04 
       1.484072639856e-02       2.470768582599e+04 
       1.496959599248e-02       2.472837230052e+04 
       1.509850423468e-02       2.474720303522e+04 
       1.522745147040e-02       2.476421117472e+04 
       1.535643806555e-02       2.477940764161e+04 
       1.548546440667e-02       2.479282704700e+04 
       1.561453090087e-02       2.480450536079e+04 
       1.574363797583e-02       2.481442597495e+04 
       1.587278607979e-02       2.482266106689e+04 
       1.600197568160e-02       2.482917996076e+04 
       1.613120727074e-02       2.483405145959e+04 
       1.626048135742e-02       2.483728343454e+04 
       1.638979847263e-02       2.483889543373e+04 
       1.651915916824e-02       2.483890828204e+04 
       1.664856401717e-02       2.483734755971e+04 
       1.677801361347e-02       2.483423442216e+04 
       1.690750857254e-02       2.482957933692e+04 
       1.703704953124e-02       2.482339933772e+04 
       1.716663714813e-02       2.481576895458e+04 
       1.729627210364e-02       2.480665256251e+04 
       1.742595510035e-02       2.479608661437e+04 
       1.755568686318e-02       2.478409786891e+04 
       1.768546813966e-02       2.477069603129e+04 
       1.781529970023e-02       2.475591971089e+04 
       1.794518233853e-02       2.473977888926e+04 
       1.807511687167e-02       2.472228724992e+04 
       1.820510414060e-02       2.470345799948e+04 
       1.833514501043e-02       2.468333054435e+04 
       1.846524037079e-02       2.466194620585e+04 
       1.859539113622e-02       2.463925826081e+04 
       1.872559824654e-02       2.461536510250e+04 
       1.885586266728e-02       2.459019922841e+04 
       1.898618539011e-02       2.456386427770e+04 
       1.911656743326e-02       2.453633973350e+04 
       1.924700984199e-02       2.450765177258e+04 
       1.937751368911e-02       2.447777859539e+04 
       1.950808007541e-02       2.444678991329e+04 
       1.963871013025e-02       2.441468238364e+04 
       1.976940501202e-02       2.438146043175e+04 
       1.990016590876e-02       2.434722396942e+04 
       2.003099403870e-02       2.431187287934e+04 
       2.016189065088e-02       2.427550892527e+04 
       2.029285702572e-02       2.423812464508e+04 
       2.042389447572e-02       2.419971056692e+04 
       2.055500434604e-02       2.416028236283e+04 
       2.068618801525e-02       2.411997657269e+04 
       2.081744689600e-02       2.407861683605e+04 
       2.094878243572e-02       2.403635964370e+04 
       2.108019611743e-02       2.399318935853e+04 
       2.121168946042e-02       2.394911486742e+04 
       2.134326402116e-02       2.390411818139e+04 
       2.147492139400e-02       2.385832956684e+04 
       2.160666321212e-02       2.381162031346e+04 
       2.173849114833e-02       2.376406251435e+04 
       2.187040691602e-02       2.371571515831e+04 
       2.200241227006e-02       2.366654735123e+04 
       2.213450900777e-02       2.361663152288e+04 
       2.226669896990e-02       2.356588219424e+04 
       2.239898404167e-02       2.351440984141e+04 
       2.253136615380e-02       2.346218413746e+04 
       2.266384728359e-02       2.340919202306e+04 
       2.279642945606e-02       2.335552680717e+04 
       2.292911474510e-02       2.330115539580e+04 
       2.306190527465e-02       2.324610228585e+04 
       2.319480321991e-02       2.319037150242e+04 
       2.332781080864e-02       2.313395125211e+04 
       2.346093032245e-02       2.307693287226e+04 
       2.359416409814e-02       2.301931243709e+04 
       2.372751452910e-02       2.296101068424e+04 
       2.386098406673e-02       2.290215607497e+04 
       2.399457522194e-02       2.284272379553e+04 
       2.412829056667e-02       2.278266261451e+04 
       2.426213273543e-02       2.272210398965e+04 
       2.439610442699e-02       2.266093506505e+04 
       2.453020840603e-02       2.259928680222e+04 
       2.466444750484e-02       2.253710041777e+04 
       2.479882462519e-02       2.247441721944e+04 
       2.493334274009e-02       2.241121636187e+04 
       2.506800489577e-02       2.234759748078e+04 
       2.520281421362e-02       2.228345894929e+04 
       2.533777389227e-02       2.221883422168e+04 
       2.547288720963e-02       2.215378643016e+04 
       2.560815752513e-02       2.208831399350e+04 
       2.574358828197e-02       2.202244551414e+04 
       2.587918300942e-02       2.195616018108e+04 
       2.601494532526e-02       2.188944670117e+04 
       2.615087893825e-02       2.182237016179e+04 
       2.628698765076e-02       2.175491318486e+04 
       2.642327536137e-02       2.168710380956e+04 
       2.655974606770e-02       2.161891747625e+04 
       2.669640386925e-02       2.155044470360e+04 
       2.683325297035e-02       2.148156689933e+04 
       2.697029768328e-02       2.141235270350e+04 
       2.710754243139e-02       2.134290898564e+04 
       2.724499175246e-02       2.127315121471e+04 
       2.738265030208e-02       2.120307193676e+04 
       2.752052285720e-02       2.113270612553e+04 
       2.765861431985e-02       2.106207188682e+04 
       2.779692972091e-02       2.099118295380e+04 
       2.793547422408e-02       2.092008883870e+04 
       2.807425313001e-02       2.084869904586e+04 
       2.821327188054e-02       2.077709910576e+04 
       2.835253606317e-02       2.070526468859e+04 
       2.849205141561e-02       2.063323126345e+04 
       2.863182383063e-02       2.056095250982e+04 
       2.877185936098e-02       2.048856640174e+04 
       2.891216422459e-02       2.041591675355e+04 
       2.905274480992e-02       2.034307966392e+04 
       2.919360768160e-02       2.027010213148e+04 
       2.933475958620e-02       2.019696651299e+04 
       2.947620745834e-02       2.012366152571e+04 
       2.961795842698e-02       2.005022561260e+04 
       2.976001982198e-02       1.997657457140e+04 
       2.990239918098e-02       1.990284213672e+04 
       3.004510425655e-02       1.982902662603e+04 
       3.018814302358e-02       1.975505380423e+04 
       3.033152368714e-02       1.968096931702e+04 
       3.047525469052e-02       1.960674742948e+04 
       3.061934472370e-02       1.953251405970e+04 
       3.076380273223e-02       1.945810496809e+04 
       3.090863792643e-02       1.938365600795e+04 
       3.105385979105e-02       1.930913811747e+04 
       3.119947809537e-02       1.923449800693e+04 
       3.134550290373e-02       1.915980790508e+04 
       3.149194458661e-02       1.908498757021e+04 
       3.163881383213e-02       1.901020281616e+04 
       3.178612165824e-02       1.893532087690e+04 
       3.193387942531e-02       1.886048776056e+04 
       3.208209884950e-02       1.878555883578e+04 
       3.223079201664e-02       1.871053174419e+04 
       3.237997139689e-02       1.863560415936e+04 
       3.252964986008e-02       1.856054542829e+04 
       3.267984069180e-02       1.848550378059e+04 
       3.283055761036e-02       1.841046229579e+04 
       3.298181478458e-02       1.833538373937e+04 
       3.313362685247e-02       1.826029903785e+04 
       3.328600894096e-02       1.818517852357e+04 
       3.343897668658e-02       1.811013222666e+04 
       3.359254625732e-02       1.803501250887e+04 
       3.374673437562e-02       1.795993015168e+04 
       3.390155834259e-02       1.788489004367e+04 
       3.405703606364e-02       1.780984889174e+04 
       3.421318607544e-02       1.773477805393e+04 
       3.437002757445e-02       1.765979497076e+04 
       3.452758044706e-02       1.758479116960e+04 
       3.468586530146e-02       1.750981854314e+04 
       3.484490350133e-02       1.743489480606e+04 
       3.500471720159e-02       1.735999699161e+04 
       3.516532938616e-02       1.728510627923e+04 
       3.532676390806e-02       1.721026554883e+04 
       3.548904553198e-02       1.713541734789e+04 
       3.565219997940e-02       1.706063429296e+04 
       3.581625397652e-02       1.698588515930e+04 
       3.598123530531e-02       1.691121528428e+04 
       3.614717285770e-02       1.683654438540e+04 
       3.631409669333e-02       1.676186693975e+04 
       3.648203810109e-02       1.668729924873e+04 
       3.665102966473e-02       1.661277520032e+04 
       3.682110533287e-02       1.653825392822e+04 
       3.699230049376e-02       1.646379100553e+04 
       3.716465205522e-02       1.638934119377e+04 
       3.733819853020e-02       1.631495723300e+04 
       3.751298012830e-02       1.624059521872e+04 
       3.768903885396e-02       1.616627120749e+04 
       3.786641861175e-02       1.609195257659e+04 
       3.804516531949e-02       1.601773610827e+04 
       3.822532702973e-02       1.594355398271e+04 
       3.840695406060e-02       1.586937025861e+04 
       3.859009913668e-02       1.579525514545e+04 
       3.877481754087e-02       1.572104835932e+04 
       3.896116727840e-02       1.564695477345e+04 
       3.914920925404e-02       1.557285999514e+04 
       3.933900746377e-02       1.549875778352e+04 
       3.953062920253e-02       1.542472385570e+04 
       3.972414528941e-02       1.535064327354e+04 
       3.991963031230e-02       1.527661007894e+04 
       4.011716289378e-02       1.520252599741e+04 
       4.031682598081e-02       1.512847452183e+04 
       4.051870716040e-02       1.505437733181e+04 
       4.072289900440e-02       1.498032930522e+04 
       4.092949944651e-02       1.490613848521e+04 
       4.113861219516e-02       1.483200321435e+04 
       4.135034718636e-02       1.475779489324e+04 
       4.156482108132e-02       1.468356366473e+04 
       4.178215781400e-02       1.460924859408e+04 
       4.200248919485e-02       1.453484672889e+04 
       4.222595557745e-02       1.446045324625e+04 
       4.245270659629e-02       1.438586659347e+04 
       4.268290198456e-02       1.431122672223e+04 
       4.291671248263e-02       1.423646366908e+04 
       4.315432084925e-02       1.416162366516e+04 
       4.339592298960e-02       1.408657280217e+04 
       4.364172921636e-02       1.401140445577e+04 
       4.389196566298e-02       1.393609307555e+04 
       4.414687587092e-02       1.386053727217e+04 
       4.440672257721e-02       1.378484034272e+04 
       4.467178973243e-02       1.370888575054e+04 
       4.494238478509e-02       1.363269675556e+04 
       4.521884127488e-02       1.355623750631e+04 
       4.550152178504e-02       1.347953981138e+04 
       4.579082131378e-02       1.340239998307e+04 
       4.608717113640e-02       1.332495093330e+04 
       4.639104324407e-02       1.324715809055e+04 
       4.670295546275e-02       1.316896980413e+04 
       4.702347737750e-02       1.309029810817e+04 
       4.735323721428e-02       1.301109640866e+04 
       4.769292986473e-02       1.293139639068e+04 
       4.804332628112e-02       1.285107802407e+04 
       4.840528452104e-02       1.277010391111e+04 
       4.877976278729e-02       1.268846524277e+04 
       4.916783489153e-02       1.260601371356e+04 
       4.957070867601e-02       1.252272446503e+04 
       4.998974806163e-02       1.243851373689e+04 
       5.042649956179e-02       1.235319907974e+04 
       5.088272431907e-02       1.226674148783e+04 
       5.136043699965e-02       1.217897548747e+04 
       5.186195323230e-02       1.208975459645e+04 
       5.238994772211e-02       1.199885099103e+04 
       5.294752571927e-02       1.190611752326e+04 
       5.353831118820e-02       1.181123684625e+04 
       5.416655579005e-02       1.171388771767e+04 
       5.483727359874e-02       1.161369847706e+04 
       5.555640714799e-02       1.151011285689e+04 
       5.633103056048e-02       1.140258373734e+04 
       5.716959431406e-02       1.129025841208e+04 
       5.808221199896e-02       1.117206380693e+04 
       5.908097908380e-02       1.104664122981e+04 
       6.018029168495e-02       1.091210336546e+04 
       6.139709075650e-02       1.076605901083e+04 
       6.275088257863e-02       1.060515161227e+04 
       6.426327324141e-02       1.042505628562e+04 
       6.595662512427e-02       1.022020063767e+04 
       6.785139955359e-02       9.983884207838e+03 
       6.996202724824e-02       9.708896684096e+03 
       7.229202118123e-02       9.388914337914e+03 
       7.483034857185e-02       9.020826797336e+03 
       7.755161636722e-02       8.607058847890e+03 
       8.042095129490e-02       8.156739359757e+03 
       8.340135609286e-02       7.684918013887e+03 
       8.645992228026e-02       7.209888754616e+03 
       8.957086165854e-02       6.750067986599e+03 
       9.271569068008e-02       6.321330540437e+03 
       9.588193961143e-02       5.935307509110e+03 
       9.906152315891e-02       5.598777506698e+03 
       1.022493299257e-01       5.313766632021e+03 
       1.054421793355e-01       5.078144622839e+03 
       1.086381114828e-01       4.886524204114e+03 
       1.118359257792e-01       4.731115958885e+03 
       1.150348893478e-01       4.602692674315e+03 
       1.182345556967e-01       4.491497141481e+03 
       1.214346530649e-01       4.388075146153e+03 
       1.246350160753e-01       4.284107033786e+03 
       1.278355440437e-01       4.173095469949e+03 
       1.310361756034e-01       4.050870043902e+03 
       1.342368732788e-01       3.915753276992e+03 
       1.374376141140e-01       3.768493284341e+03 
       1.406383839819e-01       3.611843320593e+03 
       1.438391741289e-01       3.449963292255e+03 
       1.470399790765e-01       3.287739386299e+03 
       1.502407953468e-01       3.130097508525e+03 
       1.534416206877e-01       2.981431371942e+03 
       1.566424536023e-01       2.845211207367e+03 
       1.598432930614e-01       2.723715884784e+03 
       1.630441383293e-01       2.617963215833e+03 
       1.662449888561e-01       2.527764596818e+03 
       1.694458442127e-01       2.451874157731e+03 
       1.726467040499e-01       2.388211419750e+03 
       1.758475680732e-01       2.334125579823e+03 
       1.790484360273e-01       2.286668581236e+03 
       1.822493076856e-01       2.242986832520e+03 
       1.854501828440e-01       2.200732386773e+03 
       1.886510613163e-01       2.156994131302e+03 
       1.918519429314e-01       2.110026658086e+03 
       1.950528275308e-01       2.058837590041e+03 
       1.982537149674e-01       2.003233733978e+03 
       2.014546051040e-01       1.943750409716e+03 
       2.046554978124e-01       1.881510650816e+03 
       2.078563929726e-01       1.817946040975e+03 
       2.110572904719e-01       1.754694356180e+03 
       2.142581902046e-01       1.693231392679e+03 
       2.174590920713e-01       1.634844447561e+03 
       2.206599959784e-01       1.580535549439e+03 
       2.238609018378e-01       1.530945230731e+03 
       2.270618095663e-01       1.486380418459e+03 
       2.302627190854e-01       1.446815239270e+03 
       2.334636303210e-01       1.411917631126e+03 
       2.366645432028e-01       1.381090162964e+03 
       2.398654576647e-01       1.353524600550e+03 
       2.430663736437e-01       1.328301076647e+03 
       2.462672910803e-01       1.304471819333e+03 
       2.494682099181e-01       1.281161227632e+03 
       2.526691301034e-01       1.257648548137e+03 
       2.558700515854e-01       1.233382036200e+03 
       2.590709743157e-01       1.208077894697e+03 
       2.622718982483e-01       1.181621704554e+03 
       2.654728233395e-01       1.154108102096e+03 
       2.686737495477e-01       1.125801140934e+03 
       2.718746768331e-01       1.097079581058e+03 
       2.750756051579e-01       1.068405411457e+03 
       2.782765344861e-01       1.040279786643e+03 
       2.814774647832e-01       1.013150605082e+03 
       2.846783960163e-01       9.874058607203e+02 
       2.878793281541e-01       9.633104231435e+02 
       2.910802611666e-01       9.409924188266e+02 
       2.942811950250e-01       9.204510430772e+02 
       2.974821297019e-01       9.015740970599e+02 
       3.006830651711e-01       8.841659065052e+02 
       3.038840014073e-01       8.679763377607e+02 
       3.070849383865e-01       8.527314026231e+02 
       3.102858760855e-01       8.381458314362e+02 
       3.134868144822e-01       8.239492746924e+02 
       3.166877535553e-01       8.098991272745e+02 
       3.198886932845e-01       7.958028601542e+02 
       3.230896336500e-01       7.815283016832e+02 
       3.262905746331e-01       7.670233253648e+02 
       3.294915162158e-01       7.522958268629e+02 
       3.326924583805e-01       7.374228059608e+02 
       3.358934011107e-01       7.225187932318e+02 
       3.390943443902e-01       7.077209691141e+02 
       3.422952882035e-01       6.931658050355e+02 
       3.454962325357e-01       6.789827305244e+02 
       3.486971773725e-01       6.652816877051e+02 
       3.518981227000e-01       6.521473940013e+02 
       3.550990685050e-01       6.396386925466e+02 
       3.583000147745e-01       6.277792220918e+02 
       3.615009614962e-01       6.165593694045e+02 
       3.647019086580e-01       6.059345835332e+02 
       3.679028562486e-01       5.958309698149e+02 
       3.711038042566e-01       5.861532017581e+02 
       3.743047526715e-01       5.768033493767e+02 
       3.775057014827e-01       5.676884405457e+02 
       3.807066506802e-01       5.587314701740e+02 
       3.839076002544e-01       5.498748129155e+02 
       3.871085501958e-01       5.410773552832e+02 
       3.903095004954e-01       5.323179384694e+02 
       3.935104511444e-01       5.235885777285e+02 
       3.967114021343e-01       5.148957202687e+02 
       3.999123534569e-01       5.062590077806e+02 
       4.031133051043e-01       4.977103135723e+02 
       4.063142570686e-01       4.892872580403e+02 
       4.095152093426e-01       4.810319512629e+02 
       4.127161619189e-01       4.729806124052e+02 
       4.159171147905e-01       4.651596531343e+02 
       4.191180679506e-01       4.575849199877e+02 
       4.223190213927e-01       4.502607915434e+02 
       4.255199751104e-01       4.431829070800e+02 
       4.287209290974e-01       4.363432081603e+02 
       4.319218833478e-01       4.297278508108e+02 
       4.351228378557e-01       4.233209703089e+02 
       4.383237926155e-01       4.171025704026e+02 
       4.415247476216e-01       4.110477343986e+02 
       4.447257028688e-01       4.051303740483e+02 
       4.479266583518e-01       3.993230064927e+02 
       4.511276140657e-01       3.936035963240e+02 
       4.543285700054e-01       3.879561872940e+02 
       4.575295261663e-01       3.823718691216e+02 
       4.607304825437e-01       3.768490561215e+02 
       4.639314391331e-01       3.713905775326e+02 
       4.671323959302e-01       3.660007290508e+02 
       4.703333529306e-01       3.606858513236e+02 
       4.735343101304e-01       3.554536208458e+02 
       4.767352675254e-01       3.503121131127e+02 
       4.799362251116e-01       3.452714768372e+02 
       4.831371828854e-01       3.403424127146e+02 
       4.863381408430e-01       3.355338171995e+02 
       4.895390989808e-01       3.308511663946e+02 
       4.927400572951e-01       3.262938802673e+02 
       4.959410157827e-01       3.218572420892e+02 
       4.991419744402e-01       3.175312777225e+02 
       5.023429332643e-01       3.133065067078e+02 
       5.055438922518e-01       3.091726151725e+02 
       5.087448513997e-01       3.051206618167e+02 
       5.119458107049e-01       3.011433542258e+02 
       5.151467701645e-01       2.972339758471e+02 
       5.183477297756e-01       2.933859032998e+02 
       5.215486895354e-01       2.895931801860e+02 
       5.247496494412e-01       2.858513716628e+02 
       5.279506094903e-01       2.821581133620e+02 
       5.311515696802e-01       2.785145993484e+02 
       5.343525300082e-01       2.749243484955e+02 
       5.375534904720e-01       2.713911973717e+02 
       5.407544510690e-01       2.679195852124e+02 
       5.439554117970e-01       2.645112808039e+02 
       5.471563726536e-01       2.611673771084e+02 
       5.503573336366e-01       2.578866731608e+02 
       5.535582947438e-01       2.546682101225e+02 
       5.567592559730e-01       2.515116470681e+02 
       5.599602173222e-01       2.484165841014e+02 
       5.631611787892e-01       2.453826416607e+02 
       5.663621403721e-01       2.424084237607e+02 
       5.695631020690e-01       2.394912380245e+02 
       5.727640638778e-01       2.366270535402e+02 
       5.759650257968e-01       2.338116318669e+02 
       5.791659878241e-01       2.310413888442e+02 
       5.823669499578e-01       2.283136790146e+02 
       5.855679121964e-01       2.256278080807e+02 
       5.887688745380e-01       2.229831488974e+02 
       5.919698369809e-01       2.203791196721e+02 
       5.951707995236e-01       2.178147183374e+02 
       5.983717621644e-01       2.152882491040e+02 
       6.015727249018e-01       2.127984327894e+02 
       6.047736877342e-01       2.103445865862e+02 
       6.079746506601e-01       2.079270805704e+02 
       6.111756136780e-01       2.055462985777e+02 
       6.143765767866e-01       2.032059020917e+02 
       6.175775399843e-01       2.009052067552e+02 
       6.207785032698e-01       1.986441383877e+02 
       6.239794666418e-01       1.964220668586e+02 
       6.271804300989e-01       1.942357730916e+02 
       6.303813936398e-01       1.920844376253e+02 
       6.335823572633e-01       1.899672887728e+02 
       6.367833209680e-01       1.878839261555e+02 
       6.399842847528e-01       1.858340444567e+02 
       6.431852486166e-01       1.838169323230e+02 
       6.463862125580e-01       1.818313691043e+02 
       6.495871765759e-01       1.798753225676e+02 
       6.527881406693e-01       1.779469373476e+02 
       6.559891048370e-01       1.760450398578e+02 
       6.591900690779e-01       1.741692778930e+02 
       6.623910333910e-01       1.723200793392e+02 
       6.655919977753e-01       1.704978072489e+02 
       6.687929622296e-01       1.687026826984e+02 
       6.719939267530e-01       1.669340395570e+02 
       6.751948913445e-01       1.651911429918e+02 
       6.783958560032e-01       1.634728971461e+02 
       6.815968207280e-01       1.617785020159e+02 
       6.847977855181e-01       1.601083248759e+02 
       6.879987503726e-01       1.584625393475e+02 
       6.911997152906e-01       1.568415969121e+02 
       6.944006802711e-01       1.552454065946e+02 
       6.976016453133e-01       1.536730835934e+02 
       7.008026104164e-01       1.521236908232e+02 
       7.040035755795e-01       1.505959249263e+02 
       7.072045408018e-01       1.490889370909e+02 
       7.104055060826e-01       1.476025004727e+02 
       7.136064714209e-01       1.461367209335e+02 
       7.168074368161e-01       1.446916452265e+02 
       7.200084022675e-01       1.432668163066e+02 
       7.232093677741e-01       1.418619401173e+02 
       7.264103333354e-01       1.404759164062e+02 
       7.296112989506e-01       1.391079148708e+02 
       7.328122646189e-01       1.377572820788e+02 
       7.360132303397e-01       1.364242270374e+02 
       7.392141961124e-01       1.351089800285e+02 
       7.424151619362e-01       1.338118386349e+02 
       7.456161278104e-01       1.325328406542e+02 
       7.488170937345e-01       1.312713915454e+02 
       7.520180597078e-01       1.300267939850e+02 
       8.219627229149e-01       1.064884495472e+02 
       9.233145979396e-01       8.178493544623e+01 
       1.084581384804e+00       5.647167587759e+01 
       1.339181914725e+00       3.448330140314e+01 
       1.683839062798e+00       1.999039105487e+01 
       2.119792871339e+00       1.145121428415e+01 
       2.668661001645e+00       6.506059847176e+00 
       3.359645150386e+00       3.669253004611e+00 
       4.229542654431e+00       2.055480820228e+00 
       5.324678727931e+00       1.144436997617e+00 
       6.703373360232e+00       6.336401474649e-01 
       8.439047067940e+00       3.490286456776e-01 
       1.062413080516e+01       1.913505543530e-01 
       1.337498824884e+01       1.044482771304e-01 
       1.683811258891e+01       5.678123488517e-02 
       2.119792782483e+01       3.075045242525e-02 
       2.668661001606e+01       1.659289161061e-02 
       3.359645150386e+01       8.922049025016e-03 
       4.229542654431e+01       4.780605607826e-03 
       5.324678727931e+01       2.552244559285e-03 
       6.703373360232e+01       1.357170631026e-03 
       8.439047067940e+01       7.183710189758e-04 
       1.062413080516e+02       3.780785934859e-04 
