# Matter power spectrum P(k) at redshift z=0
# for k=1.04542e-05 to 105.822 h/Mpc,
# number of wavenumbers equal to 622
#    1:k (h/Mpc)              2:P (Mpc/h)^3        
       1.045418262939e-05       4.787091883409e+01 
       2.335860328868e-05       1.040807052015e+02 
       3.630853039503e-05       1.593751234115e+02 
       4.933893410090e-05       2.143229435109e+02 
       6.248536470749e-05       2.692521834490e+02 
       7.578427080856e-05       3.244114100227e+02 
       8.927332763768e-05       3.800149514009e+02 
       1.029917800011e-04       4.362615319890e+02 
       1.169808042116e-04       4.933438425600e+02 
       1.312838934717e-04       5.514544042481e+02 
       1.459472711623e-04       6.107895947029e+02 
       1.610203364278e-04       6.715530142332e+02 
       1.765561462674e-04       7.339581373058e+02 
       1.926119379629e-04       7.982309211590e+02 
       2.092496949961e-04       8.646122746538e+02 
       2.265367585070e-04       9.333604851499e+02 
       2.445464846379e-04       1.004753737646e+03 
       2.633589455736e-04       1.079092547921e+03 
       2.830616684515e-04       1.156702357711e+03 
       3.037504012334e-04       1.237935810847e+03 
       3.255298877210e-04       1.323175405717e+03 
       3.485146247459e-04       1.412835378619e+03 
       3.728295627915e-04       1.507363569463e+03 
       3.986106966566e-04       1.607242451355e+03 
       4.260054752815e-04       1.712989288484e+03 
       4.551729401028e-04       1.825155297493e+03 
       4.862834806918e-04       1.944322706246e+03 
       5.195180776284e-04       2.071100194892e+03 
       5.550668898224e-04       2.206114607885e+03 
       5.931270428707e-04       2.350001351644e+03 
       6.338994941035e-04       2.503389212961e+03 
       6.775848967971e-04       2.666883108447e+03 
       7.243784670059e-04       2.841042832013e+03 
       7.744639730445e-04       3.026358811116e+03 
       8.280071124570e-04       3.223227035602e+03 
       8.851486951564e-04       3.431923753286e+03 
       9.459981833268e-04       3.652582678932e+03 
       1.010628211044e-03       3.885177847181e+03 
       1.079070685805e-03       4.129512707641e+03 
       1.151314944282e-03       4.385219052522e+03 
       1.227308207694e-03       4.651764222391e+03 
       1.306958299893e-03       4.928469172855e+03 
       1.390138313747e-03       5.214507787671e+03 
       1.476692698237e-03       5.508989890556e+03 
       1.566444129245e-03       5.810971595978e+03 
       1.659200529924e-03       6.119461360268e+03 
       1.754761701761e-03       6.433462423763e+03 
       1.852925177565e-03       6.751997033202e+03 
       1.953491072684e-03       7.074124065834e+03 
       2.056265859317e-03       7.398954206701e+03 
       2.161065102644e-03       7.725657676141e+03 
       2.267715271487e-03       8.053471627342e+03 
       2.376054773992e-03       8.381700168973e+03 
       2.485934378731e-03       8.709716420136e+03 
       2.597217172996e-03       9.036957581257e+03 
       2.709778191077e-03       9.362924008150e+03 
       2.823503822130e-03       9.687172189544e+03 
       2.938291083954e-03       1.000931384835e+04 
       3.054046827858e-03       1.032900736101e+04 
       3.170686921904e-03       1.064595613746e+04 
       3.288135445391e-03       1.095990131329e+04 
       3.406323916245e-03       1.127062097646e+04 
       3.525190564580e-03       1.157792188810e+04 
       3.644679659634e-03       1.188164135023e+04 
       3.764740892929e-03       1.218163887304e+04 
       3.885328817643e-03       1.247779807564e+04 
       4.006402342234e-03       1.277001975728e+04 
       4.127924275230e-03       1.305822443238e+04 
       4.249860917458e-03       1.334234132102e+04 
       4.372181697692e-03       1.362232364769e+04 
       4.494858847709e-03       1.389812701420e+04 
       4.617867112830e-03       1.416972361795e+04 
       4.741183494266e-03       1.443707930153e+04 
       4.864787019840e-03       1.470018253429e+04 
       4.988658539983e-03       1.495904311667e+04 
       5.112780546146e-03       1.521369514259e+04 
       5.237137009110e-03       1.546405353839e+04 
       5.361713234917e-03       1.571015866289e+04 
       5.486495736389e-03       1.595209777991e+04 
       5.611472118467e-03       1.618975114054e+04 
       5.736630975765e-03       1.642330240649e+04 
       5.861961800952e-03       1.665266596963e+04 
       5.987454902718e-03       1.687787463845e+04 
       6.113101332243e-03       1.709893442193e+04 
       6.238892817206e-03       1.731596255366e+04 
       6.364821702491e-03       1.752890554435e+04 
       6.490880896844e-03       1.773784413825e+04 
       6.617063824819e-03       1.794277411094e+04 
       6.743364383447e-03       1.814377708729e+04 
       6.869776903107e-03       1.834086128041e+04 
       6.996296112144e-03       1.853406436993e+04 
       7.122917104849e-03       1.872341678984e+04 
       7.249635312434e-03       1.890896055507e+04 
       7.376446476696e-03       1.909073392847e+04 
       7.503346626098e-03       1.926878089270e+04 
       7.630332054000e-03       1.944313524941e+04 
       7.757399298856e-03       1.961382709155e+04 
       7.884545126146e-03       1.978091496847e+04 
       8.011766511895e-03       1.994442497099e+04 
       8.139060627618e-03       2.010438610692e+04 
       8.266424826544e-03       2.026084427434e+04 
       8.393856631016e-03       2.041384453358e+04 
       8.521353720931e-03       2.056344066132e+04 
       8.648913923150e-03       2.070964270000e+04 
       8.776535201759e-03       2.085249409102e+04 
       8.904215649136e-03       2.099204089769e+04 
       9.031953477718e-03       2.112831565497e+04 
       9.159747012431e-03       2.126135980891e+04 
       9.287594683714e-03       2.139120898604e+04 
       9.415495021078e-03       2.151789655359e+04 
       9.543446647172e-03       2.164145706517e+04 
       9.671448272297e-03       2.176193434476e+04 
       9.799498689331e-03       2.187935781997e+04 
       9.927596769045e-03       2.199376316788e+04 
       1.005574145576e-02       2.210517781355e+04 
       1.018393176333e-02       2.221364946285e+04 
       1.031216677140e-02       2.231920263733e+04 
       1.044044562199e-02       2.242187964545e+04 
       1.056876751625e-02       2.252170587885e+04 
       1.069713171149e-02       2.261871963452e+04 
       1.082553751847e-02       2.271294501077e+04 
       1.095398429877e-02       2.280443052867e+04 
       1.108247146241e-02       2.289319386632e+04 
       1.121099846571e-02       2.297927247807e+04 
       1.133956480914e-02       2.306270082772e+04 
       1.146817003544e-02       2.314350212606e+04 
       1.159681372786e-02       2.322171939807e+04 
       1.172549550846e-02       2.329737202035e+04 
       1.185421503660e-02       2.337049403879e+04 
       1.198297200749e-02       2.344111527543e+04 
       1.211176615088e-02       2.350926844387e+04 
       1.224059722977e-02       2.357497798540e+04 
       1.236946503933e-02       2.363828270739e+04 
       1.249836940575e-02       2.369920356835e+04 
       1.262731018532e-02       2.375777559181e+04 
       1.275628726344e-02       2.381402529366e+04 
       1.288530055381e-02       2.386797842664e+04 
       1.301434999764e-02       2.391967170083e+04 
       1.314343556287e-02       2.396911721970e+04 
       1.327255724355e-02       2.401636304331e+04 
       1.340171505916e-02       2.406140486843e+04 
       1.353090905407e-02       2.410430015660e+04 
       1.366013929703e-02       2.414505573564e+04 
       1.378940588060e-02       2.418372525004e+04 
       1.391870892082e-02       2.422029827603e+04 
       1.404804855670e-02       2.425482737587e+04 
       1.417742494994e-02       2.428732646677e+04 
       1.430683828452e-02       2.431782327285e+04 
       1.443628876648e-02       2.434634133181e+04 
       1.456577662360e-02       2.437291889939e+04 
       1.469530210519e-02       2.439756281288e+04 
       1.482486548187e-02       2.442031099594e+04 
       1.495446704540e-02       2.444117171920e+04 
       1.508410710854e-02       2.446019100177e+04 
       1.521378600493e-02       2.447737790966e+04 
       1.534350408896e-02       2.449277667718e+04 
       1.547326173571e-02       2.450636023473e+04 
       1.560305934094e-02       2.451820998117e+04 
       1.573289732097e-02       2.452832133780e+04 
       1.586277611277e-02       2.453672445604e+04 
       1.599269617391e-02       2.454344570149e+04 
       1.612265798261e-02       2.454849179365e+04 
       1.625266203780e-02       2.455189981870e+04 
       1.638270885919e-02       2.455368041850e+04 
       1.651279898737e-02       2.455387968237e+04 
       1.664293298389e-02       2.455248910174e+04 
       1.677311143142e-02       2.454956069780e+04 
       1.690333493390e-02       2.454509123796e+04 
       1.703360411666e-02       2.453910762623e+04 
       1.716391962667e-02       2.453163832435e+04 
       1.729428213266e-02       2.452270698399e+04 
       1.742469232541e-02       2.451231093550e+04 
       1.755515091792e-02       2.450050616653e+04 
       1.768565864572e-02       2.448729252272e+04 
       1.781621626708e-02       2.447270000955e+04 
       1.794682456331e-02       2.445673539502e+04 
       1.807748433910e-02       2.443942087744e+04 
       1.820819642278e-02       2.442079978851e+04 
       1.833896166665e-02       2.440086418274e+04 
       1.846978094740e-02       2.437965785176e+04 
       1.860065516641e-02       2.435717468837e+04 
       1.873158525014e-02       2.433345252302e+04 
       1.886257215055e-02       2.430849054426e+04 
       1.899361684551e-02       2.428232939526e+04 
       1.912472033925e-02       2.425497947979e+04 
       1.925588366277e-02       2.422645672037e+04 
       1.938710787435e-02       2.419681164748e+04 
       1.951839406003e-02       2.416600915822e+04 
       1.964974333409e-02       2.413406831929e+04 
       1.978115683961e-02       2.410111002097e+04 
       1.991263574900e-02       2.406701773976e+04 
       2.004418126456e-02       2.403185856203e+04 
       2.017579461907e-02       2.399568894138e+04 
       2.030747707637e-02       2.395849927913e+04 
       2.043922993203e-02       2.392027651112e+04 
       2.057105451395e-02       2.388109500826e+04 
       2.070295218305e-02       2.384092113998e+04 
       2.083492433393e-02       2.379984328728e+04 
       2.096697239564e-02       2.375774142328e+04 
       2.109909783234e-02       2.371478797809e+04 
       2.123130214411e-02       2.367092563325e+04 
       2.136358686770e-02       2.362617388008e+04 
       2.149595357736e-02       2.358050864392e+04 
       2.162840388566e-02       2.353404844553e+04 
       2.176093944434e-02       2.348673072405e+04 
       2.189356194520e-02       2.343858917374e+04 
       2.202627312104e-02       2.338965550077e+04 
       2.215907474655e-02       2.333990941686e+04 
       2.229196863932e-02       2.328938989438e+04 
       2.242495666083e-02       2.323810398034e+04 
       2.255804071748e-02       2.318610901935e+04 
       2.269122276166e-02       2.313337837669e+04 
       2.282450479284e-02       2.307993242049e+04 
       2.295788885870e-02       2.302576331776e+04 
       2.309137705632e-02       2.297090637611e+04 
       2.322497153336e-02       2.291542000476e+04 
       2.335867448930e-02       2.285927153556e+04 
       2.349248817677e-02       2.280248994748e+04 
       2.362641490279e-02       2.274502175224e+04 
       2.376045703020e-02       2.268700037347e+04 
       2.389461697906e-02       2.262842036831e+04 
       2.402889722805e-02       2.256914841785e+04 
       2.416330031604e-02       2.250938621627e+04 
       2.429782884358e-02       2.244902791926e+04 
       2.443248547454e-02       2.238812470502e+04 
       2.456727293771e-02       2.232669710306e+04 
       2.470219402854e-02       2.226484305135e+04 
       2.483725161090e-02       2.220235644881e+04 
       2.497244861885e-02       2.213943288918e+04 
       2.510778805855e-02       2.207599665253e+04 
       2.524327301021e-02       2.201210991008e+04 
       2.537890663005e-02       2.194771421854e+04 
       2.551469215237e-02       2.188301096183e+04 
       2.565063289175e-02       2.181779031619e+04 
       2.578673224517e-02       2.175213642814e+04 
       2.592299369435e-02       2.168607533738e+04 
       2.605942080811e-02       2.161968264079e+04 
       2.619601724479e-02       2.155285873468e+04 
       2.633278675479e-02       2.148564859221e+04 
       2.646973318320e-02       2.141813778964e+04 
       2.660686047247e-02       2.135015052449e+04 
       2.674417266525e-02       2.128196162836e+04 
       2.688167390730e-02       2.121336019227e+04 
       2.701936845043e-02       2.114449053653e+04 
       2.715726065571e-02       2.107531138495e+04 
       2.729535499661e-02       2.100576791317e+04 
       2.743365606240e-02       2.093602603476e+04 
       2.757216856159e-02       2.086593658037e+04 
       2.771089732554e-02       2.079561175086e+04 
       2.784984731217e-02       2.072503876364e+04 
       2.798902360985e-02       2.065420721956e+04 
       2.812843144142e-02       2.058306963169e+04 
       2.826807616832e-02       2.051179192837e+04 
       2.840796329494e-02       2.044025696003e+04 
       2.854809847315e-02       2.036854334245e+04 
       2.868848750690e-02       2.029656481715e+04 
       2.882913635710e-02       2.022444618068e+04 
       2.897005114670e-02       2.015210490017e+04 
       2.911123816588e-02       2.007961571760e+04 
       2.925270387754e-02       2.000691747814e+04 
       2.939445492296e-02       1.993409267947e+04 
       2.953649812770e-02       1.986114168026e+04 
       2.967884050777e-02       1.978797875150e+04 
       2.982148927604e-02       1.971472080957e+04 
       2.996445184885e-02       1.964134257479e+04 
       3.010773585306e-02       1.956778694895e+04 
       3.025134913322e-02       1.949413375960e+04 
       3.039529975916e-02       1.942041583187e+04 
       3.053959603387e-02       1.934655319089e+04 
       3.068424650175e-02       1.927257416887e+04 
       3.082925995716e-02       1.919855686781e+04 
       3.097464545344e-02       1.912443426774e+04 
       3.112041231224e-02       1.905024156733e+04 
       3.126657013337e-02       1.897600509210e+04 
       3.141312880500e-02       1.890162466733e+04 
       3.156009851439e-02       1.882731185296e+04 
       3.170748975911e-02       1.875286599883e+04 
       3.185531335880e-02       1.867834156941e+04 
       3.200358046740e-02       1.860384975005e+04 
       3.215230258611e-02       1.852924601115e+04 
       3.230149157685e-02       1.845467266008e+04 
       3.245115967643e-02       1.838005260803e+04 
       3.260131951142e-02       1.830540644968e+04 
       3.275198411371e-02       1.823074415733e+04 
       3.290316693692e-02       1.815606703936e+04 
       3.305488187362e-02       1.808137316539e+04 
       3.320714327336e-02       1.800675076791e+04 
       3.335996596175e-02       1.793200631093e+04 
       3.351336526045e-02       1.785736514179e+04 
       3.366735700824e-02       1.778265571940e+04 
       3.382195758322e-02       1.770802337663e+04 
       3.397718392618e-02       1.763341184773e+04 
       3.413305356533e-02       1.755875693700e+04 
       3.428958464222e-02       1.748419170830e+04 
       3.444679593932e-02       1.740955784382e+04 
       3.460470690896e-02       1.733502238893e+04 
       3.476333770403e-02       1.726048513800e+04 
       3.492270921039e-02       1.718601249106e+04 
       3.508284308125e-02       1.711157780716e+04 
       3.524376177344e-02       1.703717089807e+04 
       3.540548858595e-02       1.696275830525e+04 
       3.556804770076e-02       1.688846879280e+04 
       3.573146422615e-02       1.681413246794e+04 
       3.589576424269e-02       1.673985071549e+04 
       3.606097485210e-02       1.666565518092e+04 
       3.622712422920e-02       1.659147764029e+04 
       3.639424167719e-02       1.651734450650e+04 
       3.656235768651e-02       1.644331120531e+04 
       3.673150399756e-02       1.636925463246e+04 
       3.690171366758e-02       1.629524923888e+04 
       3.707302114210e-02       1.622131736619e+04 
       3.724546233115e-02       1.614742488027e+04 
       3.741907469083e-02       1.607353688923e+04 
       3.759389731058e-02       1.599978906837e+04 
       3.776997100665e-02       1.592601821235e+04 
       3.794733842225e-02       1.585235293782e+04 
       3.812604413510e-02       1.577865212541e+04 
       3.830613477288e-02       1.570502126970e+04 
       3.848765913740e-02       1.563141311578e+04 
       3.867066833821e-02       1.555785097470e+04 
       3.885521593652e-02       1.548437265104e+04 
       3.904135810050e-02       1.541086931750e+04 
       3.922915377290e-02       1.533741632354e+04 
       3.941866485222e-02       1.526398180046e+04 
       3.960995638883e-02       1.519058122373e+04 
       3.980309679743e-02       1.511720116387e+04 
       3.999815808755e-02       1.504381623923e+04 
       4.019521611393e-02       1.497043921221e+04 
       4.039435084882e-02       1.489705390174e+04 
       4.059564667859e-02       1.482371486952e+04 
       4.079919272720e-02       1.475034731307e+04 
       4.100508320953e-02       1.467694805904e+04 
       4.121341781782e-02       1.460359404140e+04 
       4.142430214510e-02       1.453011201259e+04 
       4.163784814973e-02       1.445667286548e+04 
       4.185417466599e-02       1.438316258141e+04 
       4.207340796622e-02       1.430962680220e+04 
       4.229568238073e-02       1.423601583968e+04 
       4.252114098273e-02       1.416233272538e+04 
       4.274993634649e-02       1.408856036107e+04 
       4.298223138817e-02       1.401471737169e+04 
       4.321820030026e-02       1.394073867658e+04 
       4.345802959216e-02       1.386673021817e+04 
       4.370191925148e-02       1.379251354187e+04 
       4.395008404302e-02       1.371819393337e+04 
       4.420275496505e-02       1.364367106992e+04 
       4.446018088593e-02       1.356897793501e+04 
       4.472263038811e-02       1.349408479071e+04 
       4.499039385099e-02       1.341911520736e+04 
       4.526378581022e-02       1.334372986948e+04 
       4.554314763749e-02       1.326823383066e+04 
       4.582885059338e-02       1.319235675006e+04 
       4.612129931582e-02       1.311619194223e+04 
       4.642093581897e-02       1.303968378182e+04 
       4.672824409236e-02       1.296281303409e+04 
       4.704375540879e-02       1.288555951704e+04 
       4.736805447186e-02       1.280783323682e+04 
       4.770178656291e-02       1.272965822127e+04 
       4.804566588174e-02       1.265094258427e+04 
       4.840048531986e-02       1.257165353458e+04 
       4.876712796010e-02       1.249173906800e+04 
       4.914658066607e-02       1.241113758853e+04 
       4.953995021280e-02       1.232973384716e+04 
       4.994848252165e-02       1.224753810105e+04 
       5.037358570455e-02       1.216440612296e+04 
       5.081685780346e-02       1.208021386153e+04 
       5.128012034171e-02       1.199485675367e+04 
       5.176545909742e-02       1.190828603255e+04 
       5.227527388128e-02       1.182019361196e+04 
       5.281233956814e-02       1.173055221876e+04 
       5.337988120946e-02       1.163903524823e+04 
       5.398166674606e-02       1.154538551048e+04 
       5.462212162929e-02       1.144927667796e+04 
       5.530647046250e-02       1.135029633809e+04 
       5.604091138827e-02       1.124798287446e+04 
       5.683282890674e-02       1.114166016083e+04 
       5.769104914709e-02       1.103043203708e+04 
       5.862613642046e-02       1.091329586863e+04 
       5.965071758088e-02       1.078874283113e+04 
       6.077979508528e-02       1.065487646345e+04 
       6.203096103787e-02       1.050917992190e+04 
       6.342434147505e-02       1.034804877777e+04 
       6.498197923251e-02       1.016704155415e+04 
       6.672623892145e-02       9.960402298741e+03 
       6.867681707488e-02       9.721268088424e+03 
       7.084632698763e-02       9.442520254869e+03 
       7.323543918924e-02       9.118329403925e+03 
       7.582984223696e-02       8.746568074775e+03 
       7.860144804793e-02       8.330930303975e+03 
       8.151410279397e-02       7.881827518857e+03 
       8.453103156262e-02       7.415064599173e+03 
       8.762049711148e-02       6.949103335675e+03 
       9.075815900789e-02       6.501799172310e+03 
       9.392682800917e-02       6.088078184421e+03 
       9.711502095971e-02       5.718495967240e+03 
       1.003153391883e-01       5.398686709625e+03 
       1.035231239539e-01       5.129711673051e+03 
       1.067354834884e-01       4.908690298355e+03 
       1.099506385379e-01       4.729684701011e+03 
       1.131675001639e-01       4.584603322700e+03 
       1.163854039945e-01       4.464141777344e+03 
       1.196039453880e-01       4.358618620293e+03 
       1.228228780838e-01       4.258848920696e+03 
       1.260420522203e-01       4.156929948132e+03 
       1.292613765467e-01       4.046880437943e+03 
       1.324807954305e-01       3.925078071888e+03 
       1.357002748824e-01       3.790399138256e+03 
       1.389197940671e-01       3.644048677290e+03 
       1.421393401494e-01       3.489101194722e+03 
       1.453589051636e-01       3.329901504500e+03 
       1.485784841132e-01       3.171349650304e+03 
       1.517980738163e-01       3.018257894537e+03 
       1.550176722037e-01       2.874816357907e+03 
       1.582372778923e-01       2.744220884580e+03 
       1.614568899247e-01       2.628468948701e+03 
       1.646765076111e-01       2.528300097600e+03 
       1.678961304320e-01       2.443295749033e+03 
       1.711157579784e-01       2.372029037652e+03 
       1.743353899154e-01       2.312303729755e+03 
       1.775550259589e-01       2.261415583259e+03 
       1.807746658613e-01       2.216425275674e+03 
       1.839943094024e-01       2.174686932767e+03 
       1.872139563832e-01       2.133649124029e+03 
       1.904336066217e-01       2.090690654251e+03 
       1.936532599507e-01       2.044243423620e+03 
       1.968729162151e-01       1.993490588134e+03 
       2.000925752708e-01       1.938401460873e+03 
       2.033122369832e-01       1.879642990710e+03 
       2.065319012268e-01       1.818410722133e+03 
       2.097515678836e-01       1.756205330479e+03 
       2.129712368434e-01       1.694590089939e+03 
       2.161909080023e-01       1.634998751313e+03 
       2.194105812628e-01       1.578674833379e+03 
       2.226302565330e-01       1.526511918017e+03 
       2.258499337262e-01       1.479086891797e+03 
       2.290696127609e-01       1.436632527149e+03 
       2.322892935600e-01       1.399059085903e+03 
       2.355089760505e-01       1.365977385665e+03 
       2.387286601636e-01       1.336747161738e+03 
       2.419483458340e-01       1.310544769424e+03 
       2.451680330001e-01       1.286443596753e+03 
       2.483877216032e-01       1.263518434245e+03 
       2.516074115879e-01       1.240927713717e+03 
       2.548271029014e-01       1.217993538842e+03 
       2.580467954938e-01       1.194237775865e+03 
       2.612664893174e-01       1.169393282410e+03 
       2.644861843270e-01       1.143410759134e+03 
       2.677058804796e-01       1.116413418065e+03 
       2.709255777342e-01       1.088692555007e+03 
       2.741452760516e-01       1.060640610139e+03 
       2.773649753948e-01       1.032727379684e+03 
       2.805846757281e-01       1.005443321515e+03 
       2.838043770177e-01       9.792246024779e+02 
       2.870240792313e-01       9.544299925925e+02 
       2.902437823378e-01       9.312926904262e+02 
       2.934634863079e-01       9.099124834820e+02 
       2.966831911131e-01       8.902644439456e+02 
       2.999028967264e-01       8.722161404407e+02 
       3.031226031221e-01       8.555620850493e+02 
       3.063423102752e-01       8.400497632985e+02 
       3.095620181620e-01       8.254056161084e+02 
       3.127817267597e-01       8.113494874549e+02 
       3.160014360466e-01       7.976193107343e+02 
       3.192211460016e-01       7.839829052765e+02 
       3.224408566046e-01       7.702638960270e+02 
       3.256605678363e-01       7.563479550872e+02 
       3.288802796782e-01       7.421915070081e+02 
       3.320999921125e-01       7.278234376326e+02 
       3.353197051219e-01       7.133278299156e+02 
       3.385394186899e-01       6.988243876261e+02 
       3.417591328009e-01       6.844504188248e+02 
       3.449788474394e-01       6.703375776322e+02 
       3.481985625907e-01       6.566116517190e+02 
       3.514182782407e-01       6.433755367581e+02 
       3.546379943758e-01       6.307101052580e+02 
       3.578577109828e-01       6.186659794164e+02 
       3.610774280490e-01       6.072601895290e+02 
       3.642971455623e-01       5.964755407654e+02 
       3.675168635107e-01       5.862606900824e+02 
       3.707365818829e-01       5.765375368600e+02 
       3.739563006679e-01       5.672116824199e+02 
       3.771760198551e-01       5.581855852396e+02 
       3.803957394343e-01       5.493718605586e+02 
       3.836154593955e-01       5.406966356185e+02 
       3.868351797291e-01       5.321080376438e+02 
       3.900549004260e-01       5.235703240868e+02 
       3.932746214770e-01       5.150642136674e+02 
       3.964943428737e-01       5.065852522863e+02 
       3.997140646075e-01       4.981434110302e+02 
       4.029337866704e-01       4.897583514814e+02 
       4.061535090545e-01       4.814653371717e+02 
       4.093732317522e-01       4.733030248271e+02 
       4.125929547561e-01       4.653118791726e+02 
       4.158126780592e-01       4.575250311916e+02 
       4.190324016544e-01       4.499676274305e+02 
       4.222521255350e-01       4.426519879062e+02 
       4.254718496947e-01       4.355806966256e+02 
       4.286915741270e-01       4.287496653418e+02 
       4.319112988258e-01       4.221483286711e+02 
       4.351310237852e-01       4.157638170635e+02 
       4.383507489994e-01       4.095796629113e+02 
       4.415704744629e-01       4.035747937620e+02 
       4.447902001701e-01       3.977242541724e+02 
       4.480099261159e-01       3.920022243099e+02 
       4.512296522951e-01       3.863818957802e+02 
       4.544493787027e-01       3.808426610620e+02 
       4.576691053339e-01       3.753702949957e+02 
       4.608888321840e-01       3.699579921219e+02 
       4.641085592484e-01       3.646049794289e+02 
       4.673282865227e-01       3.593145437737e+02 
       4.705480140025e-01       3.540917518705e+02 
       4.737677416836e-01       3.489427364654e+02 
       4.769874695620e-01       3.438745969167e+02 
       4.802071976337e-01       3.388968273635e+02 
       4.834269258948e-01       3.340195649708e+02 
       4.866466543415e-01       3.292532573330e+02 
       4.898663829701e-01       3.246059504112e+02 
       4.930861117771e-01       3.200819663116e+02 
       4.963058407590e-01       3.156797069722e+02 
       4.995255699124e-01       3.113933186167e+02 
       5.027452992340e-01       3.072134642674e+02 
       5.059650287206e-01       3.031296430273e+02 
       5.091847583690e-01       2.991324818927e+02 
       5.124044881761e-01       2.952134716004e+02 
       5.156242181391e-01       2.913656528985e+02 
       5.188439482549e-01       2.875824843105e+02 
       5.220636785208e-01       2.838575883200e+02 
       5.252834089340e-01       2.801850022230e+02 
       5.285031394917e-01       2.765609286427e+02 
       5.317228701914e-01       2.729838616764e+02 
       5.349426010304e-01       2.694554633888e+02 
       5.381623320064e-01       2.659796076467e+02 
       5.413820631167e-01       2.625603877732e+02 
       5.446017943590e-01       2.592010645329e+02 
       5.478215257311e-01       2.559040158829e+02 
       5.510412572305e-01       2.526691442437e+02 
       5.542609888551e-01       2.494954825906e+02 
       5.574807206027e-01       2.463824123626e+02 
       5.607004524712e-01       2.433292527582e+02 
       5.639201844585e-01       2.403362865282e+02 
       5.671399165626e-01       2.374026386234e+02 
       5.703596487815e-01       2.345267736413e+02 
       5.735793811132e-01       2.317056330966e+02 
       5.767991135559e-01       2.289351151333e+02 
       5.800188461077e-01       2.262111395022e+02 
       5.832385787668e-01       2.235303530938e+02 
       5.864583115314e-01       2.208908096374e+02 
       5.896780443997e-01       2.182917374296e+02 
       5.928977773702e-01       2.157326014120e+02 
       5.961175104411e-01       2.132128551306e+02 
       5.993372436109e-01       2.107310849943e+02 
       6.025569768778e-01       2.082858515783e+02 
       6.057767102404e-01       2.058757579769e+02 
       6.089964436972e-01       2.035006726271e+02 
       6.122161772466e-01       2.011600970131e+02 
       6.154359108872e-01       1.988576033961e+02 
       6.186556446176e-01       1.965934460613e+02 
       6.218753784364e-01       1.943681053794e+02 
       6.250951123421e-01       1.921810234575e+02 
       6.283148463336e-01       1.900315083255e+02 
       6.315345804094e-01       1.879163236359e+02 
       6.347543145682e-01       1.858349863934e+02 
       6.379740488088e-01       1.837867645035e+02 
       6.411937831301e-01       1.817713869081e+02 
       6.444135175306e-01       1.797885832207e+02 
       6.476332520094e-01       1.778374009144e+02 
       6.508529865651e-01       1.759165256956e+02 
       6.540727211967e-01       1.740235959366e+02 
       6.572924559031e-01       1.721573591338e+02 
       6.605121906831e-01       1.703167409500e+02 
       6.637319255357e-01       1.685015125546e+02 
       6.669516604598e-01       1.667121637237e+02 
       6.701713954545e-01       1.649491144817e+02 
       6.733911305186e-01       1.632123536973e+02 
       6.766108656511e-01       1.615012012384e+02 
       6.798306008512e-01       1.598146812752e+02 
       6.830503361179e-01       1.581518420535e+02 
       6.862700714501e-01       1.565123393127e+02 
       6.894898068471e-01       1.548962603484e+02 
       6.927095423078e-01       1.533040793636e+02 
       6.959292778314e-01       1.517361185726e+02 
       6.991490134171e-01       1.501920442656e+02 
       7.023687490639e-01       1.486711184110e+02 
       7.055884847711e-01       1.471720063958e+02 
       7.088082205378e-01       1.456936561501e+02 
       7.120279563632e-01       1.442354665022e+02 
       7.152476922465e-01       1.427972530614e+02 
       7.184674281869e-01       1.413790848417e+02 
       7.216871641837e-01       1.399809494828e+02 
       7.249069002360e-01       1.386026978788e+02 
       7.281266363433e-01       1.372434563185e+02 
       7.313463725047e-01       1.359022714954e+02 
       7.345661087195e-01       1.345783446153e+02 
       7.377858449871e-01       1.332713575453e+02 
       7.410055813067e-01       1.319814259758e+02 
       7.442253176776e-01       1.307089535782e+02 
       7.474450540993e-01       1.294541841114e+02 
       7.506647905710e-01       1.282168459598e+02 
       7.538845270921e-01       1.269964375231e+02 
       8.232840349569e-01       1.042008594847e+02 
       9.234274537452e-01       8.029165289500e+01 
       1.082278681982e+00       5.572521900468e+01 
       1.334167382076e+00       3.415816789711e+01 
       1.677196597674e+00       1.981283804936e+01 
       2.111422268351e+00       1.135040293897e+01 
       2.658122999469e+00       6.449186193045e+00 
       3.346378591635e+00       3.637358599229e+00 
       4.212841046493e+00       2.037729229332e+00 
       5.303652649280e+00       1.134606652934e+00 
       6.676903095508e+00       6.282235010426e-01 
       8.405722979022e+00       3.460591991706e-01 
       1.058217826279e+01       1.897303272609e-01 
       1.332217312717e+01       1.035678651524e-01 
       1.677162229011e+01       5.630434895516e-02 
       2.111422149803e+01       3.049311353477e-02 
       2.658122999412e+01       1.645454066630e-02 
       3.346378591635e+01       8.847952181661e-03 
       4.212841046493e+01       4.741036827555e-03 
       5.303652649280e+01       2.531224846258e-03 
       6.676903095508e+01       1.346051664387e-03 
       8.405722979022e+01       7.125239172335e-04 
       1.058217826279e+02       3.750270973813e-04 
