# Matter power spectrum P(k) at redshift z=0
# for k=1.05239e-05 to 107.805 h/Mpc,
# number of wavenumbers equal to 623
#    1:k (h/Mpc)              2:P (Mpc/h)^3        
       1.052390404073e-05       4.695130316639e+01 
       2.348362379891e-05       1.019522834810e+02 
       3.648950406411e-05       1.560608141147e+02 
       4.957696864784e-05       2.098338215829e+02 
       6.278203464046e-05       2.635933002362e+02 
       7.614163748988e-05       3.175836672592e+02 
       8.969396659995e-05       3.720159914650e+02 
       1.034788159622e-04       4.270861777118e+02 
       1.175379543692e-04       4.829843676604e+02 
       1.319155197903e-04       5.399006653308e+02 
       1.466584424979e-04       5.980292429012e+02 
       1.618169014590e-04       6.575714612599e+02 
       1.774448183157e-04       7.187386475541e+02 
       1.936003928714e-04       7.817545953733e+02 
       2.103466832851e-04       8.468581255316e+02 
       2.277522330073e-04       9.143054285550e+02 
       2.458917446871e-04       9.843725972066e+02 
       2.648467986014e-04       1.057358056802e+03 
       2.847066093131e-04       1.133585093214e+03 
       3.055688089015e-04       1.213404368492e+03 
       3.275402378102e-04       1.297196166623e+03 
       3.507377147132e-04       1.385372561855e+03 
       3.752887444007e-04       1.478379154953e+03 
       4.013321072969e-04       1.576695972101e+03 
       4.290182559159e-04       1.680837791369e+03 
       4.585094229885e-04       1.791352871570e+03 
       4.899793247392e-04       1.908820076711e+03 
       5.236123237737e-04       2.033843874500e+03 
       5.596019038630e-04       2.167046415950e+03 
       5.981483100854e-04       2.309056601103e+03 
       6.394552303158e-04       2.460495640082e+03 
       6.837254462740e-04       2.621958902807e+03 
       7.311554705114e-04       2.793994432119e+03 
       7.819293104283e-04       2.977078860289e+03 
       8.362116525945e-04       3.171592182423e+03 
       8.941409186219e-04       3.377792573195e+03 
       9.558227740153e-04       3.595794825576e+03 
       1.021324734446e-03       3.825553604332e+03 
       1.090672476545e-03       4.066854001396e+03 
       1.163848309649e-03       4.319311655468e+03 
       1.240792018347e-03       4.582381798145e+03 
       1.321403990468e-03       4.855377365910e+03 
       1.405550265331e-03       5.137466463956e+03 
       1.493068932506e-03       5.427769265109e+03 
       1.583777218088e-03       5.725347209362e+03 
       1.677478617175e-03       6.029222716802e+03 
       1.773969542664e-03       6.338417185021e+03 
       1.873045121325e-03       6.651973955714e+03 
       1.974503937590e-03       6.968974971737e+03 
       2.078151673213e-03       7.288554815631e+03 
       2.183803700743e-03       7.609908452947e+03 
       2.291286757332e-03       7.932296498094e+03 
       2.400439857851e-03       8.255046972191e+03 
       2.511114611862e-03       8.577553849129e+03 
       2.623175097168e-03       8.899274251771e+03 
       2.736497421664e-03       9.219727066260e+03 
       2.850969080966e-03       9.538485571296e+03 
       2.966488195518e-03       9.855175577066e+03 
       3.082962689767e-03       1.016946884135e+04 
       3.200309458314e-03       1.048107972473e+04 
       3.318453549838e-03       1.078975979892e+04 
       3.437327388786e-03       1.109529545064e+04 
       3.556870046742e-03       1.139750091508e+04 
       3.677026569612e-03       1.169621979402e+04 
       3.797747362709e-03       1.199131702223e+04 
       3.918987633089e-03       1.228268041995e+04 
       4.040706886790e-03       1.257021384098e+04 
       4.162868477539e-03       1.285384060562e+04 
       4.285439202996e-03       1.313349633015e+04 
       4.408388944383e-03       1.340912960711e+04 
       4.531690345355e-03       1.368070079136e+04 
       4.655318526165e-03       1.394818192195e+04 
       4.779250829383e-03       1.421153751161e+04 
       4.903466593759e-03       1.447076730329e+04 
       5.027946953072e-03       1.472586484118e+04 
       5.152674657176e-03       1.497687235167e+04 
       5.277633912690e-03       1.522369626890e+04 
       5.402810241081e-03       1.546639789413e+04 
       5.528190352147e-03       1.570502587138e+04 
       5.653762031111e-03       1.593951620870e+04 
       5.779514037764e-03       1.616999623470e+04 
       5.905436016274e-03       1.639639048684e+04 
       6.031518414443e-03       1.661876152240e+04 
       6.157752411333e-03       1.683708448221e+04 
       6.284129852314e-03       1.705147940315e+04 
       6.410643190710e-03       1.726190473008e+04 
       6.537285435297e-03       1.746842686349e+04 
       6.664050103011e-03       1.767104508917e+04 
       6.790931176303e-03       1.786983524371e+04 
       6.917923064622e-03       1.806480478980e+04 
       7.045020569598e-03       1.825599768295e+04 
       7.172218853518e-03       1.844343369831e+04 
       7.299513410760e-03       1.862715684191e+04 
       7.426900041868e-03       1.880720494370e+04 
       7.554374830001e-03       1.898361891307e+04 
       7.681934119511e-03       1.915643379794e+04 
       7.809574496434e-03       1.932566940940e+04 
       7.937292770710e-03       1.949139333375e+04 
       8.065085959952e-03       1.965362212880e+04 
       8.192951274618e-03       1.981238916170e+04 
       8.320886104448e-03       1.996773433953e+04 
       8.448888006053e-03       2.011971026045e+04 
       8.576954691531e-03       2.026834973857e+04 
       8.705084018032e-03       2.041367992133e+04 
       8.833273978172e-03       2.055573606025e+04 
       8.961522691226e-03       2.069456373437e+04 
       9.089828395020e-03       2.083019850674e+04 
       9.218189438475e-03       2.096267049983e+04 
       9.346604274729e-03       2.109200724228e+04 
       9.475071454795e-03       2.121826876924e+04 
       9.603589621714e-03       2.134146472015e+04 
       9.732157505142e-03       2.146164720849e+04 
       9.860773916360e-03       2.157884556583e+04 
       9.989437743647e-03       2.169308191484e+04 
       1.011814794801e-02       2.180440088310e+04 
       1.024690355921e-02       2.191283576668e+04 
       1.037570367211e-02       2.201841536762e+04 
       1.050454744323e-02       2.212116902940e+04 
       1.063343408767e-02       2.222114101382e+04 
       1.076236287606e-02       2.231835599270e+04 
       1.089133313196e-02       2.241284034937e+04 
       1.102034422926e-02       2.250463444131e+04 
       1.114939558982e-02       2.259376455722e+04 
       1.127848668135e-02       2.268026665346e+04 
       1.140761701532e-02       2.276416679936e+04 
       1.153678614512e-02       2.284548769758e+04 
       1.166599366424e-02       2.292428563862e+04 
       1.179523920473e-02       2.300055748220e+04 
       1.192452243557e-02       2.307435469994e+04 
       1.205384306137e-02       2.314569392225e+04 
       1.218320082095e-02       2.321461163542e+04 
       1.231259548622e-02       2.328114282815e+04 
       1.244202686096e-02       2.334529553462e+04 
       1.257149477983e-02       2.340711532647e+04 
       1.270099910733e-02       2.346662591801e+04 
       1.283053973696e-02       2.352386195778e+04 
       1.296011659033e-02       2.357883718134e+04 
       1.308972961639e-02       2.363158924737e+04 
       1.321937879071e-02       2.368214229426e+04 
       1.334906411483e-02       2.373052550570e+04 
       1.347878561564e-02       2.377675695676e+04 
       1.360854334479e-02       2.382086280798e+04 
       1.373833737819e-02       2.386287978884e+04 
       1.386816781555e-02       2.390282757718e+04 
       1.399803477992e-02       2.394072255959e+04 
       1.412793841730e-02       2.397660421078e+04 
       1.425787889628e-02       2.401049334752e+04 
       1.438785640775e-02       2.404240757132e+04 
       1.451787116455e-02       2.407239375241e+04 
       1.464792340126e-02       2.410043843201e+04 
       1.477801337397e-02       2.412659898352e+04 
       1.490814136006e-02       2.415088437549e+04 
       1.503830765803e-02       2.417332138693e+04 
       1.516851258740e-02       2.419394104601e+04 
       1.529875648853e-02       2.421274947248e+04 
       1.542903972256e-02       2.422978644343e+04 
       1.555936267136e-02       2.424506787073e+04 
       1.568972573745e-02       2.425861775502e+04 
       1.582012934400e-02       2.427046099048e+04 
       1.595057393479e-02       2.428061269095e+04 
       1.608105997428e-02       2.428910138214e+04 
       1.621158794762e-02       2.429595338609e+04 
       1.634215836072e-02       2.430118456528e+04 
       1.647277174030e-02       2.430481255796e+04 
       1.660342863404e-02       2.430685577646e+04 
       1.673412961064e-02       2.430735640494e+04 
       1.686487525998e-02       2.430632068344e+04 
       1.699566619329e-02       2.430377946367e+04 
       1.712650304328e-02       2.429974153977e+04 
       1.725738646435e-02       2.429422636129e+04 
       1.738831713278e-02       2.428727146396e+04 
       1.751929574698e-02       2.427887907004e+04 
       1.765032302770e-02       2.426907705266e+04 
       1.778139971827e-02       2.425788282873e+04 
       1.791252658491e-02       2.424533157673e+04 
       1.804370441701e-02       2.423142470688e+04 
       1.817493402740e-02       2.421619037195e+04 
       1.830621625271e-02       2.419963704327e+04 
       1.843755195369e-02       2.418181015183e+04 
       1.856894201556e-02       2.416270169734e+04 
       1.870038734839e-02       2.414233515913e+04 
       1.883188888748e-02       2.412075080418e+04 
       1.896344759380e-02       2.409793261267e+04 
       1.909506445434e-02       2.407395048926e+04 
       1.922674048263e-02       2.404876246846e+04 
       1.935847671913e-02       2.402243107753e+04 
       1.949027423176e-02       2.399493205688e+04 
       1.962213411636e-02       2.396636763973e+04 
       1.975405749721e-02       2.393665057125e+04 
       1.988604552757e-02       2.390584930633e+04 
       2.001809939022e-02       2.387400687668e+04 
       2.015022029803e-02       2.384109028228e+04 
       2.028240949454e-02       2.380716772517e+04 
       2.041466825461e-02       2.377219963528e+04 
       2.054699788499e-02       2.373625358808e+04 
       2.067939972503e-02       2.369930799887e+04 
       2.081187514729e-02       2.366141478498e+04 
       2.094442555831e-02       2.362253029050e+04 
       2.107705239925e-02       2.358276674604e+04 
       2.120975714669e-02       2.354209688196e+04 
       2.134254131337e-02       2.350048563309e+04 
       2.147540644897e-02       2.345797425175e+04 
       2.160835414094e-02       2.341467377230e+04 
       2.174138601533e-02       2.337045941362e+04 
       2.187450373767e-02       2.332543097085e+04 
       2.200770901385e-02       2.327958033277e+04 
       2.214100359104e-02       2.323295977311e+04 
       2.227438925865e-02       2.318550391193e+04 
       2.240786784930e-02       2.313726994995e+04 
       2.254144123985e-02       2.308833630900e+04 
       2.267511135241e-02       2.303860531873e+04 
       2.280888015544e-02       2.298814974313e+04 
       2.294274966485e-02       2.293703773234e+04 
       2.307672194515e-02       2.288515644530e+04 
       2.321079911061e-02       2.283265382107e+04 
       2.334498332650e-02       2.277940876564e+04 
       2.347927681033e-02       2.272558481799e+04 
       2.361368183314e-02       2.267105075228e+04 
       2.374820072085e-02       2.261589151844e+04 
       2.388283585561e-02       2.256019020744e+04 
       2.401758967725e-02       2.250379469426e+04 
       2.415246468473e-02       2.244685540057e+04 
       2.428746343765e-02       2.238935705527e+04 
       2.442258855781e-02       2.233129942072e+04 
       2.455784273085e-02       2.227267241498e+04 
       2.469322870787e-02       2.221350491200e+04 
       2.482874930716e-02       2.215387172295e+04 
       2.496440741599e-02       2.209365807770e+04 
       2.510020599245e-02       2.203293259826e+04 
       2.523614806728e-02       2.197178664099e+04 
       2.537223674592e-02       2.191017092978e+04 
       2.550847521044e-02       2.184807835330e+04 
       2.564486672166e-02       2.178549423589e+04 
       2.578141462136e-02       2.172250985848e+04 
       2.591812233440e-02       2.165910330021e+04 
       2.605499337113e-02       2.159528551363e+04 
       2.619203132972e-02       2.153108270174e+04 
       2.632923989864e-02       2.146646364408e+04 
       2.646662285922e-02       2.140147941142e+04 
       2.660418408827e-02       2.133609492147e+04 
       2.674192756084e-02       2.127038376585e+04 
       2.687985735303e-02       2.120426378286e+04 
       2.701797764493e-02       2.113787222696e+04 
       2.715629272368e-02       2.107113633294e+04 
       2.729480698654e-02       2.100406820697e+04 
       2.743352494425e-02       2.093674577499e+04 
       2.757245122433e-02       2.086907975842e+04 
       2.771159057462e-02       2.080113248593e+04 
       2.785094786688e-02       2.073291437410e+04 
       2.799052810059e-02       2.066440984975e+04 
       2.813033640686e-02       2.059567515774e+04 
       2.827037805244e-02       2.052667311905e+04 
       2.841065844397e-02       2.045744398130e+04 
       2.855118313236e-02       2.038800048872e+04 
       2.869195781728e-02       2.031825259338e+04 
       2.883298835193e-02       2.024841937852e+04 
       2.897428074791e-02       2.017829341831e+04 
       2.911584118033e-02       2.010796928357e+04 
       2.925767599311e-02       2.003748670899e+04 
       2.939979170447e-02       1.996682701944e+04 
       2.954219501271e-02       1.989601062538e+04 
       2.968489280212e-02       1.982500184136e+04 
       2.982789214925e-02       1.975377003978e+04 
       2.997120032935e-02       1.968248862246e+04 
       3.011482482313e-02       1.961103032953e+04 
       3.025877332376e-02       1.953945955673e+04 
       3.040305374426e-02       1.946774099790e+04 
       3.054767422505e-02       1.939588518851e+04 
       3.069264314201e-02       1.932395065559e+04 
       3.083796911475e-02       1.925187696684e+04 
       3.098366101530e-02       1.917971529365e+04 
       3.112972797722e-02       1.910744980769e+04 
       3.127617940503e-02       1.903509497070e+04 
       3.142302498415e-02       1.896264742861e+04 
       3.157027469125e-02       1.889020463446e+04 
       3.171793880510e-02       1.881754558824e+04 
       3.186602791790e-02       1.874498406024e+04 
       3.201455294717e-02       1.867225880905e+04 
       3.216352514816e-02       1.859953626238e+04 
       3.231295612691e-02       1.852673254134e+04 
       3.246285785390e-02       1.845386660935e+04 
       3.261324267840e-02       1.838099677868e+04 
       3.276412334345e-02       1.830811661524e+04 
       3.291551300170e-02       1.823515807396e+04 
       3.306742523197e-02       1.816214730058e+04 
       3.321987405662e-02       1.808917788799e+04 
       3.337287395992e-02       1.801618932690e+04 
       3.352643990727e-02       1.794313206214e+04 
       3.368058736548e-02       1.787004329222e+04 
       3.383533232406e-02       1.779701762172e+04 
       3.399069131776e-02       1.772402962180e+04 
       3.414668145020e-02       1.765097862862e+04 
       3.430332041886e-02       1.757794464886e+04 
       3.446062654147e-02       1.750490952413e+04 
       3.461861878378e-02       1.743192968306e+04 
       3.477731678898e-02       1.735889416039e+04 
       3.493674090879e-02       1.728591804529e+04 
       3.509691223626e-02       1.721292519455e+04 
       3.525785264061e-02       1.713998175029e+04 
       3.541958480403e-02       1.706705055058e+04 
       3.558213226067e-02       1.699414595991e+04 
       3.574551943808e-02       1.692130746543e+04 
       3.590977170108e-02       1.684847661171e+04 
       3.607491539840e-02       1.677558572100e+04 
       3.624097791218e-02       1.670283007681e+04 
       3.640798771072e-02       1.663003541247e+04 
       3.657597440445e-02       1.655728181688e+04 
       3.674496880570e-02       1.648458181584e+04 
       3.691500299229e-02       1.641191177945e+04 
       3.708611037539e-02       1.633929948606e+04 
       3.725832577197e-02       1.626667142834e+04 
       3.743168548221e-02       1.619409317981e+04 
       3.760622737222e-02       1.612156298087e+04 
       3.778199096265e-02       1.604898799585e+04 
       3.795901752357e-02       1.597656246553e+04 
       3.813735017615e-02       1.590405687902e+04 
       3.831703400188e-02       1.583164831389e+04 
       3.849811615983e-02       1.575922570206e+04 
       3.868064601275e-02       1.568685590878e+04 
       3.886467526283e-02       1.561448298777e+04 
       3.905025809796e-02       1.554212313240e+04 
       3.923745134953e-02       1.546980265502e+04 
       3.942631466278e-02       1.539749502867e+04 
       3.961691068107e-02       1.532519516603e+04 
       3.980930524521e-02       1.525288715361e+04 
       4.000356760961e-02       1.518055781683e+04 
       4.019977067671e-02       1.510829644433e+04 
       4.039799125172e-02       1.503596208713e+04 
       4.059831031974e-02       1.496361473382e+04 
       4.080081334768e-02       1.489130203172e+04 
       4.100559061355e-02       1.481897260709e+04 
       4.121273756630e-02       1.474654934850e+04 
       4.142235521940e-02       1.467410944744e+04 
       4.163455058222e-02       1.460162856368e+04 
       4.184943713349e-02       1.452910752951e+04 
       4.206713534171e-02       1.445656432235e+04 
       4.228777323831e-02       1.438389679222e+04 
       4.251148704990e-02       1.431113571552e+04 
       4.273842189703e-02       1.423834936279e+04 
       4.296873256786e-02       1.416540867839e+04 
       4.320258437652e-02       1.409240472885e+04 
       4.344015411723e-02       1.401920551168e+04 
       4.368163112726e-02       1.394594260056e+04 
       4.392721847357e-02       1.387248537474e+04 
       4.417713428056e-02       1.379885924127e+04 
       4.443161321925e-02       1.372509119772e+04 
       4.469090818145e-02       1.365110700647e+04 
       4.495529216683e-02       1.357689239669e+04 
       4.522506041536e-02       1.350246230499e+04 
       4.550053282375e-02       1.342772657108e+04 
       4.578205669141e-02       1.335277518385e+04 
       4.607000985019e-02       1.327748842948e+04 
       4.636480424235e-02       1.320178534274e+04 
       4.666689002418e-02       1.312578198274e+04 
       4.697676028813e-02       1.304937886539e+04 
       4.729495651552e-02       1.297253980919e+04 
       4.762207489562e-02       1.289522699569e+04 
       4.795877367610e-02       1.281736062067e+04 
       4.830578174679e-02       1.273896100980e+04 
       4.866390870405e-02       1.265992616240e+04 
       4.903405670078e-02       1.258025651574e+04 
       4.941723445957e-02       1.249981304340e+04 
       4.981457391805e-02       1.241854218474e+04 
       5.022735009185e-02       1.233643659233e+04 
       5.065700488888e-02       1.225326460248e+04 
       5.110517579713e-02       1.216903890813e+04 
       5.157373060877e-02       1.208357068566e+04 
       5.206480964959e-02       1.199674682015e+04 
       5.258087736995e-02       1.190838602025e+04 
       5.312478563939e-02       1.181829190930e+04 
       5.369985168480e-02       1.172625491270e+04 
       5.430995432499e-02       1.163195823390e+04 
       5.495965295635e-02       1.153509497100e+04 
       5.565433453986e-02       1.143513808164e+04 
       5.640039439366e-02       1.133168683092e+04 
       5.720545638195e-02       1.122396103234e+04 
       5.807863602687e-02       1.111110326048e+04 
       5.903084403178e-02       1.099196325900e+04 
       6.007511375564e-02       1.086505927791e+04 
       6.122690755943e-02       1.072835488505e+04 
       6.250430347532e-02       1.057915594346e+04 
       6.392787409018e-02       1.041383504160e+04 
       6.551994363509e-02       1.022776547394e+04 
       6.730279159398e-02       1.001507790145e+04 
       6.929541091144e-02       9.768916191099e+03 
       7.150890541237e-02       9.482377978632e+03 
       7.394171827618e-02       9.150180861370e+03 
       7.657711108879e-02       8.771074150536e+03 
       7.938514608143e-02       8.349811747046e+03 
       8.232893516020e-02       7.897657660431e+03 
       8.537204116058e-02       7.430818678597e+03 
       8.848367566459e-02       6.967538449599e+03 
       9.164057695129e-02       6.525164943797e+03 
       9.482648479576e-02       6.117828866198e+03 
       9.803060966640e-02       5.755211324976e+03 
       1.012460297615e-01       5.442193994048e+03 
       1.044683984099e-01       5.179244820177e+03 
       1.076950220672e-01       4.963009959441e+03 
       1.109242451351e-01       4.787280356594e+03 
       1.141550549741e-01       4.643843315181e+03 
       1.173868339812e-01       4.523383794192e+03 
       1.206192060684e-01       4.416395459330e+03 
       1.238519423682e-01       4.313941317528e+03 
       1.270849035995e-01       4.208495128103e+03 
       1.303180049437e-01       4.094483588635e+03 
       1.335511946783e-01       3.968710160037e+03 
       1.367844411911e-01       3.830432110598e+03 
       1.400177250934e-01       3.681152649139e+03 
       1.432510344308e-01       3.524124830300e+03 
       1.464843617754e-01       3.363743346590e+03 
       1.497177024598e-01       3.204864618101e+03 
       1.529510535041e-01       3.052164993826e+03 
       1.561844129643e-01       2.909647844103e+03 
       1.594177795352e-01       2.780296870389e+03 
       1.626511523087e-01       2.665894317528e+03 
       1.658845306267e-01       2.566990593974e+03 
       1.691179139903e-01       2.483004013004e+03 
       1.723513020050e-01       2.412386600048e+03 
       1.755846943455e-01       2.352870185185e+03 
       1.788180907351e-01       2.301718251193e+03 
       1.820514909317e-01       2.256007344703e+03 
       1.852848947196e-01       2.213225151299e+03 
       1.885183019034e-01       2.170731940435e+03 
       1.917517123043e-01       2.126122438963e+03 
       1.949851257577e-01       2.077929814847e+03 
       1.982185421110e-01       2.025473977501e+03 
       2.014519612222e-01       1.968846878061e+03 
       2.046853829588e-01       1.908782185109e+03 
       2.079188071970e-01       1.846537388745e+03 
       2.111522338206e-01       1.783611721053e+03 
       2.143856627208e-01       1.721537896028e+03 
       2.176190937952e-01       1.661738535715e+03 
       2.208525269476e-01       1.605367790353e+03 
       2.240859620874e-01       1.553276215042e+03 
       2.273193991291e-01       1.505972653610e+03 
       2.305528379921e-01       1.463633191344e+03 
       2.337862786004e-01       1.426118065468e+03 
       2.370197208820e-01       1.393000957071e+03 
       2.402531647689e-01       1.363610937732e+03 
       2.434866101967e-01       1.337107897486e+03 
       2.467200571045e-01       1.312568301224e+03 
       2.499535054344e-01       1.289078758657e+03 
       2.531869551316e-01       1.265828841476e+03 
       2.564204061441e-01       1.242170017273e+03 
       2.596538584225e-01       1.217662289808e+03 
       2.628873119196e-01       1.192082458268e+03 
       2.661207665909e-01       1.165400083499e+03 
       2.693542223938e-01       1.137770240072e+03 
       2.725876792878e-01       1.109497791320e+03 
       2.758211372343e-01       1.080988022612e+03 
       2.790545961965e-01       1.052719654718e+03 
       2.822880561393e-01       1.025152698210e+03 
       2.855215170291e-01       9.987297478332e+02 
       2.887549788341e-01       9.737775603790e+02 
       2.919884415236e-01       9.505123901190e+02 
       2.952219050685e-01       9.290115993090e+02 
       2.984553694406e-01       9.092300970381e+02 
       3.016888346134e-01       8.910243124518e+02 
       3.049223005613e-01       8.741789803761e+02 
       3.081557672596e-01       8.584366608169e+02 
       3.113892346849e-01       8.435235804560e+02 
       3.146227028147e-01       8.291626263412e+02 
       3.178561716273e-01       8.150963911985e+02 
       3.210896411020e-01       8.011036921543e+02 
       3.243231112190e-01       7.870164324674e+02 
       3.275565819591e-01       7.727336692779e+02 
       3.307900533039e-01       7.582212063624e+02 
       3.340235252358e-01       7.435207344407e+02 
       3.372569977378e-01       7.287180662744e+02 
       3.404904707937e-01       7.139383738515e+02 
       3.437239443877e-01       6.993174513830e+02 
       3.469574185046e-01       6.849879761184e+02 
       3.501908931300e-01       6.710704624353e+02 
       3.534243682499e-01       6.576626338705e+02 
       3.566578438506e-01       6.448386146343e+02 
       3.598913199193e-01       6.326451137480e+02 
       3.631247964432e-01       6.210909276428e+02 
       3.663582734105e-01       6.101570737637e+02 
       3.695917508092e-01       5.997849418467e+02 
       3.728252286282e-01       5.898944051296e+02 
       3.760587068567e-01       5.803901170779e+02 
       3.792921854839e-01       5.711754654985e+02 
       3.825256644999e-01       5.621647766903e+02 
       3.857591438948e-01       5.532881638719e+02 
       3.889926236591e-01       5.444950477919e+02 
       3.922261037836e-01       5.357539758436e+02 
       3.954595842595e-01       5.270474359587e+02 
       3.986930650782e-01       5.183748439984e+02 
       4.019265462313e-01       5.097457098099e+02 
       4.051600277109e-01       5.011849663714e+02 
       4.083935095092e-01       4.927256219691e+02 
       4.116269916185e-01       4.844086647310e+02 
       4.148604740316e-01       4.762706814264e+02 
       4.180939567415e-01       4.683467770052e+02 
       4.213274397413e-01       4.606581893862e+02 
       4.245609230242e-01       4.532165279632e+02 
       4.277944065840e-01       4.460220120964e+02 
       4.310278904143e-01       4.390688744837e+02 
       4.342613745090e-01       4.323459429160e+02 
       4.374948588623e-01       4.258398025893e+02 
       4.407283434685e-01       4.195330498781e+02 
       4.439618283220e-01       4.134040415885e+02 
       4.471953134174e-01       4.074279058096e+02 
       4.504287987496e-01       4.015779935852e+02 
       4.536622843133e-01       3.958294959678e+02 
       4.568957701038e-01       3.901623145131e+02 
       4.601292561161e-01       3.845631474907e+02 
       4.633627423457e-01       3.790261727076e+02 
       4.665962287880e-01       3.735517542462e+02 
       4.698297154386e-01       3.681433223832e+02 
       4.730632022932e-01       3.628058658984e+02 
       4.762966893476e-01       3.575462414212e+02 
       4.795301765978e-01       3.523717541069e+02 
       4.827636640399e-01       3.472912638086e+02 
       4.859971516699e-01       3.423151019815e+02 
       4.892306394842e-01       3.374529413007e+02 
       4.924641274792e-01       3.327126128550e+02 
       4.956976156512e-01       3.280972961288e+02 
       4.989311039968e-01       3.236049685622e+02 
       5.021645925126e-01       3.192288156054e+02 
       5.053980811954e-01       3.149598558008e+02 
       5.086315700420e-01       3.107869075680e+02 
       5.118650590493e-01       3.067008351839e+02 
       5.150985482142e-01       3.026934020680e+02 
       5.183320375338e-01       2.987576259676e+02 
       5.215655270051e-01       2.948871354705e+02 
       5.247990166255e-01       2.910754453291e+02 
       5.280325063920e-01       2.873175874613e+02 
       5.312659963021e-01       2.836093223822e+02 
       5.344994863531e-01       2.799495373425e+02 
       5.377329765425e-01       2.763405659343e+02 
       5.409664668678e-01       2.727857431566e+02 
       5.441999573266e-01       2.692896569029e+02 
       5.474334479165e-01       2.658557815235e+02 
       5.506669386351e-01       2.624854975805e+02 
       5.539004294803e-01       2.591788222228e+02 
       5.571339204497e-01       2.559345497103e+02 
       5.603674115413e-01       2.527525149404e+02 
       5.636009027530e-01       2.496315099234e+02 
       5.668343940826e-01       2.465712061063e+02 
       5.700678855282e-01       2.435715371993e+02 
       5.733013770878e-01       2.406302014100e+02 
       5.765348687595e-01       2.377441865795e+02 
       5.797683605414e-01       2.349093325723e+02 
       5.830018524316e-01       2.321215459200e+02 
       5.862353444284e-01       2.293775860751e+02 
       5.894688365300e-01       2.266756715492e+02 
       5.927023287346e-01       2.240151024303e+02 
       5.959358210407e-01       2.213954424244e+02 
       5.991693134465e-01       2.188158402429e+02 
       6.024028059505e-01       2.162752822723e+02 
       6.056362985510e-01       2.137720630288e+02 
       6.088697912465e-01       2.113050237560e+02 
       6.121032840356e-01       2.088739803064e+02 
       6.153367769167e-01       2.064794180771e+02 
       6.185702698883e-01       2.041228957995e+02 
       6.218037629492e-01       2.018048490697e+02 
       6.250372560978e-01       1.995274428857e+02 
       6.282707493329e-01       1.972889345127e+02 
       6.315042426530e-01       1.950878260621e+02 
       6.347377360570e-01       1.929234709445e+02 
       6.379712295434e-01       1.907926578871e+02 
       6.412047231111e-01       1.886956168519e+02 
       6.444382167589e-01       1.866320944463e+02 
       6.476717104854e-01       1.846016069192e+02 
       6.509052042897e-01       1.826034329234e+02 
       6.541386981704e-01       1.806357646548e+02 
       6.573721921265e-01       1.786969553674e+02 
       6.606056861569e-01       1.767853418525e+02 
       6.638391802604e-01       1.748998235570e+02 
       6.670726744361e-01       1.730403978414e+02 
       6.703061686828e-01       1.712075517797e+02 
       6.735396629995e-01       1.694015961867e+02 
       6.767731573853e-01       1.676224717591e+02 
       6.800066518391e-01       1.658695846375e+02 
       6.832401463599e-01       1.641419118568e+02 
       6.864736409469e-01       1.624384409149e+02 
       6.897071355991e-01       1.607589672778e+02 
       6.929406303156e-01       1.591033978631e+02 
       6.961741250954e-01       1.574723517350e+02 
       6.994076199378e-01       1.558659860934e+02 
       7.026411148417e-01       1.542840056038e+02 
       7.058746098065e-01       1.527256746338e+02 
       7.091081048312e-01       1.511895091541e+02 
       7.123415999150e-01       1.496746443080e+02 
       7.155750950572e-01       1.481802039124e+02 
       7.188085902568e-01       1.467062425583e+02 
       7.220420855133e-01       1.452528876577e+02 
       7.252755808258e-01       1.438200446111e+02 
       7.285090761935e-01       1.424074411614e+02 
       7.317425716157e-01       1.410140062070e+02 
       7.349760670918e-01       1.396392215764e+02 
       7.382095626209e-01       1.382821119341e+02 
       7.414430582024e-01       1.369423945052e+02 
       7.446765538357e-01       1.356201525360e+02 
       7.479100495199e-01       1.343158094103e+02 
       7.511435452546e-01       1.330294959823e+02 
       7.543770410390e-01       1.317610756274e+02 
       7.576105368725e-01       1.305099257549e+02 
       7.608440327544e-01       1.292752501448e+02 
       8.319484525729e-01       1.057903776192e+02 
       9.351793382422e-01       8.113413191613e+01 
       1.099660373256e+00       5.589765924930e+01 
       1.358781267068e+00       3.408075566118e+01 
       1.708625805690e+00       1.975603096466e+01 
       2.151000392107e+00       1.131837415036e+01 
       2.707948955307e+00       6.431353520724e+00 
       3.409105753635e+00       3.627445365276e+00 
       4.291809864745e+00       2.032263306499e+00 
       5.403068501317e+00       1.131608629793e+00 
       6.802060237972e+00       6.265843178342e-01 
       8.563286486138e+00       3.451665519358e-01 
       1.078053896587e+01       1.892455155338e-01 
       1.357189445697e+01       1.033053097249e-01 
       1.708600281807e+01       5.616305959505e-02 
       2.151000313366e+01       3.041720541540e-02 
       2.707948955274e+01       1.641384572458e-02 
       3.409105753635e+01       8.826193284306e-03 
       4.291809864745e+01       4.729460641507e-03 
       5.403068501317e+01       2.525042245408e-03 
       6.802060237972e+01       1.342769935616e-03 
       8.563286486138e+01       7.107848203512e-04 
       1.078053896587e+02       3.741058250956e-04 
