# Matter power spectrum P(k) at redshift z=0
# for k=1.05578e-05 to 107.394 h/Mpc,
# number of wavenumbers equal to 622
#    1:k (h/Mpc)              2:P (Mpc/h)^3        
       1.055778760927e-05       4.655181777971e+01 
       2.359456293992e-05       1.012312350827e+02 
       3.667824743851e-05       1.550238521590e+02 
       4.984490263509e-05       2.084859082052e+02 
       6.313120045079e-05       2.619394426194e+02 
       7.657475811892e-05       3.156292577884e+02 
       9.021448405784e-05       3.697670605339e+02 
       1.040909393991e-04       4.245495795887e+02 
       1.182467199095e-04       4.801679708949e+02 
       1.327268630792e-04       5.368135771195e+02 
       1.475792851512e-04       5.946819527536e+02 
       1.628552527892e-04       6.539761089175e+02 
       1.786098938664e-04       7.149092926613e+02 
       1.949027514218e-04       7.777075474726e+02 
       2.117983840528e-04       8.426122160071e+02 
       2.293670147563e-04       9.098824606503e+02 
       2.476852282780e-04       9.797976937106e+02 
       2.668367141491e-04       1.052660213600e+03 
       2.869130484421e-04       1.128797641795e+03 
       3.080145015012e-04       1.208565498470e+03 
       3.302508510535e-04       1.292349504512e+03 
       3.537421697339e-04       1.380567715848e+03 
       3.786195427621e-04       1.473672154777e+03 
       4.050256550468e-04       1.572149858889e+03 
       4.331151675090e-04       1.676522643955e+03 
       4.630547806904e-04       1.787346137519e+03 
       4.950228615743e-04       1.905205900548e+03 
       5.292084902923e-04       2.030712654488e+03 
       5.658097721735e-04       2.164493200145e+03 
       6.050312645449e-04       2.307179091111e+03 
       6.470803954473e-04       2.459391105381e+03 
       6.921628116644e-04       2.621720297337e+03 
       7.404766921153e-04       2.794705586129e+03 
       7.922061989761e-04       2.978808847365e+03 
       8.475144011679e-04       3.174389180690e+03 
       9.065361677599e-04       3.381677821754e+03 
       9.693716550976e-04       3.600757038662e+03 
       1.036081059581e-03       3.831543792878e+03 
       1.106681245827e-03       4.073783669330e+03 
       1.181144679530e-03       4.327050840572e+03 
       1.259400820881e-03       4.590761449252e+03 
       1.341339823203e-03       4.864192696131e+03 
       1.426818101166e-03       5.146475513596e+03 
       1.515665142836e-03       5.436718859495e+03 
       1.607690870801e-03       5.733960926780e+03 
       1.702692905549e-03       6.037214597519e+03 
       1.800463217438e-03       6.345498187280e+03 
       1.900793827804e-03       6.657857432067e+03 
       2.003481393805e-03       6.973382074396e+03 
       2.108330656988e-03       7.291217157216e+03 
       2.215156839021e-03       7.610572083390e+03 
       2.323787128821e-03       7.930723164980e+03 
       2.434061430581e-03       8.251014750256e+03 
       2.545832541907e-03       8.570857655204e+03 
       2.658965915393e-03       8.889726493305e+03 
       2.773339133460e-03       9.207155504003e+03 
       2.888841200686e-03       9.522734242309e+03 
       3.005371733699e-03       9.836103130297e+03 
       3.122840107600e-03       1.014694732767e+04 
       3.241164600624e-03       1.045499402652e+04 
       3.360271565082e-03       1.076000577362e+04 
       3.480094642331e-03       1.106177991818e+04 
       3.600574031920e-03       1.136014146624e+04 
       3.721655819674e-03       1.165494123751e+04 
       3.843291365754e-03       1.194605243576e+04 
       3.965436751299e-03       1.223337072740e+04 
       4.088052280710e-03       1.251680706250e+04 
       4.211102035779e-03       1.279628960319e+04 
       4.334553477426e-03       1.307176010510e+04 
       4.458377090725e-03       1.334317424580e+04 
       4.582546068949e-03       1.361049511159e+04 
       4.707036032613e-03       1.387369536668e+04 
       4.831824779741e-03       1.413274449776e+04 
       4.956892063914e-03       1.438766647408e+04 
       5.082219396977e-03       1.463844788990e+04 
       5.207789873582e-03       1.488504176512e+04 
       5.333588015064e-03       1.512758452041e+04 
       5.459599630414e-03       1.536590950836e+04 
       5.585811692357e-03       1.560019686039e+04 
       5.712212226801e-03       1.583032199129e+04 
       5.838790214096e-03       1.605642855529e+04 
       5.965535500747e-03       1.627846706268e+04 
       6.092438720386e-03       1.649648317563e+04 
       6.219491222937e-03       1.671046576864e+04 
       6.346685011056e-03       1.692052510279e+04 
       6.474012683018e-03       1.712661841770e+04 
       6.601467381345e-03       1.732881364770e+04 
       6.729042746524e-03       1.752714322008e+04 
       6.856732875269e-03       1.772165114152e+04 
       6.984532282835e-03       1.791235429546e+04 
       7.112435868932e-03       1.809928951589e+04 
       7.240438886881e-03       1.828248668538e+04 
       7.368536915645e-03       1.846200280930e+04 
       7.496725834461e-03       1.863785552508e+04 
       7.625001799774e-03       1.881010684526e+04 
       7.753361224275e-03       1.897876067693e+04 
       7.881800757796e-03       1.914388842747e+04 
       8.010317269898e-03       1.930550501666e+04 
       8.138907833979e-03       1.946367205668e+04 
       8.267569712753e-03       1.961839123013e+04 
       8.396300344970e-03       1.976972795922e+04 
       8.525097333248e-03       1.991771766813e+04 
       8.653958432934e-03       2.006239845089e+04 
       8.782881541875e-03       2.020380176357e+04 
       8.911864691027e-03       2.034194562130e+04 
       9.040906035827e-03       2.047691800367e+04 
       9.170003848247e-03       2.060871128124e+04 
       9.299156509486e-03       2.073736644093e+04 
       9.428362503233e-03       2.086293658523e+04 
       9.557620409449e-03       2.098544445812e+04 
       9.686928898634e-03       2.110492786441e+04 
       9.816286726525e-03       2.122141933097e+04 
       9.945692729202e-03       2.133495462661e+04 
       1.007514581855e-02       2.144556949373e+04 
       1.020464497809e-02       2.155328053073e+04 
       1.033418925904e-02       2.165816090987e+04 
       1.046377777679e-02       2.176021959856e+04 
       1.059340970749e-02       2.185947433566e+04 
       1.072308428502e-02       2.195597923573e+04 
       1.085280079807e-02       2.204976188531e+04 
       1.098255858749e-02       2.214085660854e+04 
       1.111235704380e-02       2.222928575742e+04 
       1.124219560490e-02       2.231508599398e+04 
       1.137207375394e-02       2.239829038576e+04 
       1.150199101728e-02       2.247893244104e+04 
       1.163194696271e-02       2.255703152682e+04 
       1.176194119768e-02       2.263263570860e+04 
       1.189197336770e-02       2.270574998482e+04 
       1.202204315488e-02       2.277642254200e+04 
       1.215215027653e-02       2.284468130387e+04 
       1.228229448387e-02       2.291054810195e+04 
       1.241247556085e-02       2.297405407059e+04 
       1.254269332300e-02       2.303522608520e+04 
       1.267294761645e-02       2.309409839627e+04 
       1.280323831696e-02       2.315070624636e+04 
       1.293356532900e-02       2.320505796677e+04 
       1.306392858495e-02       2.325719042542e+04 
       1.319432804434e-02       2.330713347048e+04 
       1.332476369315e-02       2.335491010519e+04 
       1.345523554316e-02       2.340054789505e+04 
       1.358574363131e-02       2.344406886766e+04 
       1.371628801921e-02       2.348550749096e+04 
       1.384686879262e-02       2.352488689375e+04 
       1.397748606095e-02       2.356222927757e+04 
       1.410813995687e-02       2.359755405019e+04 
       1.423883063593e-02       2.363090123932e+04 
       1.436955827619e-02       2.366228910435e+04 
       1.450032307794e-02       2.369173681689e+04 
       1.463112526338e-02       2.371928351059e+04 
       1.476196507643e-02       2.374493105523e+04 
       1.489284278244e-02       2.376872711565e+04 
       1.502375866807e-02       2.379068202905e+04 
       1.515471304109e-02       2.381081909281e+04 
       1.528570623025e-02       2.382916748664e+04 
       1.541673858518e-02       2.384575051251e+04 
       1.554781047631e-02       2.386058715438e+04 
       1.567892229480e-02       2.387370573884e+04 
       1.581007445251e-02       2.388512303671e+04 
       1.594126738195e-02       2.389486759923e+04 
       1.607250153634e-02       2.390295004843e+04 
       1.620377738961e-02       2.390941355969e+04 
       1.633509543644e-02       2.391426705562e+04 
       1.646645619232e-02       2.391753441461e+04 
       1.659786019368e-02       2.391920360711e+04 
       1.672930799793e-02       2.391937144050e+04 
       1.686080018362e-02       2.391799740115e+04 
       1.699233735059e-02       2.391512792885e+04 
       1.712392012010e-02       2.391076692789e+04 
       1.725554913503e-02       2.390494453851e+04 
       1.738722506004e-02       2.389769626081e+04 
       1.751894858184e-02       2.388903152568e+04 
       1.765072040933e-02       2.387896955615e+04 
       1.778254127394e-02       2.386749802694e+04 
       1.791441192983e-02       2.385471349081e+04 
       1.804633315416e-02       2.384055869860e+04 
       1.817830574744e-02       2.382509112861e+04 
       1.831033053380e-02       2.380833066585e+04 
       1.844240836130e-02       2.379028447484e+04 
       1.857454010233e-02       2.377096455985e+04 
       1.870672665394e-02       2.375043225983e+04 
       1.883896893820e-02       2.372867615415e+04 
       1.897126790263e-02       2.370568008133e+04 
       1.910362452059e-02       2.368152673630e+04 
       1.923603979172e-02       2.365621664392e+04 
       1.936851474239e-02       2.362972637548e+04 
       1.950105042615e-02       2.360216370107e+04 
       1.963364792423e-02       2.357340386860e+04 
       1.976630834603e-02       2.354361220900e+04 
       1.989903282965e-02       2.351273948321e+04 
       2.003182254240e-02       2.348080221957e+04 
       2.016467868143e-02       2.344780986139e+04 
       2.029760247420e-02       2.341383801049e+04 
       2.043059517917e-02       2.337882564653e+04 
       2.056365808640e-02       2.334284949213e+04 
       2.069679251812e-02       2.330584837995e+04 
       2.082999982951e-02       2.326795072054e+04 
       2.096328140926e-02       2.322905086492e+04 
       2.109663868036e-02       2.318929975759e+04 
       2.123007310079e-02       2.314862580605e+04 
       2.136358616427e-02       2.310704996117e+04 
       2.149717940107e-02       2.306460533234e+04 
       2.163085437874e-02       2.302128339794e+04 
       2.176461270301e-02       2.297713563589e+04 
       2.189845601860e-02       2.293217475219e+04 
       2.203238601010e-02       2.288639338868e+04 
       2.216640440288e-02       2.283979261685e+04 
       2.230051296402e-02       2.279247674704e+04 
       2.243471350328e-02       2.274434686106e+04 
       2.256900787409e-02       2.269547443204e+04 
       2.270339797458e-02       2.264590083456e+04 
       2.283788574860e-02       2.259556598574e+04 
       2.297247318688e-02       2.254453561550e+04 
       2.310716232805e-02       2.249284335389e+04 
       2.324195525992e-02       2.244047143196e+04 
       2.337685412056e-02       2.238736821730e+04 
       2.351186109961e-02       2.233370167480e+04 
       2.364697843950e-02       2.227936996780e+04 
       2.378220843681e-02       2.222440251183e+04 
       2.391755344355e-02       2.216885034461e+04 
       2.405301586865e-02       2.211271954916e+04 
       2.418859817929e-02       2.205599968427e+04 
       2.432430290249e-02       2.199867175408e+04 
       2.446013262655e-02       2.194084966790e+04 
       2.459609000269e-02       2.188245884576e+04 
       2.473217774667e-02       2.182352222860e+04 
       2.486839864046e-02       2.176413028340e+04 
       2.500475553398e-02       2.170424711283e+04 
       2.514125134692e-02       2.164374549808e+04 
       2.527788907056e-02       2.158291306783e+04 
       2.541467176974e-02       2.152155776725e+04 
       2.555160258477e-02       2.145973127996e+04 
       2.568868473352e-02       2.139747246234e+04 
       2.582592151353e-02       2.133479175169e+04 
       2.596331630421e-02       2.127168152946e+04 
       2.610087256903e-02       2.120818974046e+04 
       2.623859385797e-02       2.114430494433e+04 
       2.637648380982e-02       2.108004443201e+04 
       2.651454615477e-02       2.101535861349e+04 
       2.665278471694e-02       2.095033985719e+04 
       2.679120341708e-02       2.088497026762e+04 
       2.692980627534e-02       2.081924132420e+04 
       2.706859741412e-02       2.075317102992e+04 
       2.720758106109e-02       2.068686748485e+04 
       2.734676155221e-02       2.062020911435e+04 
       2.748614333492e-02       2.055321569354e+04 
       2.762573097150e-02       2.048596727207e+04 
       2.776552914243e-02       2.041844069268e+04 
       2.790554264998e-02       2.035062770637e+04 
       2.804577642187e-02       2.028256523594e+04 
       2.818623551511e-02       2.021421107520e+04 
       2.832692511992e-02       2.014570110223e+04 
       2.846785056389e-02       2.007685875330e+04 
       2.860901731623e-02       2.000786360237e+04 
       2.875043099219e-02       1.993863601535e+04 
       2.889209735768e-02       1.986919818039e+04 
       2.903402233405e-02       1.979952286188e+04 
       2.917621200304e-02       1.972973986167e+04 
       2.931867261201e-02       1.965968086946e+04 
       2.946141057923e-02       1.958951042521e+04 
       2.960443249954e-02       1.951918589377e+04 
       2.974774515014e-02       1.944862888225e+04 
       2.989135549664e-02       1.937803163361e+04 
       3.003527069938e-02       1.930718715051e+04 
       3.017949812000e-02       1.923626826835e+04 
       3.032404532825e-02       1.916516755042e+04 
       3.046892010917e-02       1.909401702548e+04 
       3.061413047050e-02       1.902270499343e+04 
       3.075968465043e-02       1.895127616989e+04 
       3.090559112570e-02       1.887977785166e+04 
       3.105185862005e-02       1.880816405329e+04 
       3.119849611305e-02       1.873641974129e+04 
       3.134551284928e-02       1.866469592509e+04 
       3.149291834797e-02       1.859281428261e+04 
       3.164072241309e-02       1.852092898161e+04 
       3.178893514381e-02       1.844889471817e+04 
       3.193756694558e-02       1.837687216246e+04 
       3.208662854159e-02       1.830478729940e+04 
       3.223613098486e-02       1.823263896983e+04 
       3.238608567090e-02       1.816041373610e+04 
       3.253650435087e-02       1.808817305327e+04 
       3.268739914556e-02       1.801596954256e+04 
       3.283878255988e-02       1.794364090340e+04 
       3.299066749818e-02       1.787128508053e+04 
       3.314306728025e-02       1.779897375390e+04 
       3.329599565819e-02       1.772664423847e+04 
       3.344946683412e-02       1.765430324009e+04 
       3.360349547879e-02       1.758188970941e+04 
       3.375809675112e-02       1.750952529632e+04 
       3.391328631886e-02       1.743718057865e+04 
       3.406908038025e-02       1.736481567744e+04 
       3.422549568688e-02       1.729246652343e+04 
       3.438254956780e-02       1.722013911432e+04 
       3.454025995489e-02       1.714783184504e+04 
       3.469864540974e-02       1.707547328979e+04 
       3.485772515190e-02       1.700316728382e+04 
       3.501751908884e-02       1.693088437777e+04 
       3.517804784752e-02       1.685868658039e+04 
       3.533933280790e-02       1.678642590118e+04 
       3.550139613831e-02       1.671428971874e+04 
       3.566426083296e-02       1.664211627504e+04 
       3.582795075165e-02       1.656996799944e+04 
       3.599249066196e-02       1.649784941799e+04 
       3.615790628397e-02       1.642579718894e+04 
       3.632422433772e-02       1.635377551666e+04 
       3.649147259375e-02       1.628178396858e+04 
       3.665967992672e-02       1.620981164436e+04 
       3.682887637260e-02       1.613792868859e+04 
       3.699909318951e-02       1.606607361212e+04 
       3.717036292260e-02       1.599422835648e+04 
       3.734271947322e-02       1.592240213335e+04 
       3.751619817287e-02       1.585066266865e+04 
       3.769083586211e-02       1.577895723061e+04 
       3.786667097503e-02       1.570730686038e+04 
       3.804374362961e-02       1.563563283830e+04 
       3.822209572462e-02       1.556403368646e+04 
       3.840177104340e-02       1.549251634164e+04 
       3.858281536542e-02       1.542101993401e+04 
       3.876527658600e-02       1.534944640468e+04 
       3.894920484517e-02       1.527803863938e+04 
       3.913465266636e-02       1.520657825380e+04 
       3.932167510592e-02       1.513519540016e+04 
       3.951032991438e-02       1.506381817635e+04 
       3.970067771069e-02       1.499245322636e+04 
       3.989278217062e-02       1.492109404504e+04 
       4.008671023076e-02       1.484977155634e+04 
       4.028253230963e-02       1.477845259077e+04 
       4.048032254766e-02       1.470711582494e+04 
       4.068015906798e-02       1.463580179078e+04 
       4.088212426029e-02       1.456451369697e+04 
       4.108630509007e-02       1.449317909803e+04 
       4.129279343606e-02       1.442179660907e+04 
       4.150168645909e-02       1.435042450835e+04 
       4.171308700567e-02       1.427906456125e+04 
       4.192710405049e-02       1.420764129275e+04 
       4.214385318214e-02       1.413617723687e+04 
       4.236345713732e-02       1.406464055709e+04 
       4.258604638939e-02       1.399305020560e+04 
       4.281175979777e-02       1.392142352144e+04 
       4.304074532602e-02       1.384967837174e+04 
       4.327316083715e-02       1.377785098126e+04 
       4.350917497637e-02       1.370590616252e+04 
       4.374896815286e-02       1.363386878617e+04 
       4.399273363385e-02       1.356173225303e+04 
       4.424067876670e-02       1.348940659455e+04 
       4.449302634692e-02       1.341697652593e+04 
       4.475001615332e-02       1.334433069305e+04 
       4.501190667471e-02       1.327152137467e+04 
       4.527897705729e-02       1.319849052927e+04 
       4.555152930645e-02       1.312525289158e+04 
       4.582989078338e-02       1.305175227270e+04 
       4.611441704372e-02       1.297796995988e+04 
       4.640549507513e-02       1.290390155798e+04 
       4.670354700088e-02       1.282954454636e+04 
       4.700903433061e-02       1.275477184638e+04 
       4.732246285514e-02       1.267963003537e+04 
       4.764438830293e-02       1.260408583839e+04 
       4.797542290026e-02       1.252809265807e+04 
       4.831624300843e-02       1.245158773673e+04 
       4.866759804973e-02       1.237450809476e+04 
       4.903032098226e-02       1.229686006348e+04 
       4.940534064432e-02       1.221854790526e+04 
       4.979369636574e-02       1.213950197292e+04 
       5.019655534041e-02       1.205968758671e+04 
       5.061523337745e-02       1.197892945028e+04 
       5.105121980511e-02       1.189727215940e+04 
       5.150620750149e-02       1.181452788346e+04 
       5.198212928056e-02       1.173060850279e+04 
       5.248120218591e-02       1.164530463184e+04 
       5.300598165374e-02       1.155852393869e+04 
       5.355942801788e-02       1.147003149039e+04 
       5.414498845609e-02       1.137960594700e+04 
       5.476669821646e-02       1.128694023062e+04 
       5.542930577922e-02       1.119168736047e+04 
       5.613842738515e-02       1.109342811676e+04 
       5.690073681396e-02       1.099162747543e+04 
       5.772419580600e-02       1.088552428069e+04 
       5.861832782721e-02       1.077427540448e+04 
       5.959453053537e-02       1.065668213344e+04 
       6.066640584597e-02       1.053116942641e+04 
       6.185005339949e-02       1.039562198080e+04 
       6.316421265047e-02       1.024728914643e+04 
       6.463004022085e-02       1.008240772545e+04 
       6.627017801823e-02       9.896158050567e+03 
       6.810666538749e-02       9.682530595820e+03 
       7.015735470482e-02       9.434705812329e+03 
       7.243109879987e-02       9.146040135420e+03 
       7.492319798686e-02       8.811962906546e+03 
       7.761368122373e-02       8.432329569142e+03 
       8.047033895866e-02       8.013173279663e+03 
       8.345557477059e-02       7.566770963331e+03 
       8.653361012654e-02       7.109725833258e+03 
       8.967501416103e-02       6.660025843119e+03 
       9.285796760484e-02       6.234176805230e+03 
       9.606741305152e-02       5.845178252590e+03 
       9.929344278298e-02       5.501528299827e+03 
       1.025297347132e-01       5.207044812537e+03 
       1.057723320750e-01       4.961290310414e+03 
       1.090187880083e-01       4.760254662492e+03 
       1.122676004320e-01       4.597363874740e+03 
       1.155178512933e-01       4.464235713208e+03 
       1.187689809169e-01       4.351621829403e+03 
       1.220206485636e-01       4.250212802944e+03 
       1.252726468911e-01       4.151496055776e+03 
       1.285248497105e-01       4.048428889696e+03 
       1.317771801621e-01       3.936013101354e+03 
       1.350295913612e-01       3.811631716030e+03 
       1.382820546371e-01       3.675045709906e+03 
       1.415345523914e-01       3.528143713140e+03 
       1.447870737603e-01       3.374425850205e+03 
       1.480396119820e-01       3.218358641501e+03 
       1.512921627966e-01       3.064723763561e+03 
       1.545447234753e-01       2.918009857935e+03 
       1.577972922292e-01       2.781959877238e+03 
       1.610498678503e-01       2.659255523674e+03 
       1.643024494918e-01       2.551385004850e+03 
       1.675550365355e-01       2.458644535280e+03 
       1.708076285085e-01       2.380242418135e+03 
       1.740602250342e-01       2.314493333792e+03 
       1.773128258001e-01       2.259056326761e+03 
       1.805654305387e-01       2.211192156366e+03 
       1.838180390152e-01       2.168026881117e+03 
       1.870706510196e-01       2.127286280341e+03 
       1.903232663613e-01       2.086175892373e+03 
       1.935758848657e-01       2.042594852513e+03 
       1.968285063717e-01       1.995283662721e+03 
       2.000811307300e-01       1.943720732532e+03 
       2.033337578013e-01       1.888142640186e+03 
       2.065863874560e-01       1.829414376778e+03 
       2.098390195726e-01       1.768818596654e+03 
       2.130916540371e-01       1.707855529551e+03 
       2.163442907429e-01       1.648018158084e+03 
       2.195969295894e-01       1.590651246746e+03 
       2.228495704822e-01       1.536824089372e+03 
       2.261022133323e-01       1.487301718722e+03 
       2.293548580558e-01       1.442512248326e+03 
       2.326075045736e-01       1.402565754234e+03 
       2.358601528110e-01       1.367264403749e+03 
       2.391128026972e-01       1.336134857743e+03 
       2.423654541655e-01       1.308480927231e+03 
       2.456181071526e-01       1.283454314328e+03 
       2.488707615985e-01       1.260145546665e+03 
       2.521234174465e-01       1.237675913569e+03 
       2.553760746426e-01       1.215281340813e+03 
       2.586287331356e-01       1.192369659006e+03 
       2.618813928770e-01       1.168552323775e+03 
       2.651340538204e-01       1.143648290229e+03 
       2.683867159219e-01       1.117676065862e+03 
       2.716393791397e-01       1.090820125054e+03 
       2.748920434340e-01       1.063399938251e+03 
       2.781447087666e-01       1.035833364828e+03 
       2.813973751015e-01       1.008586590720e+03 
       2.846500424041e-01       9.821178594041e+02 
       2.879027106413e-01       9.568351903620e+02 
       2.911553797817e-01       9.330409581791e+02 
       2.944080497952e-01       9.109147725035e+02 
       2.976607206530e-01       8.905089373715e+02 
       3.009133923275e-01       8.717530265953e+02 
       3.041660647926e-01       8.544938123350e+02 
       3.074187380228e-01       8.385088591349e+02 
       3.106714119941e-01       8.235411686333e+02 
       3.139240866833e-01       8.093225365866e+02 
       3.171767620681e-01       7.955838893632e+02 
       3.204294381274e-01       7.820793115262e+02 
       3.236821148407e-01       7.686025275367e+02 
       3.269347921884e-01       7.550009077170e+02 
       3.301874701515e-01       7.411898003869e+02 
       3.334401487121e-01       7.271544786369e+02 
       3.366928278527e-01       7.129427594800e+02 
       3.399455075566e-01       6.986511456359e+02 
       3.431981878077e-01       6.844046456717e+02 
       3.464508685905e-01       6.703369071655e+02 
       3.497035498902e-01       6.565748725682e+02 
       3.529562316923e-01       6.432318820704e+02 
       3.562089139830e-01       6.304021577174e+02 
       3.594615967491e-01       6.181510361254e+02 
       3.627142799776e-01       6.065174955926e+02 
       3.659669636562e-01       5.955057117162e+02 
       3.692196477729e-01       5.850862235982e+02 
       3.724723323162e-01       5.751982039418e+02 
       3.757250172750e-01       5.657591295479e+02 
       3.789777026385e-01       5.566741418334e+02 
       3.822303883964e-01       5.478516979608e+02 
       3.854830745387e-01       5.392078024569e+02 
       3.887357610555e-01       5.306822787080e+02 
       3.919884479377e-01       5.222275923630e+02 
       3.952411351761e-01       5.138165707359e+02 
       3.984938227619e-01       5.054359057792e+02 
       4.017465106867e-01       4.970856136070e+02 
       4.049991989424e-01       4.887804705834e+02 
       4.082518875209e-01       4.805452390030e+02 
       4.115045764145e-01       4.724146607334e+02 
       4.147572656159e-01       4.644283640272e+02 
       4.180099551178e-01       4.566233835977e+02 
       4.212626449132e-01       4.490297206679e+02 
       4.245153349953e-01       4.416674853306e+02 
       4.277680253577e-01       4.345449645420e+02 
       4.310207159939e-01       4.276610113778e+02 
       4.342734068977e-01       4.210089248428e+02 
       4.375260980632e-01       4.145773751236e+02 
       4.407787894845e-01       4.083535916132e+02 
       4.440314811560e-01       4.023182030021e+02 
       4.472841730722e-01       3.964507396144e+02 
       4.505368652278e-01       3.907256170091e+02 
       4.537895576177e-01       3.851168075266e+02 
       4.570422502367e-01       3.796008808762e+02 
       4.602949430801e-01       3.741592236779e+02 
       4.635476361431e-01       3.687809605503e+02 
       4.668003294211e-01       3.634617453517e+02 
       4.700530229096e-01       3.582025548852e+02 
       4.733057166043e-01       3.530070695525e+02 
       4.765584105009e-01       3.478813132871e+02 
       4.798111045953e-01       3.428312890461e+02 
       4.830637988834e-01       3.378645726925e+02 
       4.863164933615e-01       3.329903910474e+02 
       4.895691880257e-01       3.282189909796e+02 
       4.928218828722e-01       3.235598203158e+02 
       4.960745778976e-01       3.190197029703e+02 
       4.993272730982e-01       3.146003210126e+02 
       5.025799684708e-01       3.102992023639e+02 
       5.058326640119e-01       3.061087687211e+02 
       5.090853597183e-01       3.020192432951e+02 
       5.123380555868e-01       2.980206399880e+02 
       5.155907516144e-01       2.941042454902e+02 
       5.188434477981e-01       2.902621479632e+02 
       5.220961441349e-01       2.864878931608e+02 
       5.253488406221e-01       2.827750869807e+02 
       5.286015372567e-01       2.791175444943e+02 
       5.318542340361e-01       2.755103914131e+02 
       5.351069309577e-01       2.719505502581e+02 
       5.383596280189e-01       2.684376333048e+02 
       5.416123252170e-01       2.649738003575e+02 
       5.448650225498e-01       2.615632776871e+02 
       5.481177200148e-01       2.582102209838e+02 
       5.513704176095e-01       2.549171747692e+02 
       5.546231153318e-01       2.516857754461e+02 
       5.578758131794e-01       2.485152937268e+02 
       5.611285111502e-01       2.454051118581e+02 
       5.643812092419e-01       2.423542831159e+02 
       5.676339074525e-01       2.393625061001e+02 
       5.708866057799e-01       2.364294639260e+02 
       5.741393042223e-01       2.335545515119e+02 
       5.773920027775e-01       2.307355622775e+02 
       5.806447014438e-01       2.279690546941e+02 
       5.838974002192e-01       2.252509420592e+02 
       5.871500991019e-01       2.225773850933e+02 
       5.904027980902e-01       2.199456853339e+02 
       5.936554971824e-01       2.173542485823e+02 
       5.969081963766e-01       2.148024847792e+02 
       6.001608956713e-01       2.122899940337e+02 
       6.034135950648e-01       2.098159426862e+02 
       6.066662945556e-01       2.073789577940e+02 
       6.099189941420e-01       2.049776061062e+02 
       6.131716938226e-01       2.026108523024e+02 
       6.164243935958e-01       2.002787063147e+02 
       6.196770934602e-01       1.979820687200e+02 
       6.229297934143e-01       1.957215418782e+02 
       6.261824934568e-01       1.935000543064e+02 
       6.294351935863e-01       1.913167523109e+02 
       6.326878938014e-01       1.891706967924e+02 
       6.359405941008e-01       1.870610659252e+02 
       6.391932944833e-01       1.849849080211e+02 
       6.424459949475e-01       1.829416908175e+02 
       6.456986954922e-01       1.809309646471e+02 
       6.489513961163e-01       1.789525941103e+02 
       6.522040968184e-01       1.770059015390e+02 
       6.554567975975e-01       1.750900512517e+02 
       6.587094984525e-01       1.732032528577e+02 
       6.619621993821e-01       1.713438390377e+02 
       6.652149003853e-01       1.695100845988e+02 
       6.684676014610e-01       1.677014720489e+02 
       6.717203026082e-01       1.659181773004e+02 
       6.749730038258e-01       1.641604207692e+02 
       6.782257051128e-01       1.624287267875e+02 
       6.814784064682e-01       1.607227747169e+02 
       6.847311078911e-01       1.590417512301e+02 
       6.879838093804e-01       1.573848278440e+02 
       6.912365109353e-01       1.557511677046e+02 
       6.944892125548e-01       1.541403012301e+02 
       6.977419142380e-01       1.525527916308e+02 
       7.009946159840e-01       1.509889477803e+02 
       7.042473177919e-01       1.494489058310e+02 
       7.075000196609e-01       1.479322604609e+02 
       7.107527215902e-01       1.464379805715e+02 
       7.140054235789e-01       1.449648707379e+02 
       7.172581256263e-01       1.435120345517e+02 
       7.205108277314e-01       1.420788529085e+02 
       7.237635298936e-01       1.406655059829e+02 
       7.270162321120e-01       1.392718447748e+02 
       7.302689343860e-01       1.378980186496e+02 
       7.335216367147e-01       1.365433781246e+02 
       7.367743390975e-01       1.352073280921e+02 
       7.400270415336e-01       1.338887775482e+02 
       7.432797440223e-01       1.325871289917e+02 
       7.465324465630e-01       1.313021880495e+02 
       7.497851491550e-01       1.300342005315e+02 
       7.530378517975e-01       1.287835016044e+02 
       7.562905544900e-01       1.275502144625e+02 
       7.595432572318e-01       1.263340587809e+02 
       7.627959600222e-01       1.251343293097e+02 
       8.333523646189e-01       1.025932599814e+02 
       9.353627320015e-01       7.894136956174e+01 
       1.097412225556e+00       5.466599388297e+01 
       1.353860243007e+00       3.345425609251e+01 
       1.702117716591e+00       1.940268036870e+01 
       2.142799627331e+00       1.111677362496e+01 
       2.697624771030e+00       6.317186461067e+00 
       3.396108375674e+00       3.563273679518e+00 
       4.275447135343e+00       1.996411019397e+00 
       5.382469045465e+00       1.111696367404e+00 
       6.776127059532e+00       6.155856503977e-01 
       8.530638548791e+00       3.391217306286e-01 
       1.073943764790e+01       1.859387829421e-01 
       1.352015096332e+01       1.015040990044e-01 
       1.702086161902e+01       5.518552696334e-02 
       2.142799522282e+01       2.988880840473e-02 
       2.697624770981e+01       1.612922276487e-02 
       3.396108375674e+01       8.673402971663e-03 
       4.275447135343e+01       4.647744186295e-03 
       5.382469045465e+01       2.481500353796e-03 
       6.776127059532e+01       1.319675649784e-03 
       8.530638548791e+01       6.985971124426e-04 
       1.073943764790e+02       3.677177895835e-04 
