# Matter power spectrum P(k) at redshift z=0
# for k=1.04891e-05 to 1061.52 h/Mpc,
# number of wavenumbers equal to 632
#    1:k (h/Mpc)              2:P (Mpc/h)^3        
       1.048912248128e-05       4.749496824893e+01 
       2.342123586386e-05       1.031976015368e+02 
       3.639918253250e-05       1.579947263942e+02 
       4.945815933285e-05       2.124501416921e+02 
       6.263394980593e-05       2.668894106170e+02 
       7.596324578971e-05       3.215594298012e+02 
       8.948397938160e-05       3.766732503200e+02 
       1.032356697093e-04       4.324285012685e+02 
       1.172597889911e-04       4.890169068055e+02 
       1.316001524017e-04       5.466300844822e+02 
       1.463033362622e-04       6.054636223150e+02 
       1.614191290097e-04       6.657202905159e+02 
       1.770010192127e-04       7.276128057508e+02 
       1.931067245036e-04       7.913664001979e+02 
       2.097987646092e-04       8.572212596045e+02 
       2.271450805202e-04       9.254349986687e+02 
       2.452197000883e-04       9.962851184031e+02 
       2.641034477349e-04       1.070071509967e+03 
       2.838846922126e-04       1.147118941287e+03 
       3.046601211432e-04       1.227779540204e+03 
       3.265355239517e-04       1.312435135010e+03 
       3.496265554217e-04       1.401499381005e+03 
       3.740594400127e-04       1.495419457621e+03 
       3.999715620669e-04       1.594677179328e+03 
       4.275118691361e-04       1.699789080241e+03 
       4.568409954973e-04       1.811305457509e+03 
       4.881309919925e-04       1.929807429319e+03 
       5.215645294085e-04       2.055901999389e+03 
       5.573334301438e-04       2.190214351996e+03 
       5.956363831566e-04       2.333377071414e+03 
       6.366757179528e-04       2.486015726811e+03 
       6.806531628508e-04       2.648731021583e+03 
       7.277645972911e-04       2.822077350804e+03 
       7.781939285752e-04       3.006538847823e+03 
       8.321063719264e-04       3.202503987443e+03 
       8.896415687388e-04       3.410240520562e+03 
       9.509071090484e-04       3.629873269863e+03 
       1.015973092116e-03       3.861366814888e+03 
       1.084868330109e-03       4.104515727495e+03 
       1.157578659690e-03       4.358943545999e+03 
       1.234047589546e-03       4.624111154486e+03 
       1.314179222983e-03       4.899334367721e+03 
       1.397843115849e-03       5.183808305839e+03 
       1.484880520909e-03       5.476636428693e+03 
       1.575111368363e-03       5.776861853199e+03 
       1.668341344387e-03       6.083496925968e+03 
       1.764368533007e-03       6.395550780454e+03 
       1.862989242162e-03       6.712052284240e+03 
       1.964002802261e-03       7.032068459009e+03 
       2.067215273744e-03       7.354718373424e+03 
       2.172442112070e-03       7.679181758000e+03 
       2.279509909841e-03       8.004705549312e+03 
       2.388257370915e-03       8.330604352193e+03 
       2.498535679064e-03       8.656260752825e+03 
       2.610208413483e-03       8.981122439931e+03 
       2.723151143462e-03       9.304698587891e+03 
       2.837250810779e-03       9.626555702287e+03 
       2.952404984840e-03       9.946312463379e+03 
       3.068521054445e-03       1.026363402665e+04 
       3.185515402288e-03       1.057822979636e+04 
       3.303312594004e-03       1.088984572125e+04 
       3.421844602585e-03       1.119826264059e+04 
       3.541050080766e-03       1.150329060714e+04 
       3.660873688009e-03       1.180476644145e+04 
       3.781265474591e-03       1.210255687326e+04 
       3.902180322420e-03       1.239653978826e+04 
       4.023577440450e-03       1.268661989673e+04 
       4.145419911417e-03       1.297271719594e+04 
       4.267674286073e-03       1.325476635797e+04 
       4.390310220816e-03       1.353271653159e+04 
       4.513300154663e-03       1.380652686476e+04 
       4.636619021601e-03       1.407616813283e+04 
       4.760243994628e-03       1.434160937483e+04 
       4.884154258046e-03       1.460284487330e+04 
       5.008330804896e-03       1.485987052409e+04 
       5.132756256688e-03       1.511273279501e+04 
       5.257414702907e-03       1.536134307346e+04 
       5.382291558030e-03       1.560573787285e+04 
       5.507373434028e-03       1.584600351944e+04 
       5.632648026589e-03       1.608203019077e+04 
       5.758104013471e-03       1.631398306939e+04 
       5.883730963601e-03       1.654178554615e+04 
       6.009519255696e-03       1.676546501817e+04 
       6.135460005304e-03       1.698503654852e+04 
       6.261544999346e-03       1.720060582241e+04 
       6.387766637289e-03       1.741212501411e+04 
       6.514117878229e-03       1.761967833174e+04 
       6.640592193218e-03       1.782325169522e+04 
       6.767183522283e-03       1.802293166501e+04 
       6.893886235599e-03       1.821872600136e+04 
       7.020695098395e-03       1.841066291671e+04 
       7.147605239184e-03       1.859877170089e+04 
       7.274612120969e-03       1.878312712007e+04 
       7.401711515113e-03       1.896373251120e+04 
       7.528899477602e-03       1.914063334054e+04 
       7.656172327460e-03       1.931386779103e+04 
       7.783526627083e-03       1.948346962253e+04 
       7.910959164325e-03       1.964948564270e+04 
       8.038466936136e-03       1.981195198919e+04 
       8.166047133627e-03       1.997089626888e+04 
       8.293697128398e-03       2.012635968370e+04 
       8.421414460032e-03       2.027839054621e+04 
       8.549196824628e-03       2.042702750970e+04 
       8.677042064284e-03       2.057229901035e+04 
       8.804948157440e-03       2.071424204749e+04 
       8.932913210003e-03       2.085290575258e+04 
       9.060935447183e-03       2.098831807953e+04 
       9.189013205974e-03       2.112050989869e+04 
       9.317144928233e-03       2.124953207917e+04 
       9.445329154287e-03       2.137541381791e+04 
       9.573564517039e-03       2.149818606594e+04 
       9.701849736523e-03       2.161788299394e+04 
       9.830183614874e-03       2.173454829983e+04 
       9.958565031666e-03       2.184821430410e+04 
       1.008699293961e-02       2.195890415954e+04 
       1.021546636055e-02       2.206666743141e+04 
       1.034398438180e-02       2.217152133913e+04 
       1.047254615266e-02       2.227351628748e+04 
       1.060115088129e-02       2.237267610398e+04 
       1.072979783170e-02       2.246903303014e+04 
       1.085848632108e-02       2.256262607410e+04 
       1.098721571719e-02       2.265348535023e+04 
       1.111598543603e-02       2.274163368108e+04 
       1.124479493961e-02       2.282710923706e+04 
       1.137364373395e-02       2.290994933469e+04 
       1.150253136712e-02       2.299017367528e+04 
       1.163145742754e-02       2.306782394229e+04 
       1.176042154227e-02       2.314291732988e+04 
       1.188942337551e-02       2.321549320367e+04 
       1.201846262719e-02       2.328557927358e+04 
       1.214753903162e-02       2.335320024317e+04 
       1.227665235627e-02       2.341840531312e+04 
       1.240580240063e-02       2.348119745046e+04 
       1.253498899516e-02       2.354162728615e+04 
       1.266421200025e-02       2.359971326049e+04 
       1.279347130538e-02       2.365548502715e+04 
       1.292276682823e-02       2.370896997736e+04 
       1.305209851387e-02       2.376019993101e+04 
       1.318146633410e-02       2.380920154475e+04 
       1.331087028670e-02       2.385600039679e+04 
       1.344031039489e-02       2.390060151389e+04 
       1.356978670669e-02       2.394307430110e+04 
       1.369929929443e-02       2.398342150046e+04 
       1.382884825427e-02       2.402165858418e+04 
       1.395843370577e-02       2.405783243794e+04 
       1.408805579143e-02       2.409196290803e+04 
       1.421771467642e-02       2.412406633558e+04 
       1.434741054819e-02       2.415418206474e+04 
       1.447714361618e-02       2.418233002444e+04 
       1.460691411159e-02       2.420852319176e+04 
       1.473672228711e-02       2.423280367408e+04 
       1.486656841677e-02       2.425519289068e+04 
       1.499645279571e-02       2.427570021718e+04 
       1.512637574007e-02       2.429436900398e+04 
       1.525633758686e-02       2.431122474984e+04 
       1.538633869385e-02       2.432627156519e+04 
       1.551637943955e-02       2.433954388333e+04 
       1.564646022307e-02       2.435106653363e+04 
       1.577658146419e-02       2.436086653784e+04 
       1.590674360328e-02       2.436895526762e+04 
       1.603694710137e-02       2.437536765341e+04 
       1.616719244016e-02       2.438011774806e+04 
       1.629748012206e-02       2.438322551702e+04 
       1.642781067032e-02       2.438472569911e+04 
       1.655818462905e-02       2.438462964711e+04 
       1.668860256340e-02       2.438296572512e+04 
       1.681906505965e-02       2.437976267563e+04 
       1.694957272540e-02       2.437501802185e+04 
       1.708012618966e-02       2.436877368232e+04 
       1.721072610314e-02       2.436103942656e+04 
       1.734137313834e-02       2.435186508577e+04 
       1.747206798987e-02       2.434121626934e+04 
       1.760281137461e-02       2.432917595794e+04 
       1.773360403199e-02       2.431570968620e+04 
       1.786444672428e-02       2.430089401837e+04 
       1.799534023682e-02       2.428470836568e+04 
       1.812628537839e-02       2.426717685816e+04 
       1.825728298146e-02       2.424833099471e+04 
       1.838833390258e-02       2.422819263105e+04 
       1.851943902270e-02       2.420675124798e+04 
       1.865059924756e-02       2.418408897437e+04 
       1.878181550804e-02       2.416016360943e+04 
       1.891308876062e-02       2.413499585698e+04 
       1.904441998774e-02       2.410865078130e+04 
       1.917581019826e-02       2.408113202639e+04 
       1.930726042795e-02       2.405242110764e+04 
       1.943877173991e-02       2.402262914261e+04 
       1.957034522507e-02       2.399162473761e+04 
       1.970198200274e-02       2.395954543028e+04 
       1.983368322109e-02       2.392641565245e+04 
       1.996545005771e-02       2.389217916082e+04 
       2.009728372020e-02       2.385691182328e+04 
       2.022918544674e-02       2.382060114711e+04 
       2.036115650667e-02       2.378323141973e+04 
       2.049319820117e-02       2.374490142201e+04 
       2.062531186387e-02       2.370559759541e+04 
       2.075749886151e-02       2.366527999468e+04 
       2.088976059469e-02       2.362410280526e+04 
       2.102209849849e-02       2.358192839602e+04 
       2.115451404332e-02       2.353883979530e+04 
       2.128700873557e-02       2.349485914571e+04 
       2.141958411848e-02       2.344998709568e+04 
       2.155224177292e-02       2.340428716006e+04 
       2.168498331818e-02       2.335771789198e+04 
       2.181781041293e-02       2.331031559294e+04 
       2.195072475601e-02       2.326208037738e+04 
       2.208372808741e-02       2.321310601115e+04 
       2.221682218920e-02       2.316335916742e+04 
       2.235000888650e-02       2.311273584422e+04 
       2.248329004847e-02       2.306142096881e+04 
       2.261666758939e-02       2.300936961673e+04 
       2.275014346969e-02       2.295661589761e+04 
       2.288371969707e-02       2.290316033367e+04 
       2.301739832764e-02       2.284893530182e+04 
       2.315118146707e-02       2.279406279471e+04 
       2.328507127186e-02       2.273855864906e+04 
       2.341906995050e-02       2.268240788024e+04 
       2.355317976483e-02       2.262558256137e+04 
       2.368740303134e-02       2.256817003312e+04 
       2.382174212254e-02       2.251016289382e+04 
       2.395619946838e-02       2.245151822543e+04 
       2.409077755770e-02       2.239231970177e+04 
       2.422547893974e-02       2.233256974056e+04 
       2.436030622569e-02       2.227226633922e+04 
       2.449526209031e-02       2.221144755015e+04 
       2.463034927357e-02       2.215001182094e+04 
       2.476557058234e-02       2.208816414291e+04 
       2.490092889222e-02       2.202574325636e+04 
       2.503642714928e-02       2.196288109371e+04 
       2.517206837201e-02       2.189955919504e+04 
       2.530785565322e-02       2.183575882150e+04 
       2.544379216207e-02       2.177152678317e+04 
       2.557988114617e-02       2.170681050023e+04 
       2.571612593368e-02       2.164170921448e+04 
       2.585252993554e-02       2.157620037509e+04 
       2.598909664782e-02       2.151022335210e+04 
       2.612582965401e-02       2.144385572268e+04 
       2.626273262755e-02       2.137725958783e+04 
       2.639980933430e-02       2.131017384592e+04 
       2.653706363524e-02       2.124273891695e+04 
       2.667449948913e-02       2.117497072393e+04 
       2.681212095538e-02       2.110690869390e+04 
       2.694993219692e-02       2.103849155381e+04 
       2.708793748324e-02       2.096974099528e+04 
       2.722614119354e-02       2.090073718679e+04 
       2.736454781993e-02       2.083145732115e+04 
       2.750316197082e-02       2.076179725938e+04 
       2.764198837442e-02       2.069193125426e+04 
       2.778103188230e-02       2.062178433349e+04 
       2.792029747319e-02       2.055145548223e+04 
       2.805979025685e-02       2.048080828802e+04 
       2.819951547809e-02       2.040995541093e+04 
       2.833947852098e-02       2.033884694374e+04 
       2.847968491319e-02       2.026755169308e+04 
       2.862014033051e-02       2.019603753730e+04 
       2.876085060154e-02       2.012436817155e+04 
       2.890182171257e-02       2.005247893235e+04 
       2.904305981265e-02       1.998038515285e+04 
       2.918457121885e-02       1.990818087777e+04 
       2.932636242176e-02       1.983580167580e+04 
       2.946844009119e-02       1.976324722408e+04 
       2.961081108211e-02       1.969052627706e+04 
       2.975348244082e-02       1.961771844368e+04 
       2.989646141140e-02       1.954474056926e+04 
       3.003975544242e-02       1.947165945943e+04 
       3.018337219392e-02       1.939843922914e+04 
       3.032731954470e-02       1.932515729262e+04 
       3.047160559994e-02       1.925173162818e+04 
       3.061623869909e-02       1.917821500130e+04 
       3.076122742420e-02       1.910462800584e+04 
       3.090658060850e-02       1.903100354809e+04 
       3.105230734546e-02       1.895724401152e+04 
       3.119841699822e-02       1.888338223028e+04 
       3.134491920941e-02       1.880955080515e+04 
       3.149182391151e-02       1.873560548341e+04 
       3.163914133755e-02       1.866161319414e+04 
       3.178688203248e-02       1.858754733007e+04 
       3.193505686489e-02       1.851346678999e+04 
       3.208367703943e-02       1.843940648933e+04 
       3.223275410977e-02       1.836524583576e+04 
       3.238229999215e-02       1.829109746499e+04 
       3.253232697964e-02       1.821696706415e+04 
       3.268284775710e-02       1.814278446386e+04 
       3.283387541684e-02       1.806855599890e+04 
       3.298542347513e-02       1.799439438029e+04 
       3.313750588948e-02       1.792017716911e+04 
       3.329013707685e-02       1.784599205192e+04 
       3.344333193280e-02       1.777180893667e+04 
       3.359710585159e-02       1.769764478666e+04 
       3.375147474745e-02       1.762352118750e+04 
       3.390645507683e-02       1.754942293131e+04 
       3.406206386201e-02       1.747523459362e+04 
       3.421831871587e-02       1.740112391027e+04 
       3.437523786812e-02       1.732709145806e+04 
       3.453284019292e-02       1.725311273377e+04 
       3.469114523808e-02       1.717908831153e+04 
       3.485017325597e-02       1.710515971191e+04 
       3.500994523611e-02       1.703123501716e+04 
       3.517048293976e-02       1.695739089282e+04 
       3.533180893649e-02       1.688352968976e+04 
       3.549394664294e-02       1.680981145419e+04 
       3.565692036394e-02       1.673607640767e+04 
       3.582075533610e-02       1.666242887596e+04 
       3.598547777411e-02       1.658882801034e+04 
       3.615111492000e-02       1.651520488361e+04 
       3.631769509535e-02       1.644172637477e+04 
       3.648524775707e-02       1.636830714238e+04 
       3.665380355660e-02       1.629487274531e+04 
       3.682339440310e-02       1.622158871239e+04 
       3.699405353084e-02       1.614826508428e+04 
       3.716581557114e-02       1.607505335023e+04 
       3.733871662915e-02       1.600187425629e+04 
       3.751279436605e-02       1.592874535368e+04 
       3.768808808692e-02       1.585569659388e+04 
       3.786463883497e-02       1.578270517016e+04 
       3.804248949245e-02       1.570977618609e+04 
       3.822168488901e-02       1.563690027961e+04 
       3.840227191805e-02       1.556399863504e+04 
       3.858429966190e-02       1.549124912765e+04 
       3.876781952645e-02       1.541853576684e+04 
       3.895288538626e-02       1.534584818001e+04 
       3.913955374114e-02       1.527319484149e+04 
       3.932788388506e-02       1.520059596196e+04 
       3.951793808895e-02       1.512801022489e+04 
       3.970978179837e-02       1.505547528245e+04 
       3.990348384784e-02       1.498298315109e+04 
       4.009911669328e-02       1.491050770063e+04 
       4.029675666456e-02       1.483804565775e+04 
       4.049648424028e-02       1.476564510010e+04 
       4.069838434691e-02       1.469324119215e+04 
       4.090254668529e-02       1.462082622840e+04 
       4.110906608709e-02       1.454842761254e+04 
       4.131804290494e-02       1.447602511803e+04 
       4.152958343973e-02       1.440357447105e+04 
       4.174380040963e-02       1.433117361857e+04 
       4.196081346559e-02       1.425874398888e+04 
       4.218074975900e-02       1.418625870306e+04 
       4.240374456770e-02       1.411369134650e+04 
       4.262994198787e-02       1.404114293043e+04 
       4.285949569990e-02       1.396852729421e+04 
       4.309256981794e-02       1.389577143638e+04 
       4.332933983422e-02       1.382302850321e+04 
       4.356999367074e-02       1.375016811038e+04 
       4.381473285323e-02       1.367717355644e+04 
       4.406377382448e-02       1.360406065517e+04 
       4.431734941698e-02       1.353085684554e+04 
       4.457571050837e-02       1.345745166624e+04 
       4.483912788677e-02       1.338390588604e+04 
       4.510789435848e-02       1.331018155152e+04 
       4.538232713565e-02       1.323624040302e+04 
       4.566277054916e-02       1.316205724744e+04 
       4.594959913968e-02       1.308768207027e+04 
       4.624322119079e-02       1.301292893713e+04 
       4.654408277999e-02       1.293796892243e+04 
       4.685267243916e-02       1.286262252969e+04 
       4.716952653450e-02       1.278691798620e+04 
       4.749523549954e-02       1.271086404201e+04 
       4.783045108337e-02       1.263431535418e+04 
       4.817589481234e-02       1.255733165317e+04 
       4.853236790816e-02       1.247977079282e+04 
       4.890076296196e-02       1.240169017176e+04 
       4.928207773443e-02       1.232289402494e+04 
       4.967743154253e-02       1.224344748835e+04 
       5.008808480675e-02       1.216317280654e+04 
       5.051546247825e-02       1.208210238995e+04 
       5.096118224978e-02       1.200000224332e+04 
       5.142708868994e-02       1.191686735284e+04 
       5.191529474033e-02       1.183251396281e+04 
       5.242823239431e-02       1.174679112022e+04 
       5.296871485324e-02       1.165950316238e+04 
       5.354001304306e-02       1.157049593881e+04 
       5.414595007751e-02       1.147943644174e+04 
       5.479101804911e-02       1.138600424663e+04 
       5.548052233000e-02       1.128983584087e+04 
       5.622075914930e-02       1.119037864159e+04 
       5.701923209011e-02       1.108697949068e+04 
       5.788491129122e-02       1.097879391325e+04 
       5.882853353255e-02       1.086473326235e+04 
       5.986292827710e-02       1.074326220259e+04 
       6.100332764248e-02       1.061240595463e+04 
       6.226756727048e-02       1.046946658675e+04 
       6.367599877716e-02       1.031089839484e+04 
       6.525081095199e-02       1.013189191289e+04 
       6.701433522707e-02       9.926449199549e+03 
       6.898592975913e-02       9.687477113673e+03 
       7.117746720898e-02       9.407594059958e+03 
       7.358851183609e-02       9.080975359155e+03 
       7.620353199093e-02       8.705723392010e+03 
       7.899349423100e-02       8.286120564666e+03 
       8.192185344000e-02       7.833316951037e+03 
       8.495198701258e-02       7.363834037064e+03 
       8.805262670523e-02       6.896610915623e+03 
       9.119997386646e-02       6.449775730010e+03 
       9.437730927585e-02       6.038247872647e+03 
       9.757350213885e-02       5.672332583864e+03 
       1.007813966175e-01       5.357339226732e+03 
       1.039964931141e-01       5.093907607620e+03 
       1.072160010355e-01       4.878745493614e+03 
       1.104382042761e-01       4.705518658333e+03 
       1.136620528740e-01       4.565794381803e+03 
       1.168869063537e-01       4.449953680244e+03 
       1.201123746642e-01       4.348116929968e+03 
       1.233382204336e-01       4.250952294114e+03 
       1.265642992073e-01       4.150545043312e+03 
       1.297905230220e-01       4.040983918294e+03 
       1.330168382432e-01       3.918818751722e+03 
       1.362432120964e-01       3.783158565360e+03 
       1.394696244858e-01       3.635485298094e+03 
       1.426960630261e-01       3.479143996268e+03 
       1.459225200266e-01       3.318711747902e+03 
       1.491489906588e-01       3.159277047644e+03 
       1.523754718440e-01       3.005760547442e+03 
       1.556019615769e-01       2.862401641513e+03 
       1.588284585143e-01       2.732375421348e+03 
       1.620549617238e-01       2.617615395668e+03 
       1.652814705319e-01       2.518763981939e+03 
       1.685079844296e-01       2.435282922982e+03 
       1.717345030152e-01       2.365623495283e+03 
       1.749610259587e-01       2.307473306763e+03 
       1.781875529797e-01       2.258018101703e+03 
       1.814140838335e-01       2.214236109134e+03 
       1.846406183021e-01       2.173460848302e+03 
       1.878671561882e-01       2.133024948299e+03 
       1.910936973118e-01       2.090344318738e+03 
       1.943202415066e-01       2.043877308089e+03 
       1.975467886190e-01       1.992875705278e+03 
       2.007733385058e-01       1.937367447382e+03 
       2.039998910337e-01       1.878123372352e+03 
       2.072264460777e-01       1.816396470003e+03 
       2.104530035211e-01       1.753755899974e+03 
       2.136795632541e-01       1.691808562478e+03 
       2.169061251737e-01       1.632052735884e+03 
       2.201326891831e-01       1.575706175777e+03 
       2.233592551908e-01       1.523675953967e+03 
       2.265858231110e-01       1.476517926936e+03 
       2.298123928626e-01       1.434439882188e+03 
       2.330389643688e-01       1.397316488357e+03 
       2.362655375574e-01       1.364721737098e+03 
       2.394921123599e-01       1.335975426639e+03 
       2.427186887115e-01       1.310214449641e+03 
       2.459452665508e-01       1.286489345355e+03 
       2.491718458197e-01       1.263848126670e+03 
       2.523984264629e-01       1.241445754888e+03 
       2.556250084282e-01       1.218600299681e+03 
       2.588515916658e-01       1.194844405631e+03 
       2.620781761284e-01       1.169926473813e+03 
       2.653047617710e-01       1.143813662317e+03 
       2.685313485508e-01       1.116654534949e+03 
       2.717579364272e-01       1.088765866660e+03 
       2.749845253612e-01       1.060555493856e+03 
       2.782111153159e-01       1.032521571336e+03 
       2.814377062560e-01       1.005158569332e+03 
       2.846642981477e-01       9.789138848442e+02 
       2.878908909589e-01       9.541459678730e+02 
       2.911174846588e-01       9.310776602118e+02 
       2.943440792181e-01       9.098057935273e+02 
       2.975706746087e-01       8.902878740573e+02 
       3.007972708037e-01       8.723854541416e+02 
       3.040238677772e-01       8.558782298168e+02 
       3.072504655047e-01       8.405044366578e+02 
       3.104770639626e-01       8.259813090159e+02 
       3.137036631281e-01       8.120196822556e+02 
       3.169302629796e-01       7.983553695169e+02 
       3.201568634962e-01       7.847553985155e+02 
       3.233834646579e-01       7.710419642128e+02 
       3.266100664455e-01       7.571038442589e+02 
       3.298366688406e-01       7.429075161517e+02 
       3.330632718253e-01       7.284905424480e+02 
       3.362898753827e-01       7.139432024209e+02 
       3.395164794963e-01       6.993868804623e+02 
       3.427430841504e-01       6.849673157863e+02 
       3.459696893297e-01       6.708227932139e+02 
       3.491962950197e-01       6.570773151097e+02 
       3.524229012062e-01       6.438398236744e+02 
       3.556495078757e-01       6.311842053431e+02 
       3.588761150151e-01       6.191637988922e+02 
       3.621027226118e-01       6.077926496473e+02 
       3.653293306536e-01       5.970473012284e+02 
       3.685559391287e-01       5.868776099280e+02 
       3.717825480258e-01       5.771953589886e+02 
       3.750091573341e-01       5.679077585270e+02 
       3.782357670428e-01       5.589109308842e+02 
       3.814623771419e-01       5.501144438843e+02 
       3.846889876215e-01       5.414559350651e+02 
       3.879155984719e-01       5.328741072710e+02 
       3.911422096841e-01       5.243290108953e+02 
       3.943688212490e-01       5.158133552657e+02 
       3.975954331581e-01       5.073162133187e+02 
       4.008220454031e-01       4.988570990386e+02 
       4.040486579758e-01       4.904535109923e+02 
       4.072752708684e-01       4.821413307682e+02 
       4.105018840733e-01       4.739649944198e+02 
       4.137284975833e-01       4.659612429857e+02 
       4.169551113912e-01       4.581672118760e+02 
       4.201817254901e-01       4.506084469144e+02 
       4.234083398733e-01       4.432935705468e+02 
       4.266349545344e-01       4.362266680784e+02 
       4.298615694671e-01       4.294007633262e+02 
       4.330881846653e-01       4.228101645373e+02 
       4.363148001230e-01       4.164375614913e+02 
       4.395414158346e-01       4.102615098303e+02 
       4.427680317945e-01       4.042635598543e+02 
       4.459946479972e-01       3.984195730058e+02 
       4.492212644376e-01       3.927035760685e+02 
       4.524478811104e-01       3.870825887789e+02 
       4.556744980108e-01       3.815426118423e+02 
       4.589011151339e-01       3.760621620141e+02 
       4.621277324751e-01       3.706437657623e+02 
       4.653543500298e-01       3.652836336465e+02 
       4.685809677936e-01       3.599849394427e+02 
       4.718075857621e-01       3.547554166728e+02 
       4.750342039313e-01       3.495952031090e+02 
       4.782608222969e-01       3.445230571018e+02 
       4.814874408551e-01       3.395360015890e+02 
       4.847140596020e-01       3.346537678092e+02 
       4.879406785338e-01       3.298852421796e+02 
       4.911672976469e-01       3.252374323036e+02 
       4.943939169377e-01       3.207139025217e+02 
       4.976205364028e-01       3.163072857670e+02 
       5.008471560387e-01       3.120232193735e+02 
       5.040737758423e-01       3.078419054101e+02 
       5.073003958101e-01       3.037576563842e+02 
       5.105270159393e-01       2.997614585555e+02 
       5.137536362266e-01       2.958403496184e+02 
       5.169802566692e-01       2.919904838321e+02 
       5.202068772641e-01       2.882046246916e+02 
       5.234334980085e-01       2.844759040570e+02 
       5.266601188996e-01       2.807975269964e+02 
       5.298867399348e-01       2.771697198968e+02 
       5.331133611114e-01       2.735869323647e+02 
       5.363399824269e-01       2.700528118224e+02 
       5.395666038788e-01       2.665695068273e+02 
       5.427932254647e-01       2.631470824851e+02 
       5.460198471820e-01       2.597845330201e+02 
       5.492464690286e-01       2.564859426921e+02 
       5.524730910022e-01       2.532478451171e+02 
       5.556997131005e-01       2.500685908939e+02 
       5.589263353214e-01       2.469499462409e+02 
       5.621529576627e-01       2.438959767793e+02 
       5.653795801225e-01       2.408985745476e+02 
       5.686062026986e-01       2.379622676751e+02 
       5.718328253891e-01       2.350807901492e+02 
       5.750594481920e-01       2.322610656889e+02 
       5.782860711055e-01       2.294872187261e+02 
       5.815126941278e-01       2.267605362400e+02 
       5.847393172570e-01       2.240763854758e+02 
       5.879659404913e-01       2.214331812389e+02 
       5.911925638291e-01       2.188321020177e+02 
       5.944191872686e-01       2.162664305439e+02 
       5.976458108082e-01       2.137461759381e+02 
       6.008724344463e-01       2.112589205376e+02 
       6.040990581813e-01       2.088094736601e+02 
       6.073256820116e-01       2.063970288181e+02 
       6.105523059357e-01       2.040166498315e+02 
       6.137789299522e-01       2.016724296619e+02 
       6.170055540596e-01       1.993693266219e+02 
       6.202321782565e-01       1.970992072428e+02 
       6.234588025414e-01       1.948719875412e+02 
       6.266854269130e-01       1.926795601878e+02 
       6.299120513701e-01       1.905301972072e+02 
       6.331386759111e-01       1.884059928324e+02 
       6.363653005350e-01       1.863246410284e+02 
       6.395919252404e-01       1.842733888074e+02 
       6.428185500261e-01       1.822551251169e+02 
       6.460451748909e-01       1.802693276248e+02 
       6.492717998336e-01       1.783147396612e+02 
       6.524984248531e-01       1.763949213477e+02 
       6.557250499482e-01       1.744953569264e+02 
       6.589516751178e-01       1.726284877459e+02 
       6.621783003607e-01       1.707816743798e+02 
       6.654049256761e-01       1.689633552175e+02 
       6.686315510627e-01       1.671722870233e+02 
       6.718581765196e-01       1.654051559340e+02 
       6.750848020457e-01       1.636649956522e+02 
       6.783114276401e-01       1.619501615893e+02 
       6.815380533018e-01       1.602607584868e+02 
       6.847646790299e-01       1.585944474290e+02 
       6.879913048233e-01       1.569525519489e+02 
       6.912179306812e-01       1.553334130160e+02 
       6.944445566027e-01       1.537373725939e+02 
       6.976711825869e-01       1.521675843697e+02 
       7.008978086329e-01       1.506205719585e+02 
       7.041244347399e-01       1.490945269661e+02 
       7.073510609070e-01       1.475945710466e+02 
       7.105776871335e-01       1.461132149455e+02 
       7.138043134185e-01       1.446536049915e+02 
       7.170309397612e-01       1.432129531582e+02 
       7.202575661608e-01       1.417904511337e+02 
       7.234841926166e-01       1.403907512808e+02 
       7.267108191279e-01       1.390092200853e+02 
       7.299374456938e-01       1.376477268121e+02 
       7.331640723137e-01       1.363019241008e+02 
       7.363906989869e-01       1.349767283760e+02 
       7.396173257126e-01       1.336664667917e+02 
       7.428439524902e-01       1.323748747375e+02 
       7.460705793191e-01       1.310995814848e+02 
       7.492972061984e-01       1.298423196299e+02 
       7.525238331276e-01       1.286024299566e+02 
       7.557504601061e-01       1.273795413572e+02 
       8.253927823945e-01       1.045086102169e+02 
       9.259282188304e-01       8.051150540227e+01 
       1.085451663061e+00       5.585878246479e+01 
       1.338300054853e+00       3.423320854822e+01 
       1.682427562536e+00       1.985893289465e+01 
       2.118008443059e+00       1.137852448085e+01 
       2.666414505981e+00       6.465984301648e+00 
       3.356816979887e+00       3.647199207217e+00 
       4.225982198722e+00       2.043495117526e+00 
       5.320196379760e+00       1.137777613589e+00 
       6.697730418216e+00       6.298545913907e-01 
       8.431943024838e+00       3.469755179097e-01 
       1.061518734477e+01       1.901756545629e-01 
       1.336372909929e+01       1.037537282525e-01 
       1.682393815942e+01       5.635971156320e-02 
       2.118008327535e+01       3.048057298582e-02 
       2.666414505926e+01       1.640444584482e-02 
       3.356816979887e+01       8.786866447303e-03 
       4.225982198722e+01       4.673360776727e-03 
       5.320196379760e+01       2.470745807958e-03 
       6.697730418216e+01       1.297887309797e-03 
       8.431943024838e+01       6.606108150943e-04 
       1.061518734477e+02       3.303403394660e-04 
       1.336372909929e+02       1.589117245152e-04 
       1.682393815942e+02       7.210216565775e-05 
       2.118008327535e+02       2.933695076591e-05 
       2.666414505926e+02       1.045331041988e-05 
       3.356816979887e+02       2.960708731443e-06 
       4.225982198722e+02       6.111477789381e-07 
       5.320196379760e+02       8.456006199412e-08 
       6.697730418216e+02       3.041754808560e-09 
       8.431943024838e+02       6.088001923817e-10 
       1.061518734477e+03       2.180277840593e-12 
