# Matter power spectrum P(k) at redshift z=0
# for k=1.04891e-05 to 1061.52 h/Mpc,
# number of wavenumbers equal to 632
#    1:k (h/Mpc)              2:P (Mpc/h)^3        
       1.048912248134e-05       4.733709427893e+01 
       2.342123614250e-05       1.028545877544e+02 
       3.639918309207e-05       1.574696053536e+02 
       4.945816017798e-05       2.117440871696e+02 
       6.263395094358e-05       2.660025306770e+02 
       7.596324722929e-05       3.204910252045e+02 
       8.948398113507e-05       3.754219295206e+02 
       1.032356717913e-04       4.309922384303e+02 
       1.172597914193e-04       4.873930480956e+02 
       1.316001551969e-04       5.448153773616e+02 
       1.463033394487e-04       6.034541720219e+02 
       1.614191326156e-04       6.635115704724e+02 
       1.770010232704e-04       7.251996127348e+02 
       1.931067290503e-04       7.887428139156e+02 
       2.097987696873e-04       8.543806149023e+02 
       2.271450861780e-04       9.223698226819e+02 
       2.452197063809e-04       9.929870529509e+02 
       2.641034547246e-04       1.066531283127e+03 
       2.838846999701e-04       1.143326271721e+03 
       3.046601297485e-04       1.223723051607e+03 
       3.265355334952e-04       1.308102275172e+03 
       3.496265660050e-04       1.396876310734e+03 
       3.740594517503e-04       1.490490971816e+03 
       3.999715750869e-04       1.589426516766e+03 
       4.275118835816e-04       1.694197936674e+03 
       4.568410115270e-04       1.805353736947e+03 
       4.881310097816e-04       1.923473142593e+03 
       5.215645491492e-04       2.049161135135e+03 
       5.573334520448e-04       2.183040763659e+03 
       5.956364074423e-04       2.325742196620e+03 
       6.366757448611e-04       2.477888602852e+03 
       6.806531926306e-04       2.640078017116e+03 
       7.277646301981e-04       2.812862034033e+03 
       7.781939648667e-04       2.996721848505e+03 
       8.321064118552e-04       3.192042877441e+03 
       8.896416125464e-04       3.399089694821e+03 
       9.509071569581e-04       3.617983978142e+03 
       1.015973144326e-03       3.848687257623e+03 
       1.084868386788e-03       4.090991247375e+03 
       1.157578720972e-03       4.344517038140e+03 
       1.234047655528e-03       4.608723781640e+03 
       1.314179293726e-03       4.882926175567e+03 
       1.397843191379e-03       5.166319197062e+03 
       1.484880601221e-03       5.458007338512e+03 
       1.575111453424e-03       5.757035541142e+03 
       1.668341434143e-03       6.062419204191e+03 
       1.764368627386e-03       6.373171325564e+03 
       1.862989341081e-03       6.688325252755e+03 
       1.964002905628e-03       7.006953117606e+03 
       2.067215381464e-03       7.328178578858e+03 
       2.172442224046e-03       7.651186466172e+03 
       2.279510025976e-03       7.975227203256e+03 
       2.388257491116e-03       8.299619670155e+03 
       2.498535803242e-03       8.623748712176e+03 
       2.610208541553e-03       8.947064605680e+03 
       2.723151275345e-03       9.269078455077e+03 
       2.837250946401e-03       9.589357715639e+03 
       2.952405124131e-03       9.907523622323e+03 
       3.068521197342e-03       1.022324189484e+04 
       3.185515548732e-03       1.053622302186e+04 
       3.303312743941e-03       1.084621656409e+04 
       3.421844755966e-03       1.115300452408e+04 
       3.541050237543e-03       1.145639936155e+04 
       3.660873848142e-03       1.175624228826e+04 
       3.781265638041e-03       1.205239745301e+04 
       3.902180489152e-03       1.234474919603e+04 
       4.023577610431e-03       1.263320450019e+04 
       4.145420084618e-03       1.291768141591e+04 
       4.267674462466e-03       1.319811874515e+04 
       4.390310400376e-03       1.347446670022e+04 
       4.513300337368e-03       1.374668138623e+04 
       4.636619207429e-03       1.401473504507e+04 
       4.760244183559e-03       1.427859961720e+04 
       4.884154450062e-03       1.453826740100e+04 
       5.008330999981e-03       1.479373481874e+04 
       5.132756454826e-03       1.504504878406e+04 
       5.257414904084e-03       1.529212342456e+04 
       5.382291762233e-03       1.553499683135e+04 
       5.507373641245e-03       1.577375396127e+04 
       5.632648236808e-03       1.600828717487e+04 
       5.758104226681e-03       1.623876371267e+04 
       5.883731179793e-03       1.646510553269e+04 
       6.009519474860e-03       1.668734751850e+04 
       6.135460227432e-03       1.690549553336e+04 
       6.261545224431e-03       1.711966348122e+04 
       6.387766865323e-03       1.732980251320e+04 
       6.514118109205e-03       1.753598951825e+04 
       6.640592427130e-03       1.773821714701e+04 
       6.767183759124e-03       1.793657637789e+04 
       6.893886475364e-03       1.813106711692e+04 
       7.020695341078e-03       1.832172282241e+04 
       7.147605484781e-03       1.850857249410e+04 
       7.274612369475e-03       1.869169007128e+04 
       7.401711766523e-03       1.887107671534e+04 
       7.528899731913e-03       1.904679116920e+04 
       7.656172584667e-03       1.921886339019e+04 
       7.783526887184e-03       1.938732443374e+04 
       7.910959427315e-03       1.955222903203e+04 
       8.038467202013e-03       1.971360767914e+04 
       8.166047402388e-03       1.987149685321e+04 
       8.293697400040e-03       2.002593051036e+04 
       8.421414734552e-03       2.017696021845e+04 
       8.549197102024e-03       2.032461706652e+04 
       8.677042344553e-03       2.046893956819e+04 
       8.804948440580e-03       2.060996312682e+04 
       8.932913496012e-03       2.074773081405e+04 
       9.060935736059e-03       2.088227109521e+04 
       9.189013497716e-03       2.101362399820e+04 
       9.317145222838e-03       2.114183056338e+04 
       9.445329451754e-03       2.126691804819e+04 
       9.573564817366e-03       2.138892940186e+04 
       9.701850039710e-03       2.150789554823e+04 
       9.830183920918e-03       2.162384888343e+04 
       9.958565340567e-03       2.173683098622e+04 
       1.008699325137e-02       2.184686935795e+04 
       1.021546667517e-02       2.195399937585e+04 
       1.034398469927e-02       2.205826296039e+04 
       1.047254647298e-02       2.215967911141e+04 
       1.060115120446e-02       2.225829226401e+04 
       1.072979815772e-02       2.235414031831e+04 
       1.085848664995e-02       2.244723613713e+04 
       1.098721604891e-02       2.253763339059e+04 
       1.111598577060e-02       2.262534781985e+04 
       1.124479527703e-02       2.271042537389e+04 
       1.137364407421e-02       2.279288259913e+04 
       1.150253171024e-02       2.287275692254e+04 
       1.163145777350e-02       2.295007888649e+04 
       1.176042189107e-02       2.302488225818e+04 
       1.188942372716e-02       2.309720121815e+04 
       1.201846298169e-02       2.316704571016e+04 
       1.214753938896e-02       2.323446669768e+04 
       1.227665271646e-02       2.329947060324e+04 
       1.240580276367e-02       2.336210778178e+04 
       1.253498936104e-02       2.342239845344e+04 
       1.266421236898e-02       2.348037647041e+04 
       1.279347167696e-02       2.353606063506e+04 
       1.292276720265e-02       2.358949315547e+04 
       1.305209889114e-02       2.364069936312e+04 
       1.318146671421e-02       2.368969000476e+04 
       1.331087066966e-02       2.373651107068e+04 
       1.344031078070e-02       2.378116820207e+04 
       1.356978709534e-02       2.382370401606e+04 
       1.369929968593e-02       2.386414152983e+04 
       1.382884864862e-02       2.390250492096e+04 
       1.395843410296e-02       2.393882219903e+04 
       1.408805619148e-02       2.397311365536e+04 
       1.421771507932e-02       2.400541079426e+04 
       1.434741095393e-02       2.403574639424e+04 
       1.447714402477e-02       2.406413247502e+04 
       1.460691452303e-02       2.409058758532e+04 
       1.473672270140e-02       2.411514197554e+04 
       1.486656883391e-02       2.413783921970e+04 
       1.499645321570e-02       2.415869080265e+04 
       1.512637616292e-02       2.417771237713e+04 
       1.525633801256e-02       2.419493286701e+04 
       1.538633912241e-02       2.421037564959e+04 
       1.551637987096e-02       2.422406533304e+04 
       1.564646065734e-02       2.423602355003e+04 
       1.577658190131e-02       2.424628109740e+04 
       1.590674404326e-02       2.425484433326e+04 
       1.603694754421e-02       2.426175718047e+04 
       1.616719288586e-02       2.426702344254e+04 
       1.629748057062e-02       2.427067527423e+04 
       1.642781112173e-02       2.427273422460e+04 
       1.655818508332e-02       2.427321138433e+04 
       1.668860302054e-02       2.427214275157e+04 
       1.681906551966e-02       2.426954350895e+04 
       1.694957318827e-02       2.426543856681e+04 
       1.708012665540e-02       2.425984984095e+04 
       1.721072657174e-02       2.425277610283e+04 
       1.734137360982e-02       2.424428315566e+04 
       1.747206846421e-02       2.423434165642e+04 
       1.760281185182e-02       2.422301517129e+04 
       1.773360451208e-02       2.421028736844e+04 
       1.786444720724e-02       2.419621040320e+04 
       1.799534072266e-02       2.418077537642e+04 
       1.812628586711e-02       2.416401952235e+04 
       1.825728347305e-02       2.414596635454e+04 
       1.838833439705e-02       2.412662319768e+04 
       1.851943952006e-02       2.410601083500e+04 
       1.865059974780e-02       2.408417262484e+04 
       1.878181601117e-02       2.406110694684e+04 
       1.891308926663e-02       2.403680495284e+04 
       1.904442049664e-02       2.401131312240e+04 
       1.917581071006e-02       2.398467919129e+04 
       1.930726094264e-02       2.395688444363e+04 
       1.943877225749e-02       2.392797934680e+04 
       1.957034574555e-02       2.389790592776e+04 
       1.970198252612e-02       2.386676874112e+04 
       1.983368374736e-02       2.383457725027e+04 
       1.996545058689e-02       2.380129412534e+04 
       2.009728425228e-02       2.376698204713e+04 
       2.022918598173e-02       2.373165201676e+04 
       2.036115704457e-02       2.369528419015e+04 
       2.049319874198e-02       2.365794450164e+04 
       2.062531240759e-02       2.361964231681e+04 
       2.075749940816e-02       2.358034821645e+04 
       2.088976114425e-02       2.354014667385e+04 
       2.102209905097e-02       2.349903639884e+04 
       2.115451459872e-02       2.345696675794e+04 
       2.128700929390e-02       2.341401699198e+04 
       2.141958467975e-02       2.337021659830e+04 
       2.155224233711e-02       2.332554091308e+04 
       2.168498388531e-02       2.328004581457e+04 
       2.181781098300e-02       2.323370478542e+04 
       2.195072532902e-02       2.318658327931e+04 
       2.208372866337e-02       2.313865227303e+04 
       2.221682276811e-02       2.308993989777e+04 
       2.235000946836e-02       2.304047255418e+04 
       2.248329063328e-02       2.299025605222e+04 
       2.261666817716e-02       2.293927954095e+04 
       2.275014406042e-02       2.288761392407e+04 
       2.288372029076e-02       2.283522778465e+04 
       2.301739892430e-02       2.278215804318e+04 
       2.315118206671e-02       2.272840995557e+04 
       2.328507187447e-02       2.267399199706e+04 
       2.341907055609e-02       2.261894434075e+04 
       2.355318037340e-02       2.256329904893e+04 
       2.368740364290e-02       2.250695370014e+04 
       2.382174273710e-02       2.245007898162e+04 
       2.395620008593e-02       2.239256777208e+04 
       2.409077817825e-02       2.233445600936e+04 
       2.422547956330e-02       2.227585923240e+04 
       2.436030685226e-02       2.221666472779e+04 
       2.449526271990e-02       2.215689940280e+04 
       2.463034990617e-02       2.209668780398e+04 
       2.476557121797e-02       2.203588843263e+04 
       2.490092953088e-02       2.197465273135e+04 
       2.503642779098e-02       2.191289781426e+04 
       2.517206901674e-02       2.185075086681e+04 
       2.530785630100e-02       2.178801113112e+04 
       2.544379281291e-02       2.172485561670e+04 
       2.557988180006e-02       2.166127413008e+04 
       2.571612659063e-02       2.159724784984e+04 
       2.585253059556e-02       2.153284085496e+04 
       2.598909731092e-02       2.146805548392e+04 
       2.612583032019e-02       2.140280933464e+04 
       2.626273329681e-02       2.133721762599e+04 
       2.639981000666e-02       2.127126388221e+04 
       2.653706431070e-02       2.120493764330e+04 
       2.667450016770e-02       2.113825096559e+04 
       2.681212163706e-02       2.107128987464e+04 
       2.694993288173e-02       2.100390071160e+04 
       2.708793817118e-02       2.093625214841e+04 
       2.722614188461e-02       2.086831346618e+04 
       2.736454851414e-02       2.080008797803e+04 
       2.750316266819e-02       2.073152638479e+04 
       2.764198907495e-02       2.066270131827e+04 
       2.778103258600e-02       2.059363001376e+04 
       2.792029818007e-02       2.052424848179e+04 
       2.805979096691e-02       2.045468651953e+04 
       2.819951619134e-02       2.038488543808e+04 
       2.833947923744e-02       2.031480338183e+04 
       2.847968563286e-02       2.024451564888e+04 
       2.862014105341e-02       2.017403474964e+04 
       2.876085132767e-02       2.010339596493e+04 
       2.890182244195e-02       2.003249262502e+04 
       2.904306054528e-02       1.996142873334e+04 
       2.918457195474e-02       1.989012553772e+04 
       2.932636316093e-02       1.981870508769e+04 
       2.946844083365e-02       1.974714986402e+04 
       2.961081182787e-02       1.967540672212e+04 
       2.975348318989e-02       1.960349084432e+04 
       2.989646216379e-02       1.953150116987e+04 
       3.003975619815e-02       1.945932230434e+04 
       3.018337295299e-02       1.938701807437e+04 
       3.032732030713e-02       1.931464383899e+04 
       3.047160636575e-02       1.924216460940e+04 
       3.061623946829e-02       1.916955030700e+04 
       3.076122819680e-02       1.909680787849e+04 
       3.090658138452e-02       1.902403220204e+04 
       3.105230812491e-02       1.895105827031e+04 
       3.119841778111e-02       1.887817322742e+04 
       3.134491999577e-02       1.880516570353e+04 
       3.149182470135e-02       1.873201087670e+04 
       3.163914213089e-02       1.865890712967e+04 
       3.178688282933e-02       1.858560983980e+04 
       3.193505766527e-02       1.851236246981e+04 
       3.208367784337e-02       1.843907051345e+04 
       3.223275491728e-02       1.836572952320e+04 
       3.238230080324e-02       1.829230439921e+04 
       3.253232779434e-02       1.821886434975e+04 
       3.268284857542e-02       1.814549953221e+04 
       3.283387623881e-02       1.807201765453e+04 
       3.298542430077e-02       1.799850024759e+04 
       3.313750671881e-02       1.792505881880e+04 
       3.329013790990e-02       1.785162875127e+04 
       3.344333276959e-02       1.777805427465e+04 
       3.359710669215e-02       1.770452876082e+04 
       3.375147559179e-02       1.763105591139e+04 
       3.390645592499e-02       1.755757780068e+04 
       3.406206471401e-02       1.748408800111e+04 
       3.421831957174e-02       1.741067203001e+04 
       3.437523872789e-02       1.733716012708e+04 
       3.453284105661e-02       1.726373999693e+04 
       3.469114610573e-02       1.719033638141e+04 
       3.485017412760e-02       1.711700996651e+04 
       3.500994611176e-02       1.704358510216e+04 
       3.517048381947e-02       1.697031362753e+04 
       3.533180982028e-02       1.689697335535e+04 
       3.549394753086e-02       1.682376106550e+04 
       3.565692125602e-02       1.675051643171e+04 
       3.582075623237e-02       1.667733632471e+04 
       3.598547867463e-02       1.660417115834e+04 
       3.615111582479e-02       1.653107391344e+04 
       3.631769600446e-02       1.645798361812e+04 
       3.648524867055e-02       1.638499004403e+04 
       3.665380447448e-02       1.631199463253e+04 
       3.682339532544e-02       1.623906014067e+04 
       3.699405445769e-02       1.616611259911e+04 
       3.716581650255e-02       1.609328582915e+04 
       3.733871756517e-02       1.602041732852e+04 
       3.751279530672e-02       1.594759498896e+04 
       3.768808903232e-02       1.587487123774e+04 
       3.786463978515e-02       1.580213218017e+04 
       3.804249044747e-02       1.572949144954e+04 
       3.822168584893e-02       1.565685236548e+04 
       3.840227288294e-02       1.558426080421e+04 
       3.858430063183e-02       1.551169476149e+04 
       3.876782050148e-02       1.543913457108e+04 
       3.895288636649e-02       1.536664581984e+04 
       3.913955472663e-02       1.529414141729e+04 
       3.932788487590e-02       1.522168417782e+04 
       3.951793908522e-02       1.514923954768e+04 
       3.970978280017e-02       1.507682980435e+04 
       3.990348485525e-02       1.500436134723e+04 
       4.009911770640e-02       1.493198311504e+04 
       4.029675768351e-02       1.485959319584e+04 
       4.049648526514e-02       1.478719885444e+04 
       4.069838537782e-02       1.471473330382e+04 
       4.090254772235e-02       1.464231475871e+04 
       4.110906713044e-02       1.456988595132e+04 
       4.131804395470e-02       1.449738913731e+04 
       4.152958449604e-02       1.442487954187e+04 
       4.174380147263e-02       1.435234048163e+04 
       4.196081453545e-02       1.427975519283e+04 
       4.218075083587e-02       1.420706502946e+04 
       4.240374565176e-02       1.413435616432e+04 
       4.262994307930e-02       1.406160083653e+04 
       4.285949679888e-02       1.398868863869e+04 
       4.309257092469e-02       1.391567107045e+04 
       4.332934094896e-02       1.384259901547e+04 
       4.356999479369e-02       1.376937292455e+04 
       4.381473398465e-02       1.369603995213e+04 
       4.406377496461e-02       1.362255172540e+04 
       4.431735056613e-02       1.354880533449e+04 
       4.457571166682e-02       1.347498572945e+04 
       4.483912905486e-02       1.340086279256e+04 
       4.510789553654e-02       1.332662072897e+04 
       4.538232832406e-02       1.325208795664e+04 
       4.566277174832e-02       1.317727313210e+04 
       4.594960035003e-02       1.310215767617e+04 
       4.624322241280e-02       1.302678186314e+04 
       4.654408401417e-02       1.295098655698e+04 
       4.685267368606e-02       1.287485935065e+04 
       4.716952779473e-02       1.279827409830e+04 
       4.749523677377e-02       1.272129030520e+04 
       4.783045237232e-02       1.264377209879e+04 
       4.817589611680e-02       1.256573361134e+04 
       4.853236922902e-02       1.248706520572e+04 
       4.890076430019e-02       1.240777589449e+04 
       4.928207909111e-02       1.232779643709e+04 
       4.967743291886e-02       1.224700143085e+04 
       5.008808620409e-02       1.216534895912e+04 
       5.051546389811e-02       1.208275815182e+04 
       5.096118369386e-02       1.199912060814e+04 
       5.142709016018e-02       1.191429305202e+04 
       5.191529623893e-02       1.182813406577e+04 
       5.242823392378e-02       1.174051577435e+04 
       5.296871641649e-02       1.165125966735e+04 
       5.354001464343e-02       1.156005666488e+04 
       5.414595171889e-02       1.146672556745e+04 
       5.479101973606e-02       1.137090234358e+04 
       5.548052406785e-02       1.127213784196e+04 
       5.622076094436e-02       1.116995223656e+04 
       5.701923394988e-02       1.106363310935e+04 
       5.788491322459e-02       1.095238890771e+04 
       5.882853555012e-02       1.083512355893e+04 
       5.986293039146e-02       1.071029107372e+04 
       6.100332986847e-02       1.057599239399e+04 
       6.226756962533e-02       1.042960420171e+04 
       6.367600128031e-02       1.026770016966e+04 
       6.525081362424e-02       1.008564240233e+04 
       6.701433808883e-02       9.877694342849e+03 
       6.898593282740e-02       9.637113482822e+03 
       7.117747049341e-02       9.356961939258e+03 
       7.358851533545e-02       9.031723024814e+03 
       7.620353569214e-02       8.659747814265e+03 
       7.899349811195e-02       8.245236231516e+03 
       8.192185747496e-02       7.798932882079e+03 
       8.495199117746e-02       7.336719856709e+03 
       8.805263098053e-02       6.876727919207e+03 
       9.119997823792e-02       6.436395570958e+03 
       9.437731373374e-02       6.030099482131e+03 
       9.757350667683e-02       5.667811227279e+03 
       1.007814012315e-01       5.354747260497e+03 
       1.039964978016e-01       5.091626555502e+03 
       1.072160057950e-01       4.875362040883e+03 
       1.104382091066e-01       4.699945981425e+03 
       1.136620577750e-01       4.557275064192e+03 
       1.168869113247e-01       4.438171522799e+03 
       1.201123797051e-01       4.333116590311e+03 
       1.233382255442e-01       4.233159451544e+03 
       1.265643043876e-01       4.130659640279e+03 
       1.297905282718e-01       4.019902478536e+03 
       1.330168435625e-01       3.897521875784e+03 
       1.362432174853e-01       3.762597193736e+03 
       1.394696299443e-01       3.616460017631e+03 
       1.426960685541e-01       3.462253096028e+03 
       1.459225256241e-01       3.304293182348e+03 
       1.491489963258e-01       3.147404782224e+03 
       1.523754775805e-01       2.996280623061e+03 
       1.556019673830e-01       2.854971456720e+03 
       1.588284643898e-01       2.726522035456e+03 
       1.620549676689e-01       2.612817770123e+03 
       1.652814765466e-01       2.514459583360e+03 
       1.685079905138e-01       2.431000605721e+03 
       1.717345091688e-01       2.360924725814e+03 
       1.749610321818e-01       2.302042698257e+03 
       1.781875592723e-01       2.251662751465e+03 
       1.814140901957e-01       2.206893761019e+03 
       1.846406247337e-01       2.165173359858e+03 
       1.878671626894e-01       2.123937972298e+03 
       1.910937038825e-01       2.080714411536e+03 
       1.943202481469e-01       2.033985662167e+03 
       1.975467953288e-01       1.983022830963e+03 
       2.007733452851e-01       1.927850236581e+03 
       2.039998978824e-01       1.869171681474e+03 
       2.072264529960e-01       1.808189450306e+03 
       2.104530105089e-01       1.746391282833e+03 
       2.136795703114e-01       1.685304605813e+03 
       2.169061323005e-01       1.626347134334e+03 
       2.201326963794e-01       1.570700822746e+03 
       2.233592624566e-01       1.519220491041e+03 
       2.265858304464e-01       1.472451280328e+03 
       2.298124002674e-01       1.430592362582e+03 
       2.330389718432e-01       1.393531050409e+03 
       2.362655451013e-01       1.360850897377e+03 
       2.394921199733e-01       1.331928489439e+03 
       2.427186963944e-01       1.305921690747e+03 
       2.459452743032e-01       1.281929004948e+03 
       2.491718536416e-01       1.259022949573e+03 
       2.523984343544e-01       1.236407553064e+03 
       2.556250163892e-01       1.213419100420e+03 
       2.588515996962e-01       1.189606618284e+03 
       2.620781842283e-01       1.164716798238e+03 
       2.653047699404e-01       1.138726680911e+03 
       2.685313567898e-01       1.111765308153e+03 
       2.717579447357e-01       1.084127599851e+03 
       2.749845337392e-01       1.056207876451e+03 
       2.782111237634e-01       1.028479760688e+03 
       2.814377147730e-01       1.001401768023e+03 
       2.846643067342e-01       9.754219237172e+02 
       2.878908996149e-01       9.508701220589e+02 
       2.911174933844e-01       9.279719134007e+02 
       2.943440880132e-01       9.068115902646e+02 
       2.975706834733e-01       8.873563129984e+02 
       3.007972797377e-01       8.694688946809e+02 
       3.040238767808e-01       8.529436110097e+02 
       3.072504745778e-01       8.375273152894e+02 
       3.104770731052e-01       8.229451470726e+02 
       3.137036723402e-01       8.089313038818e+02 
       3.169302722612e-01       7.952192369903e+02 
       3.201568728473e-01       7.815881990478e+02 
       3.233834740785e-01       7.678735493012e+02 
       3.266100759356e-01       7.539613020195e+02 
       3.298366784002e-01       7.398187934450e+02 
       3.330632814544e-01       7.254780193296e+02 
       3.362898850813e-01       7.110235378090e+02 
       3.395164892645e-01       6.965732572636e+02 
       3.427430939880e-01       6.822650211312e+02 
       3.459696992369e-01       6.682362326330e+02 
       3.491963049964e-01       6.545975006647e+02 
       3.524229112524e-01       6.414529989721e+02 
       3.556495179914e-01       6.288793090402e+02 
       3.588761252003e-01       6.169194336729e+02 
       3.621027328665e-01       6.055957700359e+02 
       3.653293409778e-01       5.948835938827e+02 
       3.685559495224e-01       5.847279550992e+02 
       3.717825584891e-01       5.750551769334e+02 
       3.750091678668e-01       5.657685525001e+02 
       3.782357776451e-01       5.567729043618e+02 
       3.814623878137e-01       5.479814796484e+02 
       3.846889983627e-01       5.393263078873e+02 
       3.879156092827e-01       5.307534746764e+02 
       3.911422205644e-01       5.222313847181e+02 
       3.943688321988e-01       5.137424983885e+02 
       3.975954441775e-01       5.052829901515e+02 
       4.008220564919e-01       4.968623684322e+02 
       4.040486691341e-01       4.885045494257e+02 
       4.072752820962e-01       4.802415717016e+02 
       4.105018953707e-01       4.721126125454e+02 
       4.137285089502e-01       4.641578011989e+02 
       4.169551228276e-01       4.564086525225e+02 
       4.201817369960e-01       4.488895229630e+02 
       4.234083514487e-01       4.416107583231e+02 
       4.266349661793e-01       4.345762176957e+02 
       4.298615811815e-01       4.277779354197e+02 
       4.330881964492e-01       4.212068635202e+02 
       4.363148119764e-01       4.148506392023e+02 
       4.395414277575e-01       4.086905020389e+02 
       4.427680437869e-01       4.027077849947e+02 
       4.459946600591e-01       3.968760954728e+02 
       4.492212765690e-01       3.911698901246e+02 
       4.524478933113e-01       3.855640176623e+02 
       4.556745102813e-01       3.800376272390e+02 
       4.589011274739e-01       3.745780807724e+02 
       4.621277448846e-01       3.691785121000e+02 
       4.653543625088e-01       3.638395670128e+02 
       4.685809803421e-01       3.585635376623e+02 
       4.718075983801e-01       3.533563827402e+02 
       4.750342166188e-01       3.482237358141e+02 
       4.782608350539e-01       3.431730515643e+02 
       4.814874536816e-01       3.382129498077e+02 
       4.847140724980e-01       3.333537823579e+02 
       4.879406914993e-01       3.286060637678e+02 
       4.911673106820e-01       3.239771510901e+02 
       4.943939300423e-01       3.194705673131e+02 
       4.976205495769e-01       3.150852422194e+02 
       5.008471692823e-01       3.108138269608e+02 
       5.040737891553e-01       3.066478228050e+02 
       5.073004091927e-01       3.025775144422e+02 
       5.105270293914e-01       2.985914656931e+02 
       5.137536497482e-01       2.946826698418e+02 
       5.169802702603e-01       2.908455861683e+02 
       5.202068909247e-01       2.870726114154e+02 
       5.234335117386e-01       2.833566548960e+02 
       5.266601326992e-01       2.796929637068e+02 
       5.298867538039e-01       2.760777923095e+02 
       5.331133750501e-01       2.725100221517e+02 
       5.363399964351e-01       2.689908857858e+02 
       5.395666179565e-01       2.655241826133e+02 
       5.427932396118e-01       2.621150630866e+02 
       5.460198613987e-01       2.587656503737e+02 
       5.492464833148e-01       2.554780832183e+02 
       5.524731053579e-01       2.522534087775e+02 
       5.556997275257e-01       2.490893124879e+02 
       5.589263498161e-01       2.459852754550e+02 
       5.621529722270e-01       2.429412233975e+02 
       5.653795947562e-01       2.399570944109e+02 
       5.686062174018e-01       2.370318237981e+02 
       5.718328401618e-01       2.341632209116e+02 
       5.750594630343e-01       2.313503154500e+02 
       5.782860860173e-01       2.285870140800e+02 
       5.815127091091e-01       2.258704105452e+02 
       5.847393323078e-01       2.231957199227e+02 
       5.879659556116e-01       2.205627272418e+02 
       5.911925790189e-01       2.179695660955e+02 
       5.944192025279e-01       2.154160948252e+02 
       5.976458261370e-01       2.129025113402e+02 
       6.008724498446e-01       2.104269120770e+02 
       6.040990736491e-01       2.079874942819e+02 
       6.073256975489e-01       2.055833266567e+02 
       6.105523215426e-01       2.032137762020e+02 
       6.137789456286e-01       2.008789987054e+02 
       6.170055698055e-01       1.985834393086e+02 
       6.202321940718e-01       1.963248175423e+02 
       6.234588184263e-01       1.941052202235e+02 
       6.266854428674e-01       1.919230691206e+02 
       6.299120673939e-01       1.897786779418e+02 
       6.331386920045e-01       1.876684847506e+02 
       6.363653166979e-01       1.855918093376e+02 
       6.395919414728e-01       1.835486393890e+02 
       6.428185663280e-01       1.815378273972e+02 
       6.460451912623e-01       1.795599026359e+02 
       6.492718162746e-01       1.776129240409e+02 
       6.524984413635e-01       1.756959617383e+02 
       6.557250665281e-01       1.738073857163e+02 
       6.589516917672e-01       1.719447484953e+02 
       6.621783170797e-01       1.701076732679e+02 
       6.654049424646e-01       1.682971344647e+02 
       6.686315679207e-01       1.665115316267e+02 
       6.718581934471e-01       1.647522272913e+02 
       6.750848190427e-01       1.630194434451e+02 
       6.783114447066e-01       1.613114325885e+02 
       6.815380704378e-01       1.596287466333e+02 
       6.847646962354e-01       1.579692886724e+02 
       6.879913220983e-01       1.563334576771e+02 
       6.912179480257e-01       1.547208719633e+02 
       6.944445740167e-01       1.531322576061e+02 
       6.976712000704e-01       1.515676453640e+02 
       7.008978261860e-01       1.500265102972e+02 
       7.041244523625e-01       1.485088457869e+02 
       7.073510785991e-01       1.470127944482e+02 
       7.105777048951e-01       1.455376324640e+02 
       7.138043312495e-01       1.440824054496e+02 
       7.170309576617e-01       1.426469062536e+02 
       7.202575841309e-01       1.412314580591e+02 
       7.234842106562e-01       1.398362234866e+02 
       7.267108372370e-01       1.384604784333e+02 
       7.299374638724e-01       1.371043063374e+02 
       7.331640905619e-01       1.357648256529e+02 
       7.363907173045e-01       1.344436282087e+02 
       7.396173440998e-01       1.331391960666e+02 
       7.428439709469e-01       1.318517797144e+02 
       7.460705978452e-01       1.305823254569e+02 
       7.492972247941e-01       1.293296123008e+02 
       7.525238517928e-01       1.280943075485e+02 
       7.557504788408e-01       1.268761121651e+02 
       8.253928035463e-01       1.040930660566e+02 
       9.259282438763e-01       8.019212485102e+01 
       1.085451694774e+00       5.563669314297e+01 
       1.338300096097e+00       3.409647946694e+01 
       1.682427614730e+00       1.977964273582e+01 
       2.118008508775e+00       1.133297591300e+01 
       2.666414588713e+00       6.439775162224e+00 
       3.356817084040e+00       3.632235172303e+00 
       4.225982329842e+00       2.034893546788e+00 
       5.320196544832e+00       1.132869336176e+00 
       6.697730626028e+00       6.270955198927e-01 
       8.431943286459e+00       3.452457180285e-01 
       1.061518767413e+01       1.890782027509e-01 
       1.336372951393e+01       1.030372911214e-01 
       1.682393868143e+01       5.582889954080e-02 
       2.118008393251e+01       3.009202270160e-02 
       2.666414588658e+01       1.607784488855e-02 
       3.356817084040e+01       8.516341475106e-03 
       4.225982329842e+01       4.447186619234e-03 
       5.320196544832e+01       2.274546697134e-03 
       6.697730626028e+01       1.125835484892e-03 
       8.431943286459e+01       5.309784977367e-04 
       1.061518767413e+02       2.314468026989e-04 
       1.336372951393e+02       8.937182320686e-05 
       1.682393868143e+02       2.928877773717e-05 
       2.118008393251e+02       7.387431304247e-06 
       2.666414588658e+02       1.425835473388e-06 
       3.356817084040e+02       2.249459325875e-07 
       4.225982329842e+02       1.336830976790e-08 
       5.320196544832e+02       9.606179348623e-10 
       6.697730626028e+02       2.759703459483e-11 
       8.431943286459e+02       8.910462377924e-13 
       1.061518767413e+03       6.960996647724e-14 
