# Matter power spectrum P(k) at redshift z=0
# for k=1.04891e-05 to 1061.52 h/Mpc,
# number of wavenumbers equal to 632
#    1:k (h/Mpc)              2:P (Mpc/h)^3        
       1.048912248128e-05       4.749488582405e+01 
       2.342123594997e-05       1.031974238438e+02 
       3.639918270544e-05       1.579944537770e+02 
       4.945815959406e-05       2.124497773233e+02 
       6.263395015756e-05       2.668889503444e+02 
       7.596324623467e-05       3.215588753962e+02 
       8.948397992359e-05       3.766726006232e+02 
       1.032356703528e-04       4.324277557305e+02 
       1.172597897417e-04       4.890160667888e+02 
       1.316001532657e-04       5.466291421763e+02 
       1.463033372471e-04       6.054625793387e+02 
       1.614191301243e-04       6.657191412222e+02 
       1.770010204669e-04       7.276115555772e+02 
       1.931067259090e-04       7.913650352542e+02 
       2.097987661789e-04       8.572197824581e+02 
       2.271450822690e-04       9.254334063033e+02 
       2.452197020333e-04       9.962834066054e+02 
       2.641034498954e-04       1.070069666805e+03 
       2.838846946104e-04       1.147116967727e+03 
       3.046601238031e-04       1.227777427684e+03 
       3.265355269016e-04       1.312432881394e+03 
       3.496265586930e-04       1.401496978343e+03 
       3.740594436408e-04       1.495416894548e+03 
       3.999715660914e-04       1.594674442269e+03 
       4.275118736012e-04       1.699786162413e+03 
       4.568410004521e-04       1.811302351442e+03 
       4.881309974911e-04       1.929804128208e+03 
       5.215645355104e-04       2.055898481547e+03 
       5.573334369134e-04       2.190210606594e+03 
       5.956363906633e-04       2.333373075517e+03 
       6.366757262702e-04       2.486011476910e+03 
       6.806531720558e-04       2.648726493901e+03 
       7.277646074627e-04       2.822072530074e+03 
       7.781939397929e-04       3.006533724058e+03 
       8.321063842684e-04       3.202498528269e+03 
       8.896415822798e-04       3.410234712984e+03 
       9.509071238574e-04       3.629867092885e+03 
       1.015973108254e-03       3.861360290064e+03 
       1.084868347628e-03       4.104508761291e+03 
       1.157578678633e-03       4.358936124627e+03 
       1.234047609941e-03       4.624103301053e+03 
       1.314179244850e-03       4.899326065573e+03 
       1.397843139195e-03       5.183799511673e+03 
       1.484880545734e-03       5.476627225157e+03 
       1.575111394655e-03       5.776852116584e+03 
       1.668341372131e-03       6.083486706607e+03 
       1.764368562180e-03       6.395539987200e+03 
       1.862989272738e-03       6.712040975494e+03 
       1.964002834212e-03       7.032056748361e+03 
       2.067215307041e-03       7.354705959349e+03 
       2.172442146682e-03       7.679169009708e+03 
       2.279509945738e-03       8.004692217135e+03 
       2.388257408069e-03       8.330590691559e+03 
       2.498535717448e-03       8.656246457544e+03 
       2.610208453070e-03       8.981107615345e+03 
       2.723151184227e-03       9.304683292256e+03 
       2.837250852700e-03       9.626539906300e+03 
       2.952405027895e-03       9.946296051793e+03 
       3.068521098615e-03       1.026361710737e+04 
       3.185515447554e-03       1.057821268123e+04 
       3.303312640350e-03       1.088982719847e+04 
       3.421844649996e-03       1.119824449607e+04 
       3.541050129226e-03       1.150327185591e+04 
       3.660873737507e-03       1.180474902748e+04 
       3.781265525114e-03       1.210253700636e+04 
       3.902180373957e-03       1.239651955203e+04 
       4.023577492991e-03       1.268659961248e+04 
       4.145419964954e-03       1.297269634283e+04 
       4.267674340596e-03       1.325474539981e+04 
       4.390310276319e-03       1.353269472407e+04 
       4.513300211138e-03       1.380650462613e+04 
       4.636619079041e-03       1.407614609758e+04 
       4.760244053027e-03       1.434158700792e+04 
       4.884154317399e-03       1.460282290454e+04 
       5.008330865197e-03       1.485984677074e+04 
       5.132756317933e-03       1.511271002614e+04 
       5.257414765092e-03       1.536131902702e+04 
       5.382291621150e-03       1.560571347988e+04 
       5.507373498080e-03       1.584597880261e+04 
       5.632648091568e-03       1.608200561652e+04 
       5.758104079374e-03       1.631395807794e+04 
       5.883731030427e-03       1.654175524654e+04 
       6.009519323440e-03       1.676544026777e+04 
       6.135460073964e-03       1.698501023448e+04 
       6.261545068920e-03       1.720058125320e+04 
       6.387766707775e-03       1.741210019879e+04 
       6.514117949624e-03       1.761965097122e+04 
       6.640592265521e-03       1.782322520214e+04 
       6.767183595491e-03       1.802290452236e+04 
       6.893886309711e-03       1.821869891157e+04 
       7.020695173409e-03       1.841063513627e+04 
       7.147605315099e-03       1.859874612626e+04 
       7.274612197783e-03       1.878309949049e+04 
       7.401711592824e-03       1.896370224094e+04 
       7.528899556210e-03       1.914060516319e+04 
       7.656172406963e-03       1.931383760494e+04 
       7.783526707481e-03       1.948344019180e+04 
       7.910959245616e-03       1.964945759776e+04 
       8.038467018319e-03       1.981192007962e+04 
       8.166047216702e-03       1.997086520459e+04 
       8.293697212363e-03       2.012632711732e+04 
       8.421414544887e-03       2.027835882776e+04 
       8.549196910372e-03       2.042699500939e+04 
       8.677042150916e-03       2.057226974101e+04 
       8.804948244959e-03       2.071421730151e+04 
       8.932913298409e-03       2.085287431962e+04 
       9.060935536475e-03       2.098828580197e+04 
       9.189013296152e-03       2.112048244375e+04 
       9.317145019297e-03       2.124950110336e+04 
       9.445329246235e-03       2.137537967901e+04 
       9.573564609871e-03       2.149815952610e+04 
       9.701849830239e-03       2.161785289480e+04 
       9.830183709473e-03       2.173451807843e+04 
       9.958565127148e-03       2.184817947457e+04 
       1.008699303597e-02       2.195887268475e+04 
       1.021546645780e-02       2.206663628913e+04 
       1.034398447993e-02       2.217149158496e+04 
       1.047254625167e-02       2.227348503669e+04 
       1.060115098118e-02       2.237265244944e+04 
       1.072979793248e-02       2.246900269564e+04 
       1.085848642274e-02       2.256259573433e+04 
       1.098721581973e-02       2.265344964682e+04 
       1.111598553945e-02       2.274160000079e+04 
       1.124479504391e-02       2.282707913433e+04 
       1.137364383912e-02       2.290991255881e+04 
       1.150253147318e-02       2.299014312255e+04 
       1.163145753448e-02       2.306778658992e+04 
       1.176042165008e-02       2.314288698204e+04 
       1.188942348421e-02       2.321546146913e+04 
       1.201846273677e-02       2.328554792972e+04 
       1.214753914207e-02       2.335317837094e+04 
       1.227665246761e-02       2.341837065524e+04 
       1.240580251285e-02       2.348116703087e+04 
       1.253498910825e-02       2.354159853176e+04 
       1.266421211423e-02       2.359968370044e+04 
       1.279347142024e-02       2.365545393029e+04 
       1.292276694396e-02       2.370893931174e+04 
       1.305209863049e-02       2.376016969541e+04 
       1.318146645159e-02       2.380917192643e+04 
       1.331087040508e-02       2.385596434701e+04 
       1.344031051414e-02       2.390058343372e+04 
       1.356978682682e-02       2.394305009901e+04 
       1.369929941544e-02       2.398338011865e+04 
       1.382884837617e-02       2.402163253073e+04 
       1.395843382854e-02       2.405780259372e+04 
       1.408805591509e-02       2.409192622988e+04 
       1.421771480096e-02       2.412403387125e+04 
       1.434741067360e-02       2.415414691286e+04 
       1.447714374248e-02       2.418229550356e+04 
       1.460691423876e-02       2.420849052629e+04 
       1.473672241517e-02       2.423277527655e+04 
       1.486656854571e-02       2.425515764467e+04 
       1.499645292553e-02       2.427567112965e+04 
       1.512637587077e-02       2.429434266768e+04 
       1.525633771844e-02       2.431119171241e+04 
       1.538633882632e-02       2.432624313225e+04 
       1.551637957290e-02       2.433951490656e+04 
       1.564646035730e-02       2.435104770922e+04 
       1.577658159930e-02       2.436083222500e+04 
       1.590674373928e-02       2.436893338297e+04 
       1.603694723826e-02       2.437533302109e+04 
       1.616719257793e-02       2.438008710236e+04 
       1.629748026071e-02       2.438319642553e+04 
       1.642781080985e-02       2.438469500612e+04 
       1.655818476947e-02       2.438460781483e+04 
       1.668860270470e-02       2.438293885246e+04 
       1.681906520184e-02       2.437973551917e+04 
       1.694957286847e-02       2.437498463084e+04 
       1.708012633362e-02       2.436874773737e+04 
       1.721072624798e-02       2.436099885050e+04 
       1.734137328408e-02       2.435182420825e+04 
       1.747206813649e-02       2.434119458955e+04 
       1.760281152212e-02       2.432915537442e+04 
       1.773360418039e-02       2.431569646113e+04 
       1.786444687357e-02       2.430086668210e+04 
       1.799534038700e-02       2.428467796996e+04 
       1.812628552945e-02       2.426715860783e+04 
       1.825728313341e-02       2.424830868469e+04 
       1.838833405542e-02       2.422813694568e+04 
       1.851943917644e-02       2.420672243326e+04 
       1.865059940218e-02       2.418403979280e+04 
       1.878181566356e-02       2.416011396930e+04 
       1.891308891703e-02       2.413497899784e+04 
       1.904442014504e-02       2.410862466507e+04 
       1.917581035646e-02       2.408112036773e+04 
       1.930726058705e-02       2.405239876029e+04 
       1.943877189990e-02       2.402258404895e+04 
       1.957034538595e-02       2.399159367375e+04 
       1.970198216452e-02       2.395952623206e+04 
       1.983368338376e-02       2.392638783855e+04 
       1.996545022128e-02       2.389213085254e+04 
       2.009728388467e-02       2.385687300028e+04 
       2.022918561211e-02       2.382056678410e+04 
       2.036115667294e-02       2.378321162846e+04 
       2.049319836834e-02       2.374488621063e+04 
       2.062531203194e-02       2.370555188908e+04 
       2.075749903048e-02       2.366525431763e+04 
       2.088976076456e-02       2.362406754072e+04 
       2.102209866927e-02       2.358186541435e+04 
       2.115451421499e-02       2.353880566214e+04 
       2.128700890815e-02       2.349483893010e+04 
       2.141958429197e-02       2.344997756118e+04 
       2.155224194731e-02       2.340426594382e+04 
       2.168498349348e-02       2.335769227560e+04 
       2.181781058914e-02       2.331027714493e+04 
       2.195072493313e-02       2.326204905476e+04 
       2.208372826544e-02       2.321302698502e+04 
       2.221682236815e-02       2.316325900977e+04 
       2.235000906635e-02       2.311270491567e+04 
       2.248329022924e-02       2.306142340628e+04 
       2.261666777107e-02       2.300935336835e+04 
       2.275014365229e-02       2.295656745896e+04 
       2.288371988058e-02       2.290309096097e+04 
       2.301739851207e-02       2.284893412409e+04 
       2.315118165242e-02       2.279406979625e+04 
       2.328507145812e-02       2.273852478690e+04 
       2.341907013769e-02       2.268235653916e+04 
       2.355317995294e-02       2.262561012303e+04 
       2.368740322038e-02       2.256815029117e+04 
       2.382174231250e-02       2.251015915967e+04 
       2.395619965927e-02       2.245151909268e+04 
       2.409077774951e-02       2.239229967869e+04 
       2.422547913248e-02       2.233255316297e+04 
       2.436030641936e-02       2.227222796483e+04 
       2.449526228492e-02       2.221136184651e+04 
       2.463034946911e-02       2.215001695622e+04 
       2.476557077882e-02       2.208812807654e+04 
       2.490092908963e-02       2.202573939221e+04 
       2.503642734763e-02       2.196287445386e+04 
       2.517206857130e-02       2.189952894641e+04 
       2.530785585345e-02       2.183572890487e+04 
       2.544379236325e-02       2.177149861341e+04 
       2.557988134829e-02       2.170677218550e+04 
       2.571612613674e-02       2.164166098103e+04 
       2.585253013956e-02       2.157615035322e+04 
       2.598909685279e-02       2.151024556271e+04 
       2.612582985993e-02       2.144388606141e+04 
       2.626273283442e-02       2.137721495722e+04 
       2.639980954213e-02       2.131013097255e+04 
       2.653706384402e-02       2.124273523577e+04 
       2.667449969888e-02       2.117494813915e+04 
       2.681212116609e-02       2.110687595686e+04 
       2.694993240860e-02       2.103845487215e+04 
       2.708793769589e-02       2.096973900223e+04 
       2.722614140715e-02       2.090070929603e+04 
       2.736454803451e-02       2.083138734296e+04 
       2.750316218638e-02       2.076174487155e+04 
       2.764198859095e-02       2.069191413448e+04 
       2.778103209981e-02       2.062177272467e+04 
       2.792029769169e-02       2.055138057333e+04 
       2.805979047633e-02       2.048075493128e+04 
       2.819951569856e-02       2.040989550608e+04 
       2.833947874244e-02       2.033882630450e+04 
       2.847968513564e-02       2.026756798606e+04 
       2.862014055396e-02       2.019601433782e+04 
       2.876085082599e-02       2.012432816609e+04 
       2.890182193802e-02       2.005244746817e+04 
       2.904306003911e-02       1.998043060734e+04 
       2.918457144632e-02       1.990816201593e+04 
       2.932636265024e-02       1.983577285845e+04 
       2.946844032069e-02       1.976324717416e+04 
       2.961081131263e-02       1.969054412963e+04 
       2.975348267236e-02       1.961774608296e+04 
       2.989646164397e-02       1.954474839372e+04 
       3.003975567602e-02       1.947161673898e+04 
       3.018337242855e-02       1.939842006447e+04 
       3.032731978037e-02       1.932513806722e+04 
       3.047160583665e-02       1.925173585704e+04 
       3.061623893685e-02       1.917821890260e+04 
       3.076122766301e-02       1.910460063007e+04 
       3.090658084837e-02       1.903094498648e+04 
       3.105230758639e-02       1.895721947637e+04 
       3.119841724021e-02       1.888340848210e+04 
       3.134491945248e-02       1.880948277452e+04 
       3.149182415565e-02       1.873555307657e+04 
       3.163914158278e-02       1.866163287983e+04 
       3.178688227879e-02       1.858753177421e+04 
       3.193505711229e-02       1.851344072011e+04 
       3.208367728793e-02       1.843941420626e+04 
       3.223275435938e-02       1.836525647033e+04 
       3.238230024286e-02       1.829103839132e+04 
       3.253232723147e-02       1.821692839268e+04 
       3.268284801004e-02       1.814279259225e+04 
       3.283387567091e-02       1.806849820396e+04 
       3.298542373034e-02       1.799433341977e+04 
       3.313750614583e-02       1.792015081157e+04 
       3.329013733435e-02       1.784600335516e+04 
       3.344333219145e-02       1.777176503062e+04 
       3.359710611141e-02       1.769761800818e+04 
       3.375147500844e-02       1.762346686562e+04 
       3.390645533900e-02       1.754932232550e+04 
       3.406206412536e-02       1.747523041294e+04 
       3.421831898042e-02       1.740114775220e+04 
       3.437523813388e-02       1.732707334370e+04 
       3.453284045989e-02       1.725309384927e+04 
       3.469114550628e-02       1.717906089098e+04 
       3.485017352539e-02       1.710511852006e+04 
       3.500994550678e-02       1.703128006398e+04 
       3.517048321168e-02       1.695740140947e+04 
       3.533180920967e-02       1.688355583503e+04 
       3.549394691740e-02       1.680978447938e+04 
       3.565692063969e-02       1.673610981399e+04 
       3.582075561314e-02       1.666244100347e+04 
       3.598547805247e-02       1.658877773421e+04 
       3.615111519967e-02       1.651524854215e+04 
       3.631769537636e-02       1.644172387526e+04 
       3.648524803943e-02       1.636826977298e+04 
       3.665380384032e-02       1.629488836313e+04 
       3.682339468819e-02       1.622155942138e+04 
       3.699405381734e-02       1.614829754604e+04 
       3.716581585904e-02       1.607508398780e+04 
       3.733871691848e-02       1.600187726996e+04 
       3.751279465681e-02       1.592878333134e+04 
       3.768808837914e-02       1.585570043784e+04 
       3.786463912867e-02       1.578271710261e+04 
       3.804248978765e-02       1.570979117224e+04 
       3.822168518572e-02       1.563691981842e+04 
       3.840227221630e-02       1.556404483045e+04 
       3.858429996171e-02       1.549126319340e+04 
       3.876781982783e-02       1.541853123227e+04 
       3.895288568925e-02       1.534583415561e+04 
       3.913955404575e-02       1.527316142151e+04 
       3.932788419133e-02       1.520057087863e+04 
       3.951793839690e-02       1.512800453038e+04 
       3.970978210803e-02       1.505546695362e+04 
       3.990348415924e-02       1.498298078806e+04 
       4.009911700644e-02       1.491049182059e+04 
       4.029675697952e-02       1.483804688486e+04 
       4.049648455707e-02       1.476564643957e+04 
       4.069838466557e-02       1.469322232784e+04 
       4.090254700585e-02       1.462080305966e+04 
       4.110906640959e-02       1.454844105293e+04 
       4.131804322943e-02       1.447600483329e+04 
       4.152958376624e-02       1.440362098172e+04 
       4.174380073821e-02       1.433120761705e+04 
       4.196081379629e-02       1.425874471281e+04 
       4.218075009186e-02       1.418623909022e+04 
       4.240374490279e-02       1.411370026865e+04 
       4.262994232524e-02       1.404114947406e+04 
       4.285949603960e-02       1.396852301759e+04 
       4.309257016004e-02       1.389586994564e+04 
       4.332934017879e-02       1.382308023166e+04 
       4.356999401785e-02       1.375015548638e+04 
       4.381473320296e-02       1.367716281863e+04 
       4.406377417690e-02       1.360408233221e+04 
       4.431734977219e-02       1.353084079888e+04 
       4.457571086645e-02       1.345745371373e+04 
       4.483912824783e-02       1.338387588274e+04 
       4.510789472262e-02       1.331016912633e+04 
       4.538232750299e-02       1.323624413035e+04 
       4.566277091982e-02       1.316205012429e+04 
       4.594959951380e-02       1.308763730040e+04 
       4.624322156851e-02       1.301294164875e+04 
       4.654408316148e-02       1.293796939119e+04 
       4.685267282458e-02       1.286263724441e+04 
       4.716952692404e-02       1.278694578862e+04 
       4.749523589341e-02       1.271084385648e+04 
       4.783045148179e-02       1.263433640414e+04 
       4.817589521555e-02       1.255731697670e+04 
       4.853236831645e-02       1.247976710863e+04 
       4.890076337561e-02       1.240166181706e+04 
       4.928207815378e-02       1.232291736820e+04 
       4.967743196795e-02       1.224345269938e+04 
       5.008808523867e-02       1.216315657761e+04 
       5.051546291714e-02       1.208205155260e+04 
       5.096118269615e-02       1.200002057514e+04 
       5.142708914440e-02       1.191688378552e+04 
       5.191529520355e-02       1.183248559850e+04 
       5.242823286707e-02       1.174679515748e+04 
       5.296871533644e-02       1.165950674926e+04 
       5.354001353774e-02       1.157046768074e+04 
       5.414595058486e-02       1.147942208150e+04 
       5.479101857055e-02       1.138600917994e+04 
       5.548052286718e-02       1.128983720772e+04 
       5.622075970416e-02       1.119039660302e+04 
       5.701923266497e-02       1.108698120578e+04 
       5.788491188883e-02       1.097881252232e+04 
       5.882853415619e-02       1.086477186659e+04 
       5.986292893065e-02       1.074327249145e+04 
       6.100332833054e-02       1.061239679964e+04 
       6.226756799837e-02       1.046948599591e+04 
       6.367599955089e-02       1.031089970453e+04 
       6.525081177799e-02       1.013189930719e+04 
       6.701433611165e-02       9.926454067635e+03 
       6.898593070754e-02       9.687471029259e+03 
       7.117746822421e-02       9.407598752688e+03 
       7.358851291775e-02       9.080976812165e+03 
       7.620353313498e-02       8.705723975146e+03 
       7.899349543061e-02       8.286123979238e+03 
       8.192185468722e-02       7.833316164824e+03 
       8.495198829996e-02       7.363843644115e+03 
       8.805262802674e-02       6.896613409430e+03 
       9.119997521769e-02       6.449780446012e+03 
       9.437731065379e-02       6.038263187997e+03 
       9.757350354155e-02       5.672339656556e+03 
       1.007813980437e-01       5.357325992368e+03 
       1.039964945630e-01       5.093912386551e+03 
       1.072160025067e-01       4.878750439192e+03 
       1.104382057692e-01       4.705529082697e+03 
       1.136620543889e-01       4.565799418549e+03 
       1.168869078902e-01       4.449958196930e+03 
       1.201123762223e-01       4.348115896829e+03 
       1.233382220133e-01       4.250955592959e+03 
       1.265643008086e-01       4.150547964632e+03 
       1.297905246447e-01       4.040987638507e+03 
       1.330168398874e-01       3.918822101822e+03 
       1.362432137621e-01       3.783164900053e+03 
       1.394696261730e-01       3.635489234743e+03 
       1.426960647349e-01       3.479148382076e+03 
       1.459225217568e-01       3.318717902869e+03 
       1.491489924105e-01       3.159279581931e+03 
       1.523754736172e-01       3.005763381634e+03 
       1.556019633716e-01       2.862405963993e+03 
       1.588284603304e-01       2.732379695693e+03 
       1.620549635615e-01       2.617618217751e+03 
       1.652814723911e-01       2.518766841528e+03 
       1.685079863103e-01       2.435285459074e+03 
       1.717345049173e-01       2.365627929918e+03 
       1.749610278823e-01       2.307475334267e+03 
       1.781875549247e-01       2.258020853683e+03 
       1.814140858000e-01       2.214238848783e+03 
       1.846406202901e-01       2.173462812276e+03 
       1.878671581978e-01       2.133022360344e+03 
       1.910936993428e-01       2.090345601395e+03 
       1.943202435592e-01       2.043880111570e+03 
       1.975467906930e-01       1.992876615307e+03 
       2.007733406013e-01       1.937374012270e+03 
       2.039998931506e-01       1.878122652476e+03 
       2.072264482162e-01       1.816398843621e+03 
       2.104530056810e-01       1.753760706120e+03 
       2.136795654355e-01       1.691820190542e+03 
       2.169061273767e-01       1.632055666773e+03 
       2.201326914075e-01       1.575709758639e+03 
       2.233592574367e-01       1.523678041821e+03 
       2.265858253784e-01       1.476520311587e+03 
       2.298123951514e-01       1.434442026873e+03 
       2.330389666792e-01       1.397319379493e+03 
       2.362655398893e-01       1.364723320223e+03 
       2.394921147132e-01       1.335976923646e+03 
       2.427186910863e-01       1.310216374554e+03 
       2.459452689471e-01       1.286491416857e+03 
       2.491718482374e-01       1.263849990916e+03 
       2.523984289022e-01       1.241446178301e+03 
       2.556250108890e-01       1.218599908236e+03 
       2.588515941480e-01       1.194842850341e+03 
       2.620781786321e-01       1.169929869126e+03 
       2.653047642962e-01       1.143814896126e+03 
       2.685313510975e-01       1.116664092793e+03 
       2.717579389954e-01       1.088758973230e+03 
       2.749845279509e-01       1.060553411558e+03 
       2.782111179270e-01       1.032524252140e+03 
       2.814377088886e-01       1.005159154057e+03 
       2.846643008018e-01       9.789137834018e+02 
       2.878908936345e-01       9.541447084747e+02 
       2.911174873559e-01       9.310792824979e+02 
       2.943440819367e-01       9.098059085795e+02 
       2.975706773488e-01       8.902886005781e+02 
       3.007972735652e-01       8.723856950110e+02 
       3.040238705602e-01       8.558786928507e+02 
       3.072504683092e-01       8.405063288588e+02 
       3.104770667886e-01       8.259832742562e+02 
       3.137036659756e-01       8.120225985199e+02 
       3.169302658486e-01       7.983566049619e+02 
       3.201568663866e-01       7.847563946386e+02 
       3.233834675698e-01       7.710419219439e+02 
       3.266100693789e-01       7.571077992828e+02 
       3.298366717955e-01       7.429109751432e+02 
       3.330632748017e-01       7.284930267538e+02 
       3.362898783806e-01       7.139439380715e+02 
       3.395164825157e-01       6.993889474314e+02 
       3.427430871912e-01       6.849681807374e+02 
       3.459696923921e-01       6.708222681151e+02 
       3.491962981035e-01       6.570806716780e+02 
       3.524229043115e-01       6.438379716608e+02 
       3.556495110025e-01       6.311860691560e+02 
       3.588761181634e-01       6.191653256270e+02 
       3.621027257816e-01       6.077952840826e+02 
       3.653293338448e-01       5.970495092457e+02 
       3.685559423414e-01       5.868784078118e+02 
       3.717825512601e-01       5.771974300019e+02 
       3.750091605898e-01       5.679077630454e+02 
       3.782357703200e-01       5.589114437781e+02 
       3.814623804406e-01       5.501186069789e+02 
       3.846889909416e-01       5.414600431681e+02 
       3.879156018136e-01       5.328761107081e+02 
       3.911422130472e-01       5.243301057408e+02 
       3.943688246336e-01       5.158152348398e+02 
       3.975954365642e-01       5.073168129423e+02 
       4.008220488307e-01       4.988542932909e+02 
       4.040486614248e-01       4.904536357476e+02 
       4.072752743389e-01       4.821474614081e+02 
       4.105018875654e-01       4.739645346678e+02 
       4.137285010968e-01       4.659602240122e+02 
       4.169551149262e-01       4.581683840996e+02 
       4.201817290466e-01       4.506100895169e+02 
       4.234083434513e-01       4.432959803841e+02 
       4.266349581339e-01       4.362275091192e+02 
       4.298615730881e-01       4.294057357840e+02 
       4.330881883077e-01       4.228109074684e+02 
       4.363148037870e-01       4.164353386429e+02 
       4.395414195200e-01       4.102656041205e+02 
       4.427680355014e-01       4.042665425277e+02 
       4.459946517256e-01       3.984248190494e+02 
       4.492212681874e-01       3.927048973195e+02 
       4.524478848817e-01       3.870827923206e+02 
       4.556745018036e-01       3.815431698307e+02 
       4.589011189483e-01       3.760679659341e+02 
       4.621277363109e-01       3.706458351143e+02 
       4.653543538871e-01       3.652819398036e+02 
       4.685809716724e-01       3.599856292404e+02 
       4.718075896624e-01       3.547533245396e+02 
       4.750342078530e-01       3.495988257894e+02 
       4.782608262401e-01       3.445209071539e+02 
       4.814874448198e-01       3.395358918551e+02 
       4.847140635882e-01       3.346540538432e+02 
       4.879406825415e-01       3.298838442018e+02 
       4.911673016761e-01       3.252354240253e+02 
       4.943939209884e-01       3.207122566950e+02 
       4.976205404749e-01       3.163056210755e+02 
       5.008471601324e-01       3.120235296533e+02 
       5.040737799574e-01       3.078427448793e+02 
       5.073003999467e-01       3.037598751862e+02 
       5.105270200974e-01       2.997616962310e+02 
       5.137536404062e-01       2.958396908331e+02 
       5.169802608702e-01       2.919917908637e+02 
       5.202068814866e-01       2.882029178286e+02 
       5.234335022525e-01       2.844778994416e+02 
       5.266601231651e-01       2.807981555800e+02 
       5.298867442218e-01       2.771697408282e+02 
       5.331133654199e-01       2.735876342682e+02 
       5.363399867569e-01       2.700543173126e+02 
       5.395666082303e-01       2.665742856710e+02 
       5.427932298376e-01       2.631482189550e+02 
       5.460198515765e-01       2.597827237194e+02 
       5.492464734445e-01       2.564828248107e+02 
       5.524730954396e-01       2.532435454333e+02 
       5.556997175594e-01       2.500655773226e+02 
       5.589263398018e-01       2.469518516711e+02 
       5.621529621646e-01       2.438963326871e+02 
       5.653795846458e-01       2.408992841554e+02 
       5.686062072434e-01       2.379623188441e+02 
       5.718328299554e-01       2.350851886523e+02 
       5.750594527798e-01       2.322607047160e+02 
       5.782860757148e-01       2.294891548415e+02 
       5.815126987586e-01       2.267594250141e+02 
       5.847393219092e-01       2.240769715844e+02 
       5.879659451651e-01       2.214333819433e+02 
       5.911925685243e-01       2.188313932783e+02 
       5.944191919853e-01       2.162666048849e+02 
       5.976458155464e-01       2.137450564519e+02 
       6.008724392060e-01       2.112588938059e+02 
       6.040990629624e-01       2.088098322645e+02 
       6.073256868142e-01       2.063959613539e+02 
       6.105523107599e-01       2.040169715760e+02 
       6.137789347978e-01       2.016736936767e+02 
       6.170055589267e-01       1.993677976650e+02 
       6.202321831450e-01       1.971000580369e+02 
       6.234588074515e-01       1.948712796192e+02 
       6.266854318446e-01       1.926801782943e+02 
       6.299120563231e-01       1.905275584259e+02 
       6.331386808857e-01       1.884090994109e+02 
       6.363653055310e-01       1.863241078674e+02 
       6.395919302579e-01       1.842737788802e+02 
       6.428185550651e-01       1.822555679856e+02 
       6.460451799514e-01       1.802690204357e+02 
       6.492718049156e-01       1.783155265796e+02 
       6.524984299565e-01       1.763913600006e+02 
       6.557250550731e-01       1.744955136238e+02 
       6.589516802642e-01       1.726255433614e+02 
       6.621783055286e-01       1.707820981103e+02 
       6.654049308655e-01       1.689631530756e+02 
       6.686315562736e-01       1.671712007142e+02 
       6.718581817519e-01       1.654050638425e+02 
       6.750848072996e-01       1.636662403806e+02 
       6.783114329154e-01       1.619507365233e+02 
       6.815380585986e-01       1.602611447000e+02 
       6.847646843481e-01       1.585970294686e+02 
       6.879913101631e-01       1.569535757160e+02 
       6.912179360424e-01       1.553336451990e+02 
       6.944445619854e-01       1.537377129424e+02 
       6.976711879911e-01       1.521670415787e+02 
       7.008978140586e-01       1.506216478740e+02 
       7.041244401871e-01       1.490941801079e+02 
       7.073510663757e-01       1.475954315401e+02 
       7.105776926236e-01       1.461144519312e+02 
       7.138043189301e-01       1.446528046187e+02 
       7.170309452943e-01       1.432121478612e+02 
       7.202575717154e-01       1.417911549055e+02 
       7.234841981927e-01       1.403905117369e+02 
       7.267108247254e-01       1.390094615655e+02 
       7.299374513129e-01       1.376481382158e+02 
       7.331640779543e-01       1.363039969433e+02 
       7.363907046489e-01       1.349770127173e+02 
       7.396173313962e-01       1.336679305256e+02 
       7.428439581953e-01       1.323751981859e+02 
       7.460705850455e-01       1.311010506410e+02 
       7.492972119464e-01       1.298425303161e+02 
       7.525238388971e-01       1.286027220378e+02 
       7.557504658971e-01       1.273798076283e+02 
       8.253927889326e-01       1.045084903382e+02 
       9.259282265721e-01       8.051185176460e+01 
       1.085451672864e+00       5.585884984331e+01 
       1.338300067601e+00       3.423333381688e+01 
       1.682427578669e+00       1.985898291023e+01 
       2.118008463372e+00       1.137857681164e+01 
       2.666414531553e+00       6.465993076260e+00 
       3.356817012081e+00       3.647334768825e+00 
       4.225982239251e+00       2.043419619335e+00 
       5.320196430784e+00       1.137875366279e+00 
       6.697730482451e+00       6.299821386776e-01 
       8.431943105706e+00       3.469757836268e-01 
       1.061518744658e+01       1.901764146040e-01 
       1.336372922745e+01       1.037634213231e-01 
       1.682393832078e+01       5.635405877281e-02 
       2.118008347848e+01       3.047274943760e-02 
       2.666414531498e+01       1.640177594176e-02 
       3.356817012081e+01       8.780722475092e-03 
       4.225982239251e+01       4.676675347236e-03 
       5.320196430784e+01       2.468049389986e-03 
       6.697730482451e+01       1.297010804777e-03 
       8.431943105706e+01       6.605739032993e-04 
       1.061518744658e+02       3.307293413435e-04 
       1.336372922745e+02       1.590544476193e-04 
       1.682393832078e+02       7.227967870389e-05 
       2.118008347848e+02       2.965012371388e-05 
       2.666414531498e+02       1.059030300067e-05 
       3.356817012081e+02       2.935420689794e-06 
       4.225982239251e+02       6.247838638099e-07 
       5.320196430784e+02       7.941941059490e-08 
       6.697730482451e+02       2.819733194223e-09 
       8.431943105706e+02       2.662757284606e-10 
       1.061518744658e+03       1.424107336471e-11 
