# Matter power spectrum P(k) at redshift z=0
# for k=1.04891e-05 to 1061.52 h/Mpc,
# number of wavenumbers equal to 632
#    1:k (h/Mpc)              2:P (Mpc/h)^3        
       1.048912248166e-05       4.733716330631e+01 
       2.342123673218e-05       1.028547368566e+02 
       3.639918427607e-05       1.574698344759e+02 
       4.945816196610e-05       2.117443974475e+02 
       6.263395335057e-05       2.660029211226e+02 
       7.596325027502e-05       3.204914938671e+02 
       8.948398484484e-05       3.754224791708e+02 
       1.032356761962e-04       4.309928671154e+02 
       1.172597965566e-04       4.873937634054e+02 
       1.316001611106e-04       5.448161724224e+02 
       1.463033461901e-04       6.034550580244e+02 
       1.614191402443e-04       6.635125456634e+02 
       1.770010318550e-04       7.252006793763e+02 
       1.931067386694e-04       7.887439751416e+02 
       2.097987804306e-04       8.543818722777e+02 
       2.271450981478e-04       9.223711756030e+02 
       2.452197196934e-04       9.929885169999e+02 
       2.641034695119e-04       1.066532861594e+03 
       2.838847163818e-04       1.143327971086e+03 
       3.046601479538e-04       1.223724865448e+03 
       3.265355536852e-04       1.308104218200e+03 
       3.496265883950e-04       1.396878387654e+03 
       3.740594765822e-04       1.490493184689e+03 
       3.999716026318e-04       1.589428892075e+03 
       4.275119141420e-04       1.694200469797e+03 
       4.568410454389e-04       1.805356443074e+03 
       4.881310474159e-04       1.923476030279e+03 
       5.215645909123e-04       2.049164222100e+03 
       5.573334983782e-04       2.183044034196e+03 
       5.956364588204e-04       2.325745732348e+03 
       6.366758017875e-04       2.477892356026e+03 
       6.806532556320e-04       2.640082027873e+03 
       7.277646998153e-04       2.812866318854e+03 
       7.781940416440e-04       2.996726436877e+03 
       8.321064963274e-04       3.192047763902e+03 
       8.896417052244e-04       3.399094910452e+03 
       9.509072583145e-04       3.617989532163e+03 
       1.015973254781e-03       3.848693197499e+03 
       1.084868506697e-03       4.090997562598e+03 
       1.157578850618e-03       4.344523774031e+03 
       1.234047795117e-03       4.608730956908e+03 
       1.314179443388e-03       4.882933652582e+03 
       1.397843351168e-03       5.166327219908e+03 
       1.484880771126e-03       5.458015839302e+03 
       1.575111633376e-03       5.757044443346e+03 
       1.668341624027e-03       6.062428684527e+03 
       1.764368827052e-03       6.373181225453e+03 
       1.862989550350e-03       6.688335744520e+03 
       1.964003124308e-03       7.006964073869e+03 
       2.067215609352e-03       7.328189879502e+03 
       2.172442460936e-03       7.651198458792e+03 
       2.279510271666e-03       7.975239813308e+03 
       2.388257745409e-03       8.299632729035e+03 
       2.498536065948e-03       8.623762275755e+03 
       2.610208812494e-03       8.947078606141e+03 
       2.723151554352e-03       9.269092883058e+03 
       2.837251233317e-03       9.589373332865e+03 
       2.952405418811e-03       9.907539041200e+03 
       3.068521499650e-03       1.022325847651e+04 
       3.185515858544e-03       1.053624027319e+04 
       3.303313061142e-03       1.084623404694e+04 
       3.421845080450e-03       1.115302228388e+04 
       3.541050569216e-03       1.145641676793e+04 
       3.660874186913e-03       1.175626123738e+04 
       3.781265983829e-03       1.205241392609e+04 
       3.902180841883e-03       1.234476948058e+04 
       4.023577970036e-03       1.263322519046e+04 
       4.145420451035e-03       1.291770272851e+04 
       4.267674835636e-03       1.319814162976e+04 
       4.390310780247e-03       1.347448803743e+04 
       4.513300723890e-03       1.374670448796e+04 
       4.636619600558e-03       1.401475887285e+04 
       4.760244583253e-03       1.427862255556e+04 
       4.884154856284e-03       1.453829110488e+04 
       5.008331412695e-03       1.479375797496e+04 
       5.132756873999e-03       1.504507419515e+04 
       5.257415329686e-03       1.529214973717e+04 
       5.382292194236e-03       1.553502238210e+04 
       5.507374079623e-03       1.577378037386e+04 
       5.632648681537e-03       1.600831334235e+04 
       5.758104677739e-03       1.623879031447e+04 
       5.883731637160e-03       1.646513348440e+04 
       6.009519938515e-03       1.668737483922e+04 
       6.135460697358e-03       1.690552658373e+04 
       6.261545700611e-03       1.711969366387e+04 
       6.387767347742e-03       1.732983101371e+04 
       6.514118597847e-03       1.753601920296e+04 
       6.640592921982e-03       1.773824967267e+04 
       6.767184260174e-03       1.793660614117e+04 
       6.893886982599e-03       1.813109926842e+04 
       7.020695854488e-03       1.832175306340e+04 
       7.147606004355e-03       1.850860402398e+04 
       7.274612895203e-03       1.869172110343e+04 
       7.401712298396e-03       1.887110934902e+04 
       7.528900269922e-03       1.904682418528e+04 
       7.656173128804e-03       1.921888997371e+04 
       7.783527437441e-03       1.938735856926e+04 
       7.910959983686e-03       1.955226154951e+04 
       8.038467764490e-03       1.971364102213e+04 
       8.166047970965e-03       1.987153200741e+04 
       8.293697974712e-03       2.002596455331e+04 
       8.421415315313e-03       2.017699441779e+04 
       8.549197688868e-03       2.032465518466e+04 
       8.677042937476e-03       2.046897455672e+04 
       8.804949039577e-03       2.061000019694e+04 
       8.932914101079e-03       2.074776752733e+04 
       9.060936347191e-03       2.088230558620e+04 
       9.189014114910e-03       2.101366316858e+04 
       9.317145846091e-03       2.114186725797e+04 
       9.445330081062e-03       2.126695648672e+04 
       9.573565452726e-03       2.138896640060e+04 
       9.701850681118e-03       2.150793325708e+04 
       9.830184568373e-03       2.162388658381e+04 
       9.958565994065e-03       2.173686570155e+04 
       1.008699391090e-02       2.184690486766e+04 
       1.021546734074e-02       2.195404057908e+04 
       1.034398537088e-02       2.205830279269e+04 
       1.047254715063e-02       2.215972050595e+04 
       1.060115188814e-02       2.225833749555e+04 
       1.072979884744e-02       2.235417967263e+04 
       1.085848734570e-02       2.244727887590e+04 
       1.098721675069e-02       2.253767539146e+04 
       1.111598647840e-02       2.262539141191e+04 
       1.124479599086e-02       2.271046568769e+04 
       1.137364479406e-02       2.279291707106e+04 
       1.150253243611e-02       2.287280021219e+04 
       1.163145850540e-02       2.295011995496e+04 
       1.176042262900e-02       2.302492460574e+04 
       1.188942447111e-02       2.309723915282e+04 
       1.201846373165e-02       2.316708739199e+04 
       1.214754014495e-02       2.323450740732e+04 
       1.227665347847e-02       2.329951629823e+04 
       1.240580353170e-02       2.336215040083e+04 
       1.253499013509e-02       2.342244572228e+04 
       1.266421314905e-02       2.348041971954e+04 
       1.279347246305e-02       2.353610528161e+04 
       1.292276799476e-02       2.358953763710e+04 
       1.305209968927e-02       2.364074357620e+04 
       1.318146751836e-02       2.368973524149e+04 
       1.331087147984e-02       2.373655680174e+04 
       1.344031159689e-02       2.378121342030e+04 
       1.356978791756e-02       2.382374933997e+04 
       1.369930051417e-02       2.386418793969e+04 
       1.382884948289e-02       2.390255155883e+04 
       1.395843494325e-02       2.393886852569e+04 
       1.408805703779e-02       2.397315734309e+04 
       1.421771593166e-02       2.400545764571e+04 
       1.434741181230e-02       2.403579404200e+04 
       1.447714488917e-02       2.406417057391e+04 
       1.460691539346e-02       2.409063290155e+04 
       1.473672357786e-02       2.411518731730e+04 
       1.486656971640e-02       2.413788754679e+04 
       1.499645410423e-02       2.415873724688e+04 
       1.512637705747e-02       2.417775993102e+04 
       1.525633891315e-02       2.419498020219e+04 
       1.538634002904e-02       2.421042372141e+04 
       1.551638078363e-02       2.422411471977e+04 
       1.564646157605e-02       2.423607059111e+04 
       1.577658282606e-02       2.424632904512e+04 
       1.590674497406e-02       2.425489359014e+04 
       1.603694848105e-02       2.426179967113e+04 
       1.616719382875e-02       2.426706896626e+04 
       1.629748151956e-02       2.427072399624e+04 
       1.642781207673e-02       2.427278210380e+04 
       1.655818604437e-02       2.427326120535e+04 
       1.668860398764e-02       2.427219120952e+04 
       1.681906649282e-02       2.426959130273e+04 
       1.694957416749e-02       2.426548331442e+04 
       1.708012764069e-02       2.425989249913e+04 
       1.721072756310e-02       2.425281982880e+04 
       1.734137460724e-02       2.424433172946e+04 
       1.747206946771e-02       2.423440169057e+04 
       1.760281286140e-02       2.422306049917e+04 
       1.773360552773e-02       2.421033640333e+04 
       1.786444822898e-02       2.419626189531e+04 
       1.799534175048e-02       2.418082122297e+04 
       1.812628690101e-02       2.416406730585e+04 
       1.825728451305e-02       2.414601631950e+04 
       1.838833544314e-02       2.412666221798e+04 
       1.851944057224e-02       2.410604395439e+04 
       1.865060080608e-02       2.408422080778e+04 
       1.878181707555e-02       2.406114397248e+04 
       1.891309033713e-02       2.403684681982e+04 
       1.904442157324e-02       2.401138129882e+04 
       1.917581179278e-02       2.398472925317e+04 
       1.930726203148e-02       2.395692378590e+04 
       1.943877335245e-02       2.392802290676e+04 
       1.957034684664e-02       2.389795446228e+04 
       1.970198363334e-02       2.386681868900e+04 
       1.983368486072e-02       2.383461753163e+04 
       1.996545170639e-02       2.380134074842e+04 
       2.009728537793e-02       2.376703265363e+04 
       2.022918711352e-02       2.373169036440e+04 
       2.036115818252e-02       2.369533410012e+04 
       2.049319988610e-02       2.365798451682e+04 
       2.062531355787e-02       2.361967364201e+04 
       2.075750056460e-02       2.358038990869e+04 
       2.088976230687e-02       2.354019729764e+04 
       2.102210021978e-02       2.349908627737e+04 
       2.115451577371e-02       2.345699474695e+04 
       2.128701047509e-02       2.341406794924e+04 
       2.141958586713e-02       2.337026184145e+04 
       2.155224353070e-02       2.332558983886e+04 
       2.168498508511e-02       2.328009719834e+04 
       2.181781218901e-02       2.323375034207e+04 
       2.195072654125e-02       2.318663397646e+04 
       2.208372988183e-02       2.313870233584e+04 
       2.221682399281e-02       2.308998986488e+04 
       2.235001069930e-02       2.304052232023e+04 
       2.248329187048e-02       2.299030566919e+04 
       2.261666942061e-02       2.293932888786e+04 
       2.275014531014e-02       2.288764833287e+04 
       2.288372154675e-02       2.283527649565e+04 
       2.301740018657e-02       2.278220237242e+04 
       2.315118333527e-02       2.272846008448e+04 
       2.328507314932e-02       2.267401298846e+04 
       2.341907183725e-02       2.261901023882e+04 
       2.355318166088e-02       2.256331651727e+04 
       2.368740493670e-02       2.250700383637e+04 
       2.382174403722e-02       2.245012864885e+04 
       2.395620139240e-02       2.239263703416e+04 
       2.409077949107e-02       2.233450627011e+04 
       2.422548088247e-02       2.227591326273e+04 
       2.436030817780e-02       2.221672905163e+04 
       2.449526405182e-02       2.215694954018e+04 
       2.463035124448e-02       2.209679524366e+04 
       2.476557256268e-02       2.203592401097e+04 
       2.490093088200e-02       2.197472968479e+04 
       2.503642914852e-02       2.191296294847e+04 
       2.517207038072e-02       2.185081590464e+04 
       2.530785767141e-02       2.178803608337e+04 
       2.544379418978e-02       2.172486694540e+04 
       2.557988318340e-02       2.166133283810e+04 
       2.571612798044e-02       2.159730625329e+04 
       2.585253199187e-02       2.153290306695e+04 
       2.598909871373e-02       2.146805482618e+04 
       2.612583172952e-02       2.140280906668e+04 
       2.626273471268e-02       2.133726697775e+04 
       2.639981142907e-02       2.127131279483e+04 
       2.653706573967e-02       2.120498786005e+04 
       2.667450160325e-02       2.113830015102e+04 
       2.681212307920e-02       2.107133330256e+04 
       2.694993433046e-02       2.100397043877e+04 
       2.708793962654e-02       2.093633630193e+04 
       2.722614334661e-02       2.086835621572e+04 
       2.736454998279e-02       2.080013566969e+04 
       2.750316414351e-02       2.073154603720e+04 
       2.764199055695e-02       2.066275399838e+04 
       2.778103407471e-02       2.059367906435e+04 
       2.792029967550e-02       2.052433023235e+04 
       2.805979246908e-02       2.045474743143e+04 
       2.819951770028e-02       2.038488489319e+04 
       2.833948075315e-02       2.031482477071e+04 
       2.847968715538e-02       2.024455802224e+04 
       2.862014258274e-02       2.017408776609e+04 
       2.876085286385e-02       2.010340687677e+04 
       2.890182398499e-02       2.003252056352e+04 
       2.904306209520e-02       1.996144997752e+04 
       2.918457351157e-02       1.989016598852e+04 
       2.932636472469e-02       1.981875540249e+04 
       2.946844240436e-02       1.974719205044e+04 
       2.961081340556e-02       1.967545718804e+04 
       2.975348477458e-02       1.960359404520e+04 
       2.989646375552e-02       1.953151433637e+04 
       3.003975779692e-02       1.945936628534e+04 
       3.018337455885e-02       1.938708492606e+04 
       3.032732192011e-02       1.931472199693e+04 
       3.047160798586e-02       1.924221000663e+04 
       3.061624109557e-02       1.916959696924e+04 
       3.076122983128e-02       1.909692076452e+04 
       3.090658302622e-02       1.902407676587e+04 
       3.105230977388e-02       1.895116015698e+04 
       3.119841943738e-02       1.887822835418e+04 
       3.134492165936e-02       1.880521345974e+04 
       3.149182637230e-02       1.873208547575e+04 
       3.163914380924e-02       1.865888988376e+04 
       3.178688451511e-02       1.858566888496e+04 
       3.193505935852e-02       1.851246511923e+04 
       3.208367954413e-02       1.843906490727e+04 
       3.223275662559e-02       1.836572044621e+04 
       3.238230251914e-02       1.829240366930e+04 
       3.253232951787e-02       1.821895988792e+04 
       3.268285030663e-02       1.814555512873e+04 
       3.283387797774e-02       1.807208221236e+04 
       3.298542604746e-02       1.799855401305e+04 
       3.313750847332e-02       1.792511443779e+04 
       3.329013967226e-02       1.785159367951e+04 
       3.344333453986e-02       1.777811886757e+04 
       3.359710847038e-02       1.770464534218e+04 
       3.375147737804e-02       1.763115853640e+04 
       3.390645771931e-02       1.755759329941e+04 
       3.406206651645e-02       1.748416026575e+04 
       3.421832138237e-02       1.741071614550e+04 
       3.437524054676e-02       1.733726053409e+04 
       3.453284288379e-02       1.726381950855e+04 
       3.469114794128e-02       1.719042971632e+04 
       3.485017597159e-02       1.711701829803e+04 
       3.500994796425e-02       1.704366144197e+04 
       3.517048568053e-02       1.697034446852e+04 
       3.533181169000e-02       1.689707536485e+04 
       3.549394940930e-02       1.682379492243e+04 
       3.565692314326e-02       1.675054685468e+04 
       3.582075812849e-02       1.667739370674e+04 
       3.598548057971e-02       1.660426165342e+04 
       3.615111773892e-02       1.653112024363e+04 
       3.631769792774e-02       1.645804116399e+04 
       3.648525060305e-02       1.638498384311e+04 
       3.665380641632e-02       1.631203905050e+04 
       3.682339727670e-02       1.623908173577e+04 
       3.699405641849e-02       1.616616724811e+04 
       3.716581847298e-02       1.609330556104e+04 
       3.733871954535e-02       1.602045121560e+04 
       3.751279729677e-02       1.594763704797e+04 
       3.768809103235e-02       1.587490684597e+04 
       3.786464179529e-02       1.580219813773e+04 
       3.804249246785e-02       1.572954092334e+04 
       3.822168787968e-02       1.565688809626e+04 
       3.840227492421e-02       1.558428283193e+04 
       3.858430268376e-02       1.551175537423e+04 
       3.876782256423e-02       1.543918727666e+04 
       3.895288844021e-02       1.536669918155e+04 
       3.913955681148e-02       1.529420100413e+04 
       3.932788697207e-02       1.522175272667e+04 
       3.951794119288e-02       1.514927320848e+04 
       3.970978491951e-02       1.507684606996e+04 
       3.990348698648e-02       1.500442988905e+04 
       4.009911984972e-02       1.493202225079e+04 
       4.029675983913e-02       1.485960062943e+04 
       4.049648743330e-02       1.478721054247e+04 
       4.069838755875e-02       1.471480608614e+04 
       4.090254991630e-02       1.464236098946e+04 
       4.110906933768e-02       1.456989247888e+04 
       4.131804617551e-02       1.449744207413e+04 
       4.152958673071e-02       1.442492794424e+04 
       4.174380372147e-02       1.435238832133e+04 
       4.196081679879e-02       1.427977357430e+04 
       4.218075311405e-02       1.420712051674e+04 
       4.240374794514e-02       1.413443543803e+04 
       4.262994538826e-02       1.406159268277e+04 
       4.285949912384e-02       1.398870393608e+04 
       4.309257326608e-02       1.391576296029e+04 
       4.332934330724e-02       1.384262592429e+04 
       4.356999716935e-02       1.376939426869e+04 
       4.381473637821e-02       1.369605071822e+04 
       4.406377737663e-02       1.362254817080e+04 
       4.431735299720e-02       1.354888598999e+04 
       4.457571411759e-02       1.347504945638e+04 
       4.483913152600e-02       1.340093682727e+04 
       4.510789802879e-02       1.332665546969e+04 
       4.538233083821e-02       1.325210642943e+04 
       4.566277428522e-02       1.317732757029e+04 
       4.594960291060e-02       1.310220938879e+04 
       4.624322499803e-02       1.302684386595e+04 
       4.654408662514e-02       1.295103270149e+04 
       4.685267632396e-02       1.287490539668e+04 
       4.716953046083e-02       1.279832891611e+04 
       4.749523946946e-02       1.272133524371e+04 
       4.783045509915e-02       1.264381736479e+04 
       4.817589887646e-02       1.256577566572e+04 
       4.853237202337e-02       1.248711511318e+04 
       4.890076713128e-02       1.240781327572e+04 
       4.928208196124e-02       1.232783590731e+04 
       4.967743583057e-02       1.224702191173e+04 
       5.008808916023e-02       1.216539562405e+04 
       5.051546690189e-02       1.208279922954e+04 
       5.096118674888e-02       1.199913592094e+04 
       5.142709327054e-02       1.191433401177e+04 
       5.191529940928e-02       1.182818894335e+04 
       5.242823715946e-02       1.174056799397e+04 
       5.296871972362e-02       1.165129714002e+04 
       5.354001802910e-02       1.156010970509e+04 
       5.414595519132e-02       1.146676616689e+04 
       5.479102330488e-02       1.137091928280e+04 
       5.548052774437e-02       1.127216748749e+04 
       5.622076474192e-02       1.116995892191e+04 
       5.701923788431e-02       1.106367286758e+04 
       5.788491731474e-02       1.095244294773e+04 
       5.882853981840e-02       1.083514301786e+04 
       5.986293486450e-02       1.071032090913e+04 
       6.100333457769e-02       1.057600511836e+04 
       6.226757460717e-02       1.042964423920e+04 
       6.367600657586e-02       1.026772661847e+04 
       6.525081927753e-02       1.008566993824e+04 
       6.701434414305e-02       9.877734024730e+03 
       6.898593931850e-02       9.637144317954e+03 
       7.117747744180e-02       9.356987248566e+03 
       7.358852273854e-02       9.031756642991e+03 
       7.620354352227e-02       8.659774859585e+03 
       7.899350632233e-02       8.245269088761e+03 
       8.192186601117e-02       7.798966871045e+03 
       8.495199998850e-02       7.336745395379e+03 
       8.805264002517e-02       6.876749444086e+03 
       9.119998748601e-02       6.436417592573e+03 
       9.437732316469e-02       6.030114945145e+03 
       9.757351627718e-02       5.667826060890e+03 
       1.007814109927e-01       5.354763603596e+03 
       1.039965077184e-01       5.091646148873e+03 
       1.072160158640e-01       4.875382566960e+03 
       1.104382193258e-01       4.699953747683e+03 
       1.136620681432e-01       4.557293322487e+03 
       1.168869218411e-01       4.438186395125e+03 
       1.201123903693e-01       4.333125354893e+03 
       1.233382363559e-01       4.233179734047e+03 
       1.265643153466e-01       4.130674645936e+03 
       1.297905393781e-01       4.019916078834e+03 
       1.330168548160e-01       3.897540623745e+03 
       1.362432288859e-01       3.762615431077e+03 
       1.394696414920e-01       3.616473143259e+03 
       1.426960802489e-01       3.462267202410e+03 
       1.459225374660e-01       3.304304988643e+03 
       1.491490083147e-01       3.147417847652e+03 
       1.523754897165e-01       2.996289703940e+03 
       1.556019796661e-01       2.854980145780e+03 
       1.588284768200e-01       2.726532800604e+03 
       1.620549802461e-01       2.612819037800e+03 
       1.652814892708e-01       2.514475701107e+03 
       1.685080033851e-01       2.431003234036e+03 
       1.717345221872e-01       2.360931014704e+03 
       1.749610453472e-01       2.302051970706e+03 
       1.781875725848e-01       2.251674606128e+03 
       1.814141036552e-01       2.206902689083e+03 
       1.846406383403e-01       2.165181601320e+03 
       1.878671764431e-01       2.123951858991e+03 
       1.910937177832e-01       2.080720790303e+03 
       1.943202621946e-01       2.033991718237e+03 
       1.975468095236e-01       1.983028831268e+03 
       2.007733596270e-01       1.927857723466e+03 
       2.039999123714e-01       1.869172758255e+03 
       2.072264676320e-01       1.808194909227e+03 
       2.104530252919e-01       1.746391697390e+03 
       2.136795852415e-01       1.685306681852e+03 
       2.169061473777e-01       1.626351117139e+03 
       2.201327116036e-01       1.570703988677e+03 
       2.233592778279e-01       1.519226716582e+03 
       2.265858459647e-01       1.472457802292e+03 
       2.298124159328e-01       1.430595141036e+03 
       2.330389876556e-01       1.393530974061e+03 
       2.362655610607e-01       1.360859205804e+03 
       2.394921360798e-01       1.331931777507e+03 
       2.427187126479e-01       1.305925804109e+03 
       2.459452907038e-01       1.281927260779e+03 
       2.491718701892e-01       1.259027601128e+03 
       2.523984510491e-01       1.236410872754e+03 
       2.556250332309e-01       1.213422586761e+03 
       2.588516166851e-01       1.189608469473e+03 
       2.620782013642e-01       1.164721364017e+03 
       2.653047872234e-01       1.138728868400e+03 
       2.685313742198e-01       1.111768345504e+03 
       2.717579623127e-01       1.084128671218e+03 
       2.749845514633e-01       1.056211041245e+03 
       2.782111416345e-01       1.028476748005e+03 
       2.814377327911e-01       1.001403945631e+03 
       2.846643248994e-01       9.754234287006e+02 
       2.878909179272e-01       9.508720449901e+02 
       2.911175118437e-01       9.279728857139e+02 
       2.943441066196e-01       9.068140695763e+02 
       2.975707022267e-01       8.873591811923e+02 
       3.007972986382e-01       8.694702190127e+02 
       3.040238958283e-01       8.529454765270e+02 
       3.072504937724e-01       8.375284947483e+02 
       3.104770924468e-01       8.229482055522e+02 
       3.137036918289e-01       8.089321141885e+02 
       3.169302918969e-01       7.952208550765e+02 
       3.201568926301e-01       7.815923358217e+02 
       3.233834940083e-01       7.678743351897e+02 
       3.266100960125e-01       7.539634918276e+02 
       3.298366986241e-01       7.398187359566e+02 
       3.330633018254e-01       7.254783950916e+02 
       3.362899055993e-01       7.110230309612e+02 
       3.395165099295e-01       6.965761506175e+02 
       3.427431148001e-01       6.822692030395e+02 
       3.459697201961e-01       6.682375125844e+02 
       3.491963261026e-01       6.545971336157e+02 
       3.524229325057e-01       6.414543749680e+02 
       3.556495393917e-01       6.288789649458e+02 
       3.588761467477e-01       6.169211894879e+02 
       3.621027545609e-01       6.055951069456e+02 
       3.653293628192e-01       5.948830482676e+02 
       3.685559715109e-01       5.847287533410e+02 
       3.717825806246e-01       5.750550752253e+02 
       3.750091901494e-01       5.657683410315e+02 
       3.782358000747e-01       5.567725117612e+02 
       3.814624103904e-01       5.479803949748e+02 
       3.846890210865e-01       5.393268903331e+02 
       3.879156321535e-01       5.307528536732e+02 
       3.911422435822e-01       5.222308562270e+02 
       3.943688553637e-01       5.137419034568e+02 
       3.975954674894e-01       5.052820026516e+02 
       4.008220799509e-01       4.968614839753e+02 
       4.040486927401e-01       4.885032001093e+02 
       4.072753058493e-01       4.802418749932e+02 
       4.105019192708e-01       4.721125303344e+02 
       4.137285329973e-01       4.641572060803e+02 
       4.169551470218e-01       4.564083052178e+02 
       4.201817613372e-01       4.488884061902e+02 
       4.234083759370e-01       4.416102387084e+02 
       4.266349908147e-01       4.345752994253e+02 
       4.298616059639e-01       4.277775454222e+02 
       4.330882213786e-01       4.212055230350e+02 
       4.363148370529e-01       4.148492462050e+02 
       4.395414529811e-01       4.086908762203e+02 
       4.427680691575e-01       4.027062917624e+02 
       4.459946855768e-01       3.968745278739e+02 
       4.492213022337e-01       3.911680852021e+02 
       4.524479191231e-01       3.855629524080e+02 
       4.556745362400e-01       3.800367424218e+02 
       4.589011535797e-01       3.745763889994e+02 
       4.621277711375e-01       3.691790069235e+02 
       4.653543889087e-01       3.638380770183e+02 
       4.685810068891e-01       3.585620175160e+02 
       4.718076250742e-01       3.533561510546e+02 
       4.750342434598e-01       3.482227086891e+02 
       4.782608620420e-01       3.431717181977e+02 
       4.814874808168e-01       3.382114335291e+02 
       4.847140997802e-01       3.333530222011e+02 
       4.879407189286e-01       3.286049515893e+02 
       4.911673382583e-01       3.239752191833e+02 
       4.943939577656e-01       3.194699308407e+02 
       4.976205774473e-01       3.150841265676e+02 
       5.008471972997e-01       3.108131018543e+02 
       5.040738173198e-01       3.066464437375e+02 
       5.073004375043e-01       3.025756142536e+02 
       5.105270578500e-01       2.985897755297e+02 
       5.137536783539e-01       2.946814713340e+02 
       5.169802990130e-01       2.908442367643e+02 
       5.202069198244e-01       2.870699483357e+02 
       5.234335407854e-01       2.833553319029e+02 
       5.266601618931e-01       2.796911393528e+02 
       5.298867831448e-01       2.760741050884e+02 
       5.331134045380e-01       2.725083005582e+02 
       5.363400260701e-01       2.689900251423e+02 
       5.395666477385e-01       2.655228466876e+02 
       5.427932695409e-01       2.621133095380e+02 
       5.460198914748e-01       2.587636703363e+02 
       5.492465135380e-01       2.554771250065e+02 
       5.524731357281e-01       2.522509943546e+02 
       5.556997580430e-01       2.490879614684e+02 
       5.589263804804e-01       2.459832732613e+02 
       5.621530030383e-01       2.429395038600e+02 
       5.653796257146e-01       2.399549391565e+02 
       5.686062485072e-01       2.370292553338e+02 
       5.718328714143e-01       2.341605997130e+02 
       5.750594944338e-01       2.313478333050e+02 
       5.782861175639e-01       2.285848549312e+02 
       5.815127408027e-01       2.258665690804e+02 
       5.847393641484e-01       2.231929049468e+02 
       5.879659875993e-01       2.205605338341e+02 
       5.911926111537e-01       2.179675488784e+02 
       5.944192348097e-01       2.154141768049e+02 
       5.976458585659e-01       2.129010086781e+02 
       6.008724824205e-01       2.104244459054e+02 
       6.040991063721e-01       2.079855562976e+02 
       6.073257304189e-01       2.055803370248e+02 
       6.105523545596e-01       2.032115669089e+02 
       6.137789787927e-01       2.008785006465e+02 
       6.170056031166e-01       1.985824638291e+02 
       6.202322275300e-01       1.963238556028e+02 
       6.234588520315e-01       1.941035151331e+02 
       6.266854766197e-01       1.919232325509e+02 
       6.299121012933e-01       1.897754061823e+02 
       6.331387260509e-01       1.876654698142e+02 
       6.363653508913e-01       1.855892455966e+02 
       6.395919758133e-01       1.835460191448e+02 
       6.428186008156e-01       1.815345532827e+02 
       6.460452258969e-01       1.795575608263e+02 
       6.492718510562e-01       1.776097067646e+02 
       6.524984762922e-01       1.756935791667e+02 
       6.557251016038e-01       1.738045951596e+02 
       6.589517269900e-01       1.719423009113e+02 
       6.621783524495e-01       1.701060218721e+02 
       6.654049779814e-01       1.682948527138e+02 
       6.686316035846e-01       1.665093340714e+02 
       6.718582292580e-01       1.647491961123e+02 
       6.750848550007e-01       1.630169476291e+02 
       6.783114808117e-01       1.613089597882e+02 
       6.815381066899e-01       1.596265292138e+02 
       6.847647326345e-01       1.579667220514e+02 
       6.879913586445e-01       1.563314888145e+02 
       6.912179847190e-01       1.547176658787e+02 
       6.944446108570e-01       1.531291258011e+02 
       6.976712370577e-01       1.515637590979e+02 
       7.008978633203e-01       1.500237698451e+02 
       7.041244896439e-01       1.485059529612e+02 
       7.073511160276e-01       1.470107627507e+02 
       7.105777424706e-01       1.455347863257e+02 
       7.138043689721e-01       1.440794901941e+02 
       7.170309955313e-01       1.426432134369e+02 
       7.202576221475e-01       1.412288202383e+02 
       7.234842488199e-01       1.398337382173e+02 
       7.267108755477e-01       1.384590042758e+02 
       7.299375023302e-01       1.371007022493e+02 
       7.331641291667e-01       1.357624680983e+02 
       7.363907560564e-01       1.344417838552e+02 
       7.396173829987e-01       1.331369191240e+02 
       7.428440099929e-01       1.318501113414e+02 
       7.460706370382e-01       1.305782203122e+02 
       7.492972641341e-01       1.293276206264e+02 
       7.525238912799e-01       1.280920590273e+02 
       7.557505184750e-01       1.268713713771e+02 
       8.253928482942e-01       1.040904016830e+02 
       9.259282968621e-01       8.019027430258e+01 
       1.085451761864e+00       5.563284161514e+01 
       1.338300183350e+00       3.409324876899e+01 
       1.682427725149e+00       1.977584551026e+01 
       2.118008647801e+00       1.132914201918e+01 
       2.666414763736e+00       6.436196855109e+00 
       3.356817304381e+00       3.628698186341e+00 
       4.225982607236e+00       2.031431223001e+00 
       5.320196894049e+00       1.129603266993e+00 
       6.697731065667e+00       6.239410918085e-01 
       8.431943839931e+00       3.423264347350e-01 
       1.061518837091e+01       1.864262553377e-01 
       1.336373039112e+01       1.005246426492e-01 
       1.682393978575e+01       5.355973133627e-02 
       2.118008532277e+01       2.803456520001e-02 
       2.666414763681e+01       1.428878806798e-02 
       3.356817304381e+01       6.993197313072e-03 
       4.225982607236e+01       3.211197496002e-03 
       5.320196894049e+01       1.339613715371e-03 
       6.697731065667e+01       4.832538121313e-04 
       8.431943839931e+01       1.423329692750e-04 
       1.061518837091e+02       3.158924216823e-05 
       1.336373039112e+02       4.996935594494e-06 
       1.682393978575e+02       5.018907009591e-07 
       2.118008532277e+02       3.474259458615e-08 
       2.666414763681e+02       1.485528442033e-09 
       3.356817304381e+02       4.805283632880e-11 
       4.225982607236e+02       2.323091246577e-12 
       5.320196894049e+02       5.882287835951e-13 
       6.697731065667e+02       2.999507112441e-13 
       8.431943839931e+02       9.579599955409e-14 
       1.061518837091e+03       1.804416335674e-14 
