# Matter power spectrum P(k) at redshift z=0
# for k=1.04891e-05 to 1061.52 h/Mpc,
# number of wavenumbers equal to 632
#    1:k (h/Mpc)              2:P (Mpc/h)^3        
       1.048912248128e-05       4.733716329651e+01 
       2.342123594997e-05       1.028547336942e+02 
       3.639918270544e-05       1.574698279567e+02 
       4.945815959406e-05       2.117443892103e+02 
       6.263395015756e-05       2.660029063875e+02 
       7.596324623467e-05       3.204914773928e+02 
       8.948397992359e-05       3.754224591631e+02 
       1.032356703528e-04       4.309928432792e+02 
       1.172597897417e-04       4.873937389575e+02 
       1.316001532657e-04       5.448161411842e+02 
       1.463033372471e-04       6.034550230397e+02 
       1.614191301243e-04       6.635125033618e+02 
       1.770010204669e-04       7.252006361506e+02 
       1.931067259090e-04       7.887439244431e+02 
       2.097987661789e-04       8.543818159299e+02 
       2.271450822690e-04       9.223711135884e+02 
       2.452197020333e-04       9.929884518583e+02 
       2.641034498954e-04       1.066532782319e+03 
       2.838846946104e-04       1.143327879141e+03 
       3.046601238031e-04       1.223724771617e+03 
       3.265355269016e-04       1.308104115193e+03 
       3.496265586930e-04       1.396878280816e+03 
       3.740594436408e-04       1.490493060427e+03 
       3.999715660914e-04       1.589428767485e+03 
       4.275118736012e-04       1.694200321632e+03 
       4.568410004521e-04       1.805356270814e+03 
       4.881309974911e-04       1.923475849530e+03 
       5.215645355104e-04       2.049164019749e+03 
       5.573334369134e-04       2.183043806259e+03 
       5.956363906633e-04       2.325745457656e+03 
       6.366757262702e-04       2.477892078023e+03 
       6.806531720558e-04       2.640081719634e+03 
       7.277646074627e-04       2.812865984279e+03 
       7.781939397929e-04       2.996726069766e+03 
       8.321063842684e-04       3.192047361729e+03 
       8.896415822798e-04       3.399094480412e+03 
       9.509071238574e-04       3.617989072991e+03 
       1.015973108254e-03       3.848692709095e+03 
       1.084868347628e-03       4.090997006312e+03 
       1.157578678633e-03       4.344523175259e+03 
       1.234047609941e-03       4.608730290226e+03 
       1.314179244850e-03       4.882933070574e+03 
       1.397843139195e-03       5.166326511944e+03 
       1.484880545734e-03       5.458015084228e+03 
       1.575111394655e-03       5.757043686768e+03 
       1.668341372131e-03       6.062427823541e+03 
       1.764368562180e-03       6.373180378075e+03 
       1.862989272738e-03       6.688334873753e+03 
       1.964002834212e-03       7.006963251371e+03 
       2.067215307041e-03       7.328189077615e+03 
       2.172442146682e-03       7.651197417422e+03 
       2.279509945738e-03       7.975238755540e+03 
       2.388257408069e-03       8.299631728073e+03 
       2.498535717448e-03       8.623761258337e+03 
       2.610208453070e-03       8.947077732728e+03 
       2.723151184227e-03       9.269092075428e+03 
       2.837250852700e-03       9.589372217516e+03 
       2.952405027895e-03       9.907538126042e+03 
       3.068521098615e-03       1.022325668581e+04 
       3.185515447554e-03       1.053623914932e+04 
       3.303312640350e-03       1.084623197894e+04 
       3.421844649996e-03       1.115302114370e+04 
       3.541050129226e-03       1.145641642044e+04 
       3.660873737507e-03       1.175625996902e+04 
       3.781265525114e-03       1.205241524392e+04 
       3.902180373957e-03       1.234476819569e+04 
       4.023577492991e-03       1.263322359831e+04 
       4.145419964954e-03       1.291770202168e+04 
       4.267674340596e-03       1.319814019713e+04 
       4.390310276319e-03       1.347448668001e+04 
       4.513300211138e-03       1.374670223757e+04 
       4.636619079041e-03       1.401475803059e+04 
       4.760244053027e-03       1.427862225559e+04 
       4.884154317399e-03       1.453829094145e+04 
       5.008330865197e-03       1.479375746520e+04 
       5.132756317933e-03       1.504507382133e+04 
       5.257414765092e-03       1.529214792766e+04 
       5.382291621150e-03       1.553502060522e+04 
       5.507373498080e-03       1.577377809019e+04 
       5.632648091568e-03       1.600831284196e+04 
       5.758104079374e-03       1.623878958594e+04 
       5.883731030427e-03       1.646512878196e+04 
       6.009519323440e-03       1.668737417992e+04 
       6.135460073964e-03       1.690552366996e+04 
       6.261545068920e-03       1.711969304848e+04 
       6.387766707775e-03       1.732982991806e+04 
       6.514117949624e-03       1.753601810542e+04 
       6.640592265521e-03       1.773824949838e+04 
       6.767183595491e-03       1.793660587454e+04 
       6.893886309711e-03       1.813109770649e+04 
       7.020695173409e-03       1.832175240408e+04 
       7.147605315099e-03       1.850860357490e+04 
       7.274612197783e-03       1.869171971281e+04 
       7.401711592824e-03       1.887110881359e+04 
       7.528899556210e-03       1.904682256188e+04 
       7.656172406963e-03       1.921889142884e+04 
       7.783526707481e-03       1.938735626110e+04 
       7.910959245616e-03       1.955226262862e+04 
       8.038467018319e-03       1.971364103987e+04 
       8.166047216702e-03       1.987152920356e+04 
       8.293697212363e-03       2.002596151247e+04 
       8.421414544887e-03       2.017699069273e+04 
       8.549196910372e-03       2.032465110759e+04 
       8.677042150916e-03       2.046897670872e+04 
       8.804948244959e-03       2.061000215058e+04 
       8.932913298409e-03       2.074776343711e+04 
       9.060935536475e-03       2.088230564333e+04 
       9.189013296152e-03       2.101365969546e+04 
       9.317145019297e-03       2.114186244556e+04 
       9.445329246235e-03       2.126695189469e+04 
       9.573564609871e-03       2.138896911882e+04 
       9.701849830239e-03       2.150792773200e+04 
       9.830183709473e-03       2.162388475011e+04 
       9.958565127148e-03       2.173686533148e+04 
       1.008699303597e-02       2.184690487968e+04 
       1.021546645780e-02       2.195404193838e+04 
       1.034398447993e-02       2.205829827314e+04 
       1.047254625167e-02       2.215971988628e+04 
       1.060115098118e-02       2.225834245312e+04 
       1.072979793248e-02       2.235417625146e+04 
       1.085848642274e-02       2.244727974744e+04 
       1.098721581973e-02       2.253767213412e+04 
       1.111598553945e-02       2.262538884250e+04 
       1.124479504391e-02       2.271046221418e+04 
       1.137364383912e-02       2.279291793079e+04 
       1.150253147318e-02       2.287279871194e+04 
       1.163145753448e-02       2.295012054825e+04 
       1.176042165008e-02       2.302492687573e+04 
       1.188942348421e-02       2.309723511039e+04 
       1.201846273677e-02       2.316708264202e+04 
       1.214753914207e-02       2.323450101806e+04 
       1.227665246761e-02       2.329950824019e+04 
       1.240580251285e-02       2.336214573045e+04 
       1.253498910825e-02       2.342244442305e+04 
       1.266421211423e-02       2.348042269335e+04 
       1.279347142024e-02       2.353611185994e+04 
       1.292276694396e-02       2.358954163193e+04 
       1.305209863049e-02       2.364074196041e+04 
       1.318146645159e-02       2.368973949260e+04 
       1.331087040508e-02       2.373655269115e+04 
       1.344031051414e-02       2.378121779342e+04 
       1.356978682682e-02       2.382375512501e+04 
       1.369929941544e-02       2.386418114598e+04 
       1.382884837617e-02       2.390255336452e+04 
       1.395843382854e-02       2.393886762530e+04 
       1.408805591509e-02       2.397315952046e+04 
       1.421771480096e-02       2.400545891324e+04 
       1.434741067360e-02       2.403578740678e+04 
       1.447714374248e-02       2.406417446593e+04 
       1.460691423876e-02       2.409063119786e+04 
       1.473672241517e-02       2.411520036688e+04 
       1.486656854571e-02       2.413788979759e+04 
       1.499645292553e-02       2.415873263819e+04 
       1.512637587077e-02       2.417775540810e+04 
       1.525633771844e-02       2.419497762074e+04 
       1.538633882632e-02       2.421042372169e+04 
       1.551637957290e-02       2.422411157772e+04 
       1.564646035730e-02       2.423608126824e+04 
       1.577658159930e-02       2.424632409983e+04 
       1.590674373928e-02       2.425490325183e+04 
       1.603694723826e-02       2.426180167103e+04 
       1.616719257793e-02       2.426707394620e+04 
       1.629748026071e-02       2.427072176593e+04 
       1.642781080985e-02       2.427277783541e+04 
       1.655818476947e-02       2.427326637174e+04 
       1.668860270470e-02       2.427219262966e+04 
       1.681906520184e-02       2.426960180812e+04 
       1.694957286847e-02       2.426548285311e+04 
       1.708012633362e-02       2.425989415997e+04 
       1.721072624798e-02       2.425281167587e+04 
       1.734137328408e-02       2.424431875839e+04 
       1.747206813649e-02       2.423438805293e+04 
       1.760281152212e-02       2.422306304333e+04 
       1.773360418039e-02       2.421033498768e+04 
       1.786444687357e-02       2.419625159703e+04 
       1.799534038700e-02       2.418082421092e+04 
       1.812628552945e-02       2.416408055625e+04 
       1.825728313341e-02       2.414602144094e+04 
       1.838833405542e-02       2.412665595840e+04 
       1.851943917644e-02       2.410606014856e+04 
       1.865059940218e-02       2.408421113694e+04 
       1.878181566356e-02       2.406113193556e+04 
       1.891308891703e-02       2.403685575346e+04 
       1.904442014504e-02       2.401137528681e+04 
       1.917581035646e-02       2.398475499838e+04 
       1.930726058705e-02       2.395693215611e+04 
       1.943877189990e-02       2.392802745514e+04 
       1.957034538595e-02       2.389795919456e+04 
       1.970198216452e-02       2.386682416260e+04 
       1.983368338376e-02       2.383462934328e+04 
       1.996545022128e-02       2.380132800891e+04 
       2.009728388467e-02       2.376703286593e+04 
       2.022918561211e-02       2.373170060616e+04 
       2.036115667294e-02       2.369533003170e+04 
       2.049319836834e-02       2.365799744754e+04 
       2.062531203194e-02       2.361966585505e+04 
       2.075749903048e-02       2.358037868226e+04 
       2.088976076456e-02       2.354020860033e+04 
       2.102209866927e-02       2.349903464239e+04 
       2.115451421499e-02       2.345700719057e+04 
       2.128700890815e-02       2.341408145870e+04 
       2.141958429197e-02       2.337026763466e+04 
       2.155224194731e-02       2.332561013125e+04 
       2.168498349348e-02       2.328009816934e+04 
       2.181781058914e-02       2.323374993365e+04 
       2.195072493313e-02       2.318659445239e+04 
       2.208372826544e-02       2.313865045188e+04 
       2.221682236815e-02       2.308996435343e+04 
       2.235000906635e-02       2.304049703428e+04 
       2.248329022924e-02       2.299030528286e+04 
       2.261666777107e-02       2.293933212808e+04 
       2.275014365229e-02       2.288764642095e+04 
       2.288371988058e-02       2.283527310185e+04 
       2.301739851207e-02       2.278222145261e+04 
       2.315118165242e-02       2.272846667706e+04 
       2.328507145812e-02       2.267403529077e+04 
       2.341907013769e-02       2.261898144025e+04 
       2.355317995294e-02       2.256334977709e+04 
       2.368740322038e-02       2.250701020767e+04 
       2.382174231250e-02       2.245013765909e+04 
       2.395619965927e-02       2.239261974974e+04 
       2.409077774951e-02       2.233452359747e+04 
       2.422547913248e-02       2.227589894169e+04 
       2.436030641936e-02       2.221669757734e+04 
       2.449526228492e-02       2.215695510929e+04 
       2.463034946911e-02       2.209673220977e+04 
       2.476557077882e-02       2.203596608498e+04 
       2.490092908963e-02       2.197469937402e+04 
       2.503642734763e-02       2.191295414408e+04 
       2.517206857130e-02       2.185072894562e+04 
       2.530785585345e-02       2.178804594212e+04 
       2.544379236325e-02       2.172492979280e+04 
       2.557988134829e-02       2.166131821384e+04 
       2.571612613674e-02       2.159731855034e+04 
       2.585253013956e-02       2.153291566055e+04 
       2.598909685279e-02       2.146811588073e+04 
       2.612582985993e-02       2.140285997024e+04 
       2.626273283442e-02       2.133728802837e+04 
       2.639980954213e-02       2.127130072162e+04 
       2.653706384402e-02       2.120499631684e+04 
       2.667449969888e-02       2.113829875985e+04 
       2.681212116609e-02       2.107131004357e+04 
       2.694993240860e-02       2.100396870343e+04 
       2.708793769589e-02       2.093632764173e+04 
       2.722614140715e-02       2.086836966663e+04 
       2.736454803451e-02       2.080011307389e+04 
       2.750316218638e-02       2.073153250428e+04 
       2.764198859095e-02       2.066275510067e+04 
       2.778103209981e-02       2.059366284888e+04 
       2.792029769169e-02       2.052431512134e+04 
       2.805979047633e-02       2.045472636883e+04 
       2.819951569856e-02       2.038489770524e+04 
       2.833947874244e-02       2.031485200282e+04 
       2.847968513564e-02       2.024460947465e+04 
       2.862014055396e-02       2.017406870913e+04 
       2.876085082599e-02       2.010338563362e+04 
       2.890182193802e-02       2.003250064828e+04 
       2.904306003911e-02       1.996146999265e+04 
       2.918457144632e-02       1.989018307103e+04 
       2.932636265024e-02       1.981876616223e+04 
       2.946844032069e-02       1.974720445856e+04 
       2.961081131263e-02       1.967545711591e+04 
       2.975348267236e-02       1.960360619977e+04 
       2.989646164397e-02       1.953154929987e+04 
       3.003975567602e-02       1.945934963026e+04 
       3.018337242855e-02       1.938707305249e+04 
       3.032731978037e-02       1.931470370247e+04 
       3.047160583665e-02       1.924220401203e+04 
       3.061623893685e-02       1.916958104066e+04 
       3.076122766301e-02       1.909684754885e+04 
       3.090658084837e-02       1.902406557556e+04 
       3.105230758639e-02       1.895120263700e+04 
       3.119841724021e-02       1.887824537544e+04 
       3.134491945248e-02       1.880516556334e+04 
       3.149182415565e-02       1.873206848062e+04 
       3.163914158278e-02       1.865896744868e+04 
       3.178688227879e-02       1.858568131897e+04 
       3.193505711229e-02       1.851239136865e+04 
       3.208367728793e-02       1.843915098728e+04 
       3.223275435938e-02       1.836577205670e+04 
       3.238230024286e-02       1.829232375721e+04 
       3.253232723147e-02       1.821896669037e+04 
       3.268284801004e-02       1.814557297172e+04 
       3.283387567091e-02       1.807201329151e+04 
       3.298542373034e-02       1.799856701424e+04 
       3.313750614583e-02       1.792509270901e+04 
       3.329013733435e-02       1.785163917755e+04 
       3.344333219145e-02       1.777808508350e+04 
       3.359710611141e-02       1.770460823242e+04 
       3.375147500844e-02       1.763111553477e+04 
       3.390645533900e-02       1.755761606849e+04 
       3.406206412536e-02       1.748415608042e+04 
       3.421831898042e-02       1.741069300625e+04 
       3.437523813388e-02       1.733722521915e+04 
       3.453284045989e-02       1.726383686259e+04 
       3.469114550628e-02       1.719038403194e+04 
       3.485017352539e-02       1.711700643515e+04 
       3.500994550678e-02       1.704371744116e+04 
       3.517048321168e-02       1.697037630373e+04 
       3.533180920967e-02       1.689705386491e+04 
       3.549394691740e-02       1.682379100801e+04 
       3.565692063969e-02       1.675060938723e+04 
       3.582075561314e-02       1.667741937253e+04 
       3.598547805247e-02       1.660422053359e+04 
       3.615111519967e-02       1.653113955929e+04 
       3.631769537636e-02       1.645804848756e+04 
       3.648524803943e-02       1.638501235621e+04 
       3.665380384032e-02       1.631203295195e+04 
       3.682339468819e-02       1.623909022165e+04 
       3.699405381734e-02       1.616619838838e+04 
       3.716581585904e-02       1.609333767243e+04 
       3.733871691848e-02       1.602047054891e+04 
       3.751279465681e-02       1.594769727607e+04 
       3.768808837914e-02       1.587491915097e+04 
       3.786463912867e-02       1.580222259968e+04 
       3.804248978765e-02       1.572956617189e+04 
       3.822168518572e-02       1.565694703235e+04 
       3.840227221630e-02       1.558430727241e+04 
       3.858429996171e-02       1.551174222143e+04 
       3.876781982783e-02       1.543920859181e+04 
       3.895288568925e-02       1.536669106980e+04 
       3.913955404575e-02       1.529417959559e+04 
       3.932788419133e-02       1.522172996916e+04 
       3.951793839690e-02       1.514928513634e+04 
       3.970978210803e-02       1.507684895561e+04 
       3.990348415924e-02       1.500444351784e+04 
       4.009911700644e-02       1.493201521723e+04 
       4.029675697952e-02       1.485960886299e+04 
       4.049648455707e-02       1.478722545287e+04 
       4.069838466557e-02       1.471479679325e+04 
       4.090254700585e-02       1.464235081132e+04 
       4.110906640959e-02       1.456993746003e+04 
       4.131804322943e-02       1.449742881762e+04 
       4.152958376624e-02       1.442494628074e+04 
       4.174380073821e-02       1.435240939894e+04 
       4.196081379629e-02       1.427980023837e+04 
       4.218075009186e-02       1.420712182887e+04 
       4.240374490279e-02       1.413438376628e+04 
       4.262994232524e-02       1.406160549921e+04 
       4.285949603960e-02       1.398872336923e+04 
       4.309257016004e-02       1.391578473679e+04 
       4.332934017879e-02       1.384268168832e+04 
       4.356999401785e-02       1.376941444778e+04 
       4.381473320296e-02       1.369604570922e+04 
       4.406377417690e-02       1.362255537427e+04 
       4.431734977219e-02       1.354887056265e+04 
       4.457571086645e-02       1.347500476718e+04 
       4.483912824783e-02       1.340091430169e+04 
       4.510789472262e-02       1.332665172497e+04 
       4.538232750299e-02       1.325213352449e+04 
       4.566277091982e-02       1.317730564436e+04 
       4.594959951380e-02       1.310221552596e+04 
       4.624322156851e-02       1.302679913228e+04 
       4.654408316148e-02       1.295105713425e+04 
       4.685267282458e-02       1.287490742586e+04 
       4.716952692404e-02       1.279834619118e+04 
       4.749523589341e-02       1.272132051362e+04 
       4.783045148179e-02       1.264383045010e+04 
       4.817589521555e-02       1.256577025150e+04 
       4.853236831645e-02       1.248711495247e+04 
       4.890076337561e-02       1.240783636239e+04 
       4.928207815378e-02       1.232784648432e+04 
       4.967743196795e-02       1.224706117841e+04 
       5.008808523867e-02       1.216536444390e+04 
       5.051546291714e-02       1.208277144896e+04 
       5.096118269615e-02       1.199915861938e+04 
       5.142708914440e-02       1.191434352390e+04 
       5.191529520355e-02       1.182816275264e+04 
       5.242823286707e-02       1.174057632370e+04 
       5.296871533644e-02       1.165127172567e+04 
       5.354001353774e-02       1.156008893321e+04 
       5.414595058486e-02       1.146676249551e+04 
       5.479101857055e-02       1.137092365828e+04 
       5.548052286718e-02       1.127217289855e+04 
       5.622075970416e-02       1.116999427772e+04 
       5.701923266497e-02       1.106367725555e+04 
       5.788491188883e-02       1.095244521788e+04 
       5.882853415619e-02       1.083518522509e+04 
       5.986292893065e-02       1.071033944126e+04 
       6.100332833054e-02       1.057602627418e+04 
       6.226756799837e-02       1.042966366020e+04 
       6.367599955089e-02       1.026773166063e+04 
       6.525081177799e-02       1.008567667515e+04 
       6.701433611165e-02       9.877732925744e+03 
       6.898593070754e-02       9.637154669919e+03 
       7.117746822421e-02       9.356992816672e+03 
       7.358851291775e-02       9.031755824205e+03 
       7.620353313498e-02       8.659776799285e+03 
       7.899349543061e-02       8.245268045967e+03 
       8.192185468722e-02       7.798965789380e+03 
       8.495198829996e-02       7.336748256453e+03 
       8.805262802674e-02       6.876752835270e+03 
       9.119997521769e-02       6.436420726765e+03 
       9.437731065379e-02       6.030128510251e+03 
       9.757350354155e-02       5.667834753318e+03 
       1.007813980437e-01       5.354751252308e+03 
       1.039964945630e-01       5.091643627250e+03 
       1.072160025067e-01       4.875380249114e+03 
       1.104382057692e-01       4.699958079616e+03 
       1.136620543889e-01       4.557296604534e+03 
       1.168869078902e-01       4.438187763186e+03 
       1.201123762223e-01       4.333134069335e+03 
       1.233382220133e-01       4.233176052204e+03 
       1.265643008086e-01       4.130674347183e+03 
       1.297905246447e-01       4.019918775455e+03 
       1.330168398874e-01       3.897538485468e+03 
       1.362432137621e-01       3.762612630861e+03 
       1.394696261730e-01       3.616476338039e+03 
       1.426960647349e-01       3.462268404905e+03 
       1.459225217568e-01       3.304308656011e+03 
       1.491489924105e-01       3.147418258415e+03 
       1.523754736172e-01       2.996292859862e+03 
       1.556019633716e-01       2.854983300862e+03 
       1.588284603304e-01       2.726536385647e+03 
       1.620549635615e-01       2.612821660342e+03 
       1.652814723911e-01       2.514477449346e+03 
       1.685079863103e-01       2.431004461097e+03 
       1.717345049173e-01       2.360934705171e+03 
       1.749610278823e-01       2.302054182954e+03 
       1.781875549247e-01       2.251676668428e+03 
       1.814140858000e-01       2.206902694866e+03 
       1.846406202901e-01       2.165182549738e+03 
       1.878671581978e-01       2.123951066632e+03 
       1.910936993428e-01       2.080722203316e+03 
       1.943202435592e-01       2.033994168764e+03 
       1.975467906930e-01       1.983033124103e+03 
       2.007733406013e-01       1.927860039812e+03 
       2.039998931506e-01       1.869178427872e+03 
       2.072264482162e-01       1.808197156417e+03 
       2.104530056810e-01       1.746397219086e+03 
       2.136795654355e-01       1.685313212026e+03 
       2.169061273767e-01       1.626354467975e+03 
       2.201326914075e-01       1.570707421481e+03 
       2.233592574367e-01       1.519229262398e+03 
       2.265858253784e-01       1.472458926617e+03 
       2.298123951514e-01       1.430598042141e+03 
       2.330389666792e-01       1.393533928714e+03 
       2.362655398893e-01       1.360860918158e+03 
       2.394921147132e-01       1.331934329899e+03 
       2.427186910863e-01       1.305928178523e+03 
       2.459452689471e-01       1.281931731036e+03 
       2.491718482374e-01       1.259030903240e+03 
       2.523984289022e-01       1.236412592257e+03 
       2.556250108890e-01       1.213421995401e+03 
       2.588515941480e-01       1.189606546357e+03 
       2.620781786321e-01       1.164726731656e+03 
       2.653047642962e-01       1.138732944100e+03 
       2.685313510975e-01       1.111778680872e+03 
       2.717579389954e-01       1.084127680347e+03 
       2.749845279509e-01       1.056210920359e+03 
       2.782111179270e-01       1.028482172276e+03 
       2.814377088886e-01       1.001407413228e+03 
       2.846643008018e-01       9.754235773018e+02 
       2.878908936345e-01       9.508732310172e+02 
       2.911174873559e-01       9.279754584841e+02 
       2.943440819367e-01       9.068157115091e+02 
       2.975706773488e-01       8.873601998158e+02 
       3.007972735652e-01       8.694736818202e+02 
       3.040238705602e-01       8.529471965852e+02 
       3.072504683092e-01       8.375309354894e+02 
       3.104770667886e-01       8.229518244978e+02 
       3.137036659756e-01       8.089348426670e+02 
       3.169302658486e-01       7.952228876352e+02 
       3.201568663866e-01       7.815954543830e+02 
       3.233834675698e-01       7.678783005254e+02 
       3.266100693789e-01       7.539687158564e+02 
       3.298366717955e-01       7.398235178206e+02 
       3.330632748017e-01       7.254812662469e+02 
       3.362898783806e-01       7.110269623675e+02 
       3.395164825157e-01       6.965795341346e+02 
       3.427430871912e-01       6.822722218116e+02 
       3.459696923921e-01       6.682388967369e+02 
       3.491962981035e-01       6.546030418213e+02 
       3.524229043115e-01       6.414546566409e+02 
       3.556495110025e-01       6.288820894549e+02 
       3.588761181634e-01       6.169241484415e+02 
       3.621027257816e-01       6.056001767286e+02 
       3.653293338448e-01       5.948851618422e+02 
       3.685559423414e-01       5.847318388659e+02 
       3.717825512601e-01       5.750590341362e+02 
       3.750091605898e-01       5.657717207525e+02 
       3.782357703200e-01       5.567757050305e+02 
       3.814623804406e-01       5.479846014728e+02 
       3.846889909416e-01       5.393320189516e+02 
       3.879156018136e-01       5.307604188426e+02 
       3.911422130472e-01       5.222342984330e+02 
       3.943688246336e-01       5.137470888829e+02 
       3.975954365642e-01       5.052837318511e+02 
       4.008220488307e-01       4.968624614892e+02 
       4.040486614248e-01       4.885076023130e+02 
       4.072752743389e-01       4.802498466667e+02 
       4.105018875654e-01       4.721160165366e+02 
       4.137285010968e-01       4.641594551396e+02 
       4.169551149262e-01       4.564123820010e+02 
       4.201817290466e-01       4.488947073150e+02 
       4.234083434513e-01       4.416163289768e+02 
       4.266349581339e-01       4.345784858278e+02 
       4.298615730881e-01       4.277823019945e+02 
       4.330881883077e-01       4.212086332388e+02 
       4.363148037870e-01       4.148505229372e+02 
       4.395414195200e-01       4.086954718242e+02 
       4.427680355014e-01       4.027094754568e+02 
       4.459946517256e-01       3.968801640490e+02 
       4.492212681874e-01       3.911730391018e+02 
       4.524478848817e-01       3.855649061978e+02 
       4.556745018036e-01       3.800409658578e+02 
       4.589011189483e-01       3.745834992418e+02 
       4.621277363109e-01       3.691812437971e+02 
       4.653543538871e-01       3.638391345803e+02 
       4.685809716724e-01       3.585661159482e+02 
       4.718075896624e-01       3.533581891080e+02 
       4.750342078530e-01       3.482285446094e+02 
       4.782608262401e-01       3.431754682149e+02 
       4.814874448198e-01       3.382146912461e+02 
       4.847140635882e-01       3.333560133884e+02 
       4.879406825415e-01       3.286075283033e+02 
       4.911673016761e-01       3.239791476134e+02 
       4.943939209884e-01       3.194742423559e+02 
       4.976205404749e-01       3.150842150098e+02 
       5.008471601324e-01       3.108171549590e+02 
       5.040737799574e-01       3.066502108535e+02 
       5.073003999467e-01       3.025802732917e+02 
       5.105270200974e-01       2.985944843439e+02 
       5.137536404062e-01       2.946846396292e+02 
       5.169802608702e-01       2.908489120746e+02 
       5.202068814866e-01       2.870725027801e+02 
       5.234335022525e-01       2.833603131351e+02 
       5.266601231651e-01       2.796939501483e+02 
       5.298867442218e-01       2.760793969189e+02 
       5.331133654199e-01       2.725116048149e+02 
       5.363399867569e-01       2.689929215830e+02 
       5.395666082303e-01       2.655276686365e+02 
       5.427932298376e-01       2.621163688056e+02 
       5.460198515765e-01       2.587654291678e+02 
       5.492464734445e-01       2.554797029154e+02 
       5.524730954396e-01       2.522541430774e+02 
       5.556997175594e-01       2.490893589848e+02 
       5.589263398018e-01       2.459882086553e+02 
       5.621529621646e-01       2.429447063576e+02 
       5.653795846458e-01       2.399591212798e+02 
       5.686062072434e-01       2.370330901236e+02 
       5.718328299554e-01       2.341664418264e+02 
       5.750594527798e-01       2.313520969457e+02 
       5.782860757148e-01       2.285904198316e+02 
       5.815126987586e-01       2.258704452177e+02 
       5.847393219092e-01       2.231976470892e+02 
       5.879659451651e-01       2.205637177553e+02 
       5.911925685243e-01       2.179714014076e+02 
       5.944191919853e-01       2.154163406634e+02 
       5.976458155464e-01       2.129045218753e+02 
       6.008724392060e-01       2.104281269897e+02 
       6.040990629624e-01       2.079888323675e+02 
       6.073256868142e-01       2.055846959412e+02 
       6.105523107599e-01       2.032153708327e+02 
       6.137789347978e-01       2.008816372354e+02 
       6.170055589267e-01       1.985851133039e+02 
       6.202321831450e-01       1.963265326364e+02 
       6.234588074515e-01       1.941066738478e+02 
       6.266854318446e-01       1.919242451666e+02 
       6.299120563231e-01       1.897800394322e+02 
       6.331386808857e-01       1.876697750853e+02 
       6.363653055310e-01       1.855927706805e+02 
       6.395919302579e-01       1.835502325735e+02 
       6.428185550651e-01       1.815396524313e+02 
       6.460451799514e-01       1.795605975172e+02 
       6.492718049156e-01       1.776144636692e+02 
       6.524984299565e-01       1.756975712449e+02 
       6.557250550731e-01       1.738089314693e+02 
       6.589516802642e-01       1.719461247557e+02 
       6.621783055286e-01       1.701097947385e+02 
       6.654049308655e-01       1.682979322950e+02 
       6.686315562736e-01       1.665129996439e+02 
       6.718581817519e-01       1.647538204606e+02 
       6.750848072996e-01       1.630218686558e+02 
       6.783114329154e-01       1.613131682146e+02 
       6.815380585986e-01       1.596302794754e+02 
       6.847646843481e-01       1.579727578752e+02 
       6.879913101631e-01       1.563358162343e+02 
       6.912179360424e-01       1.547222853548e+02 
       6.944445619854e-01       1.531326333461e+02 
       6.976711879911e-01       1.515681096149e+02 
       7.008978140586e-01       1.500287308744e+02 
       7.041244401871e-01       1.485072035527e+02 
       7.073510663757e-01       1.470142416937e+02 
       7.105776926236e-01       1.455389823534e+02 
       7.138043189301e-01       1.440829820418e+02 
       7.170309452943e-01       1.426478896405e+02 
       7.202575717154e-01       1.412323930573e+02 
       7.234841981927e-01       1.398371742894e+02 
       7.267108247254e-01       1.384614854979e+02 
       7.299374513129e-01       1.371054571783e+02 
       7.331640779543e-01       1.357665629040e+02 
       7.363907046489e-01       1.344447757650e+02 
       7.396173313962e-01       1.331408318392e+02 
       7.428439581953e-01       1.318531866740e+02 
       7.460705850455e-01       1.305840534267e+02 
       7.492972119464e-01       1.293304924656e+02 
       7.525238388971e-01       1.280955626392e+02 
       7.557504658971e-01       1.268774557717e+02 
       8.253927889326e-01       1.040957260552e+02 
       9.259282265721e-01       8.019336607738e+01 
       1.085451672864e+00       5.563753721850e+01 
       1.338300067601e+00       3.409753644248e+01 
       1.682427578669e+00       1.978018030512e+01 
       2.118008463372e+00       1.133346168993e+01 
       2.666414531553e+00       6.440412351216e+00 
       3.356817012081e+00       3.632964445271e+00 
       4.225982239251e+00       2.035425499043e+00 
       5.320196430784e+00       1.133475332966e+00 
       6.697730482451e+00       6.275921282887e-01 
       8.431943105706e+00       3.456998886554e-01 
       1.061518744658e+01       1.895123541181e-01 
       1.336372922745e+01       1.034316291443e-01 
       1.682393832078e+01       5.620020412720e-02 
       2.118008347848e+01       3.041214396290e-02 
       2.666414531498e+01       1.638844777402e-02 
       3.356817012081e+01       8.789987420668e-03 
       4.225982239251e+01       4.695475231095e-03 
       5.320196430784e+01       2.489621255315e-03 
       6.697730482451e+01       1.318090559593e-03 
       8.431943105706e+01       6.792744332273e-04 
       1.061518744658e+02       3.464990318597e-04 
       1.336372922745e+02       1.716393419024e-04 
       1.682393832078e+02       8.173801168891e-05 
       2.118008347848e+02       3.611001332618e-05 
       2.666414531498e+02       1.450170298344e-05 
       3.356817012081e+02       4.836507381184e-06 
       4.225982239251e+02       1.377539478162e-06 
       5.320196430784e+02       2.764273588030e-07 
       6.697730482451e+02       1.983052800855e-08 
       8.431943105706e+02       5.136607353207e-09 
       1.061518744658e+03       6.451162222945e-10 
